fichier	leaf	surfaceLeaf	surfaceLesion
Mock_P11_1	1	16302	10672
Mock_P11_1	1	16302	4134
Mock_P11_1	2	292513	52
Mock_P11_1	2	292513	20
Mock_P11_1	2	292513	72
Mock_P11_1	2	292513	136
Mock_P11_1	2	292513	137
Mock_P11_1	2	292513	204
Mock_P11_1	2	292513	115
Mock_P11_1	2	292513	177
Mock_P11_1	2	292513	103
Mock_P11_1	2	292513	78
Mock_P11_1	2	292513	159
Mock_P11_1	2	292513	167
Mock_P11_1	2	292513	101
Mock_P11_1	2	292513	160
Mock_P11_1	2	292513	143
Mock_P11_1	2	292513	101
Mock_P11_1	2	292513	29
Mock_P11_1	2	292513	130
Mock_P11_1	2	292513	56
Mock_P11_1	2	292513	65
Mock_P11_1	2	292513	100
Mock_P11_1	2	292513	12
Mock_P11_1	2	292513	106
Mock_P11_1	2	292513	55
Mock_P11_1	2	292513	154
Mock_P11_1	2	292513	61
Mock_P11_1	2	292513	34
Mock_P11_1	2	292513	116
Mock_P11_1	2	292513	170
Mock_P11_1	2	292513	142
Mock_P11_1	2	292513	15
Mock_P11_1	2	292513	123
Mock_P11_1	2	292513	72
Mock_P11_1	2	292513	162
Mock_P11_1	2	292513	132
Mock_P11_1	2	292513	134
Mock_P11_1	2	292513	40
Mock_P11_1	2	292513	113
Mock_P11_1	2	292513	21
Mock_P11_1	2	292513	118
Mock_P11_1	2	292513	96
Mock_P11_1	2	292513	124
Mock_P11_1	2	292513	17
Mock_P11_1	2	292513	99
Mock_P11_1	2	292513	146
Mock_P11_1	2	292513	116
Mock_P11_1	2	292513	146
Mock_P11_1	2	292513	121
Mock_P11_1	2	292513	96
Mock_P11_1	2	292513	101
Mock_P11_1	2	292513	68
Mock_P11_1	2	292513	95
Mock_P11_1	2	292513	90
Mock_P11_1	2	292513	120
Mock_P11_1	2	292513	90
Mock_P11_1	2	292513	132
Mock_P11_1	2	292513	104
Mock_P11_1	2	292513	58
Mock_P11_1	2	292513	40
Mock_P11_1	2	292513	114
Mock_P11_1	2	292513	65
Mock_P11_1	2	292513	119
Mock_P11_1	2	292513	100
Mock_P11_1	2	292513	147
Mock_P11_1	2	292513	65
Mock_P11_1	2	292513	116
Mock_P11_1	2	292513	47
Mock_P11_1	2	292513	80
Mock_P11_1	2	292513	75
Mock_P11_1	2	292513	127
Mock_P11_1	2	292513	113
Mock_P11_1	2	292513	57
Mock_P11_1	2	292513	35
Mock_P11_1	2	292513	91
Mock_P11_1	2	292513	128
Mock_P11_1	2	292513	138
Mock_P11_1	2	292513	105
Mock_P11_1	2	292513	105
Mock_P11_1	2	292513	83
Mock_P11_1	2	292513	50
Mock_P11_1	2	292513	43
Mock_P11_1	2	292513	59
Mock_P11_1	2	292513	101
Mock_P11_1	2	292513	85
Mock_P11_1	2	292513	100
Mock_P11_1	2	292513	105
Mock_P11_1	2	292513	83
Mock_P11_1	2	292513	39
Mock_P11_1	2	292513	78
Mock_P11_1	2	292513	27
Mock_P11_1	2	292513	89
Mock_P11_1	2	292513	26
Mock_P11_1	3	313503	52
Mock_P11_1	3	313503	143
Mock_P11_1	3	313503	111
Mock_P11_1	3	313503	82
Mock_P11_1	3	313503	77
Mock_P11_1	3	313503	96
Mock_P11_1	3	313503	98
Mock_P11_1	3	313503	119
Mock_P11_1	3	313503	179
Mock_P11_1	3	313503	85
Mock_P11_1	3	313503	161
Mock_P11_1	3	313503	97
Mock_P11_1	3	313503	125
Mock_P11_1	3	313503	78
Mock_P11_1	3	313503	104
Mock_P11_1	3	313503	92
Mock_P11_1	3	313503	467
Mock_P11_1	3	313503	126
Mock_P11_1	3	313503	182
Mock_P11_1	3	313503	108
Mock_P11_1	3	313503	95
Mock_P11_1	3	313503	174
Mock_P11_1	3	313503	96
Mock_P11_1	3	313503	49
Mock_P11_1	3	313503	114
Mock_P11_1	3	313503	86
Mock_P11_1	3	313503	157
Mock_P11_1	3	313503	115
Mock_P11_1	3	313503	123
Mock_P11_1	3	313503	126
Mock_P11_1	3	313503	114
Mock_P11_1	3	313503	38
Mock_P11_1	3	313503	191
Mock_P11_1	3	313503	212
Mock_P11_1	3	313503	86
Mock_P11_1	3	313503	55
Mock_P11_1	3	313503	112
Mock_P11_1	3	313503	163
Mock_P11_1	3	313503	45
Mock_P11_1	3	313503	14
Mock_P11_1	3	313503	106
Mock_P11_1	3	313503	139
Mock_P11_1	3	313503	175
Mock_P11_1	3	313503	20
Mock_P11_1	3	313503	178
Mock_P11_1	3	313503	154
Mock_P11_1	3	313503	108
Mock_P11_1	3	313503	260
Mock_P11_1	3	313503	66
Mock_P11_1	3	313503	156
Mock_P11_1	3	313503	301
Mock_P11_1	3	313503	35
Mock_P11_1	3	313503	101
Mock_P11_1	3	313503	129
Mock_P11_1	3	313503	74
Mock_P11_1	3	313503	128
Mock_P11_1	3	313503	118
Mock_P11_1	3	313503	283
Mock_P11_1	3	313503	87
Mock_P11_1	3	313503	141
Mock_P11_1	3	313503	361
Mock_P11_1	3	313503	156
Mock_P11_1	3	313503	134
Mock_P11_1	3	313503	208
Mock_P11_1	3	313503	244
Mock_P11_1	3	313503	242
Mock_P11_1	3	313503	236
Mock_P11_1	3	313503	219
Mock_P11_1	3	313503	139
Mock_P11_1	3	313503	211
Mock_P11_1	3	313503	92
Mock_P11_1	3	313503	143
Mock_P11_1	3	313503	246
Mock_P11_1	3	313503	122
Mock_P11_1	3	313503	98
Mock_P11_1	3	313503	157
Mock_P11_1	3	313503	87
Mock_P11_1	3	313503	122
Mock_P11_1	3	313503	262
Mock_P11_1	3	313503	32
Mock_P11_1	3	313503	178
Mock_P11_1	3	313503	119
Mock_P11_1	3	313503	78
Mock_P11_1	3	313503	296
Mock_P11_1	3	313503	167
Mock_P11_1	3	313503	124
Mock_P11_1	3	313503	136
Mock_P11_1	3	313503	112
Mock_P11_1	3	313503	143
Mock_P11_1	3	313503	69
Mock_P11_1	3	313503	215
Mock_P11_1	3	313503	137
Mock_P11_1	3	313503	129
Mock_P11_1	3	313503	130
Mock_P11_1	3	313503	167
Mock_P11_1	3	313503	168
Mock_P11_1	3	313503	296
Mock_P11_1	3	313503	169
Mock_P11_1	3	313503	18
Mock_P11_1	3	313503	104
Mock_P11_1	3	313503	144
Mock_P11_1	3	313503	136
Mock_P11_1	3	313503	99
Mock_P11_1	3	313503	83
Mock_P11_1	3	313503	109
Mock_P11_1	3	313503	205
Mock_P11_1	3	313503	106
Mock_P11_1	3	313503	64
Mock_P11_1	3	313503	100
Mock_P11_1	3	313503	110
Mock_P11_1	3	313503	139
Mock_P11_1	3	313503	17
Mock_P11_1	3	313503	54
Mock_P11_1	3	313503	113
Mock_P11_1	3	313503	100
Mock_P11_1	3	313503	83
Mock_P11_1	3	313503	314
Mock_P11_1	3	313503	177
Mock_P11_1	3	313503	119
Mock_P11_1	3	313503	64
Mock_P11_1	3	313503	67
Mock_P11_1	3	313503	46
Mock_P11_1	3	313503	71
Mock_P11_1	3	313503	91
Mock_P11_1	3	313503	171
Mock_P11_1	3	313503	477
Mock_P11_1	3	313503	251
Mock_P11_1	3	313503	10
Mock_P11_1	3	313503	113
Mock_P11_1	3	313503	61
Mock_P11_1	3	313503	126
Mock_P11_1	3	313503	34
Mock_P11_1	4	334837	85
Mock_P11_1	4	334837	105
Mock_P11_1	4	334837	57
Mock_P11_1	4	334837	85
Mock_P11_1	4	334837	167
Mock_P11_1	4	334837	58
Mock_P11_1	4	334837	50
Mock_P11_1	4	334837	191
Mock_P11_1	4	334837	106
Mock_P11_1	4	334837	100
Mock_P11_1	4	334837	118
Mock_P11_1	4	334837	18
Mock_P11_1	4	334837	65
Mock_P11_1	4	334837	109
Mock_P11_1	4	334837	122
Mock_P11_1	4	334837	118
Mock_P11_1	4	334837	176
Mock_P11_1	4	334837	160
Mock_P11_1	4	334837	101
Mock_P11_1	4	334837	151
Mock_P11_1	4	334837	153
Mock_P11_1	4	334837	163
Mock_P11_1	4	334837	174
Mock_P11_1	4	334837	260
Mock_P11_1	4	334837	157
Mock_P11_1	4	334837	243
Mock_P11_1	4	334837	124
Mock_P11_1	4	334837	125
Mock_P11_1	4	334837	75
Mock_P11_1	4	334837	66
Mock_P11_1	4	334837	246
Mock_P11_1	4	334837	68
Mock_P11_1	4	334837	217
Mock_P11_1	4	334837	174
Mock_P11_1	4	334837	216
Mock_P11_1	4	334837	136
Mock_P11_1	4	334837	42
Mock_P11_1	4	334837	306
Mock_P11_1	4	334837	136
Mock_P11_1	4	334837	113
Mock_P11_1	4	334837	121
Mock_P11_1	4	334837	108
Mock_P11_1	4	334837	114
Mock_P11_1	4	334837	41
Mock_P11_1	4	334837	39
Mock_P11_1	4	334837	88
Mock_P11_1	4	334837	99
Mock_P11_1	4	334837	76
Mock_P11_1	4	334837	109
Mock_P11_1	4	334837	69
Mock_P11_1	4	334837	98
Mock_P11_1	4	334837	42
Mock_P11_1	4	334837	141
Mock_P11_1	4	334837	14
Mock_P11_1	4	334837	108
Mock_P11_1	4	334837	298
Mock_P11_1	4	334837	127
Mock_P11_1	4	334837	126
Mock_P11_1	4	334837	103
Mock_P11_1	4	334837	116
Mock_P11_1	4	334837	63
Mock_P11_1	4	334837	132
Mock_P11_1	4	334837	117
Mock_P11_1	4	334837	127
Mock_P11_1	4	334837	54
Mock_P11_1	4	334837	43
Mock_P11_1	4	334837	58
Mock_P11_1	4	334837	69
Mock_P11_1	4	334837	120
Mock_P11_1	4	334837	111
Mock_P11_1	4	334837	95
Mock_P11_1	4	334837	196
Mock_P11_1	4	334837	67
Mock_P11_1	4	334837	45
Mock_P11_1	4	334837	288
Mock_P11_1	4	334837	27
Mock_P11_1	4	334837	99
Mock_P11_1	4	334837	80
Mock_P11_1	4	334837	164
Mock_P11_1	4	334837	123
Mock_P11_1	4	334837	46
Mock_P11_1	4	334837	97
Mock_P11_1	4	334837	246
Mock_P11_1	4	334837	311
Mock_P11_1	4	334837	57
Mock_P11_1	4	334837	116
Mock_P11_1	4	334837	140
Mock_P11_1	4	334837	64
Mock_P11_1	4	334837	88
Mock_P11_1	4	334837	20
Mock_P11_1	4	334837	68
Mock_P11_1	4	334837	64
Mock_P11_1	4	334837	28
Mock_P11_1	4	334837	95
Mock_P11_1	4	334837	111
Mock_P11_1	4	334837	149
Mock_P11_1	4	334837	106
Mock_P11_1	4	334837	102
Mock_P11_1	4	334837	178
Mock_P11_1	4	334837	115
Mock_P11_1	4	334837	26
Mock_P11_1	4	334837	126
Mock_P11_1	4	334837	101
Mock_P11_1	4	334837	133
Mock_P11_1	4	334837	140
Mock_P11_1	4	334837	152
Mock_P11_1	4	334837	32
Mock_P11_1	4	334837	259
Mock_P11_1	4	334837	127
Mock_P11_1	4	334837	73
Mock_P11_1	4	334837	105
Mock_P11_1	5	361683	113
Mock_P11_1	5	361683	166
Mock_P11_1	5	361683	134
Mock_P11_1	5	361683	143
Mock_P11_1	5	361683	145
Mock_P11_1	5	361683	161
Mock_P11_1	5	361683	121
Mock_P11_1	5	361683	95
Mock_P11_1	5	361683	90
Mock_P11_1	5	361683	161
Mock_P11_1	5	361683	106
Mock_P11_1	5	361683	74
Mock_P11_1	5	361683	120
Mock_P11_1	5	361683	12
Mock_P11_1	5	361683	50
Mock_P11_1	5	361683	112
Mock_P11_1	5	361683	97
Mock_P11_1	5	361683	135
Mock_P11_1	5	361683	149
Mock_P11_1	5	361683	96
Mock_P11_1	5	361683	279
Mock_P11_1	5	361683	247
Mock_P11_1	5	361683	161
Mock_P11_1	5	361683	127
Mock_P11_1	5	361683	132
Mock_P11_1	5	361683	129
Mock_P11_1	5	361683	89
Mock_P11_1	5	361683	51
Mock_P11_1	5	361683	156
Mock_P11_1	5	361683	157
Mock_P11_1	5	361683	132
Mock_P11_1	5	361683	128
Mock_P11_1	5	361683	121
Mock_P11_1	5	361683	131
Mock_P11_1	5	361683	170
Mock_P11_1	5	361683	129
Mock_P11_1	5	361683	100
Mock_P11_1	5	361683	105
Mock_P11_1	5	361683	147
Mock_P11_1	5	361683	347
Mock_P11_1	5	361683	153
Mock_P11_1	5	361683	142
Mock_P11_1	5	361683	99
Mock_P11_1	5	361683	97
Mock_P11_1	5	361683	105
Mock_P11_1	5	361683	108
Mock_P11_1	5	361683	58
Mock_P11_1	5	361683	78
Mock_P11_1	5	361683	106
Mock_P11_1	5	361683	125
Mock_P11_1	5	361683	237
Mock_P11_1	5	361683	110
Mock_P11_1	5	361683	140
Mock_P11_1	5	361683	151
Mock_P11_1	5	361683	104
Mock_P11_1	5	361683	82
Mock_P11_1	5	361683	66
Mock_P11_1	5	361683	102
Mock_P11_1	5	361683	153
Mock_P11_1	5	361683	115
Mock_P11_1	5	361683	139
Mock_P11_1	5	361683	88
Mock_P11_1	5	361683	116
Mock_P11_1	5	361683	172
Mock_P11_1	5	361683	106
Mock_P11_1	5	361683	66
Mock_P11_1	5	361683	118
Mock_P11_1	5	361683	110
Mock_P11_1	5	361683	106
Mock_P11_1	5	361683	162
Mock_P11_1	5	361683	96
Mock_P11_1	5	361683	86
Mock_P11_1	5	361683	91
Mock_P11_1	5	361683	84
Mock_P11_1	5	361683	113
Mock_P11_1	5	361683	91
Mock_P11_1	5	361683	99
Mock_P11_1	5	361683	81
Mock_P11_1	5	361683	98
Mock_P11_1	5	361683	33
Mock_P11_1	5	361683	70
Mock_P11_1	5	361683	107
Mock_P11_1	5	361683	116
Mock_P11_1	5	361683	74
Mock_P11_1	5	361683	91
Mock_P11_1	5	361683	106
Mock_P11_1	5	361683	113
Mock_P11_1	5	361683	174
Mock_P11_1	5	361683	85
Mock_P11_1	5	361683	133
Mock_P11_1	5	361683	191
Mock_P11_1	5	361683	118
Mock_P11_1	5	361683	66
Mock_P11_1	5	361683	79
Mock_P11_1	5	361683	129
Mock_P11_1	5	361683	79
Mock_P11_1	5	361683	51
Mock_P11_1	5	361683	164
Mock_P11_1	5	361683	127
Mock_P11_1	5	361683	60
Mock_P11_1	5	361683	144
Mock_P11_1	5	361683	71
Mock_P11_1	5	361683	100
Mock_P11_1	6	301817	84
Mock_P11_1	6	301817	52
Mock_P11_1	6	301817	128
Mock_P11_1	6	301817	164
Mock_P11_1	6	301817	106
Mock_P11_1	6	301817	96
Mock_P11_1	6	301817	93
Mock_P11_1	6	301817	109
Mock_P11_1	6	301817	124
Mock_P11_1	6	301817	73
Mock_P11_1	6	301817	93
Mock_P11_1	6	301817	133
Mock_P11_1	6	301817	124
Mock_P11_1	6	301817	108
Mock_P11_1	6	301817	127
Mock_P11_1	6	301817	101
Mock_P11_1	6	301817	130
Mock_P11_1	6	301817	94
Mock_P11_1	6	301817	101
Mock_P11_1	6	301817	59
Mock_P11_1	6	301817	79
Mock_P11_1	6	301817	78
Mock_P11_1	6	301817	86
Mock_P11_1	6	301817	159
Mock_P11_1	6	301817	79
Mock_P11_1	6	301817	88
Mock_P11_1	6	301817	77
Mock_P11_1	6	301817	140
Mock_P11_1	6	301817	70
Mock_P11_1	6	301817	128
Mock_P11_1	6	301817	110
Mock_P11_1	6	301817	108
Mock_P11_1	6	301817	137
Mock_P11_1	6	301817	162
Mock_P11_1	6	301817	146
Mock_P11_1	6	301817	125
Mock_P11_1	6	301817	139
Mock_P11_1	6	301817	116
Mock_P11_1	6	301817	143
Mock_P11_1	6	301817	39
Mock_P11_1	6	301817	197
Mock_P11_1	6	301817	113
Mock_P11_1	6	301817	73
Mock_P11_1	6	301817	169
Mock_P11_1	6	301817	111
Mock_P11_1	6	301817	84
Mock_P11_1	6	301817	89
Mock_P11_1	6	301817	117
Mock_P11_1	6	301817	117
Mock_P11_1	6	301817	47
Mock_P11_1	6	301817	124
Mock_P11_1	6	301817	122
Mock_P11_1	6	301817	86
Mock_P11_1	6	301817	68
Mock_P11_1	6	301817	130
Mock_P11_1	6	301817	101
Mock_P11_1	6	301817	94
Mock_P11_1	6	301817	127
Mock_P11_1	6	301817	109
Mock_P11_1	6	301817	158
Mock_P11_1	6	301817	91
Mock_P11_1	6	301817	20
Mock_P11_1	6	301817	30
Mock_P11_1	6	301817	64
Mock_P11_1	6	301817	24
Mock_P11_1	6	301817	114
Mock_P11_1	6	301817	35
Mock_P11_1	6	301817	35
Mock_P11_1	6	301817	134
Mock_P11_1	6	301817	62
Mock_P11_1	6	301817	106
Mock_P11_1	6	301817	95
Mock_P11_1	6	301817	122
Mock_P11_1	6	301817	138
Mock_P11_1	6	301817	71
Mock_P11_1	6	301817	79
Mock_P11_1	6	301817	99
Mock_P11_1	6	301817	143
Mock_P11_1	6	301817	110
Mock_P11_1	6	301817	73
Mock_P11_1	6	301817	130
Mock_P11_1	6	301817	102
Mock_P11_1	6	301817	47
Mock_P11_1	6	301817	101
Mock_P11_1	6	301817	145
Mock_P11_1	6	301817	77
Mock_P11_1	6	301817	164
Mock_P11_1	6	301817	65
Mock_P11_1	6	301817	143
Mock_P11_1	6	301817	72
Mock_P11_1	6	301817	141
Mock_P11_1	6	301817	93
Mock_P11_1	6	301817	90
Mock_P11_1	6	301817	95
Mock_P11_1	6	301817	22
Mock_P11_1	6	301817	26
Mock_P11_1	6	301817	347
Mock_P11_1	6	301817	264
Mock_P11_1	6	301817	107
Mock_P11_1	6	301817	15
Mock_P11_1	7	330615	14
Mock_P11_1	7	330615	136
Mock_P11_1	7	330615	150
Mock_P11_1	7	330615	138
Mock_P11_1	7	330615	155
Mock_P11_1	7	330615	127
Mock_P11_1	7	330615	97
Mock_P11_1	7	330615	132
Mock_P11_1	7	330615	138
Mock_P11_1	7	330615	121
Mock_P11_1	7	330615	104
Mock_P11_1	7	330615	110
Mock_P11_1	7	330615	168
Mock_P11_1	7	330615	184
Mock_P11_1	7	330615	126
Mock_P11_1	7	330615	310
Mock_P11_1	7	330615	113
Mock_P11_1	7	330615	22
Mock_P11_1	7	330615	61
Mock_P11_1	7	330615	104
Mock_P11_1	7	330615	109
Mock_P11_1	7	330615	125
Mock_P11_1	7	330615	103
Mock_P11_1	7	330615	138
Mock_P11_1	7	330615	115
Mock_P11_1	7	330615	97
Mock_P11_1	7	330615	223
Mock_P11_1	7	330615	58
Mock_P11_1	7	330615	138
Mock_P11_1	7	330615	196
Mock_P11_1	7	330615	200
Mock_P11_1	7	330615	397
Mock_P11_1	7	330615	140
Mock_P11_1	7	330615	169
Mock_P11_1	7	330615	114
Mock_P11_1	7	330615	168
Mock_P11_1	7	330615	121
Mock_P11_1	7	330615	154
Mock_P11_1	7	330615	184
Mock_P11_1	7	330615	81
Mock_P11_1	7	330615	115
Mock_P11_1	7	330615	139
Mock_P11_1	7	330615	178
Mock_P11_1	7	330615	131
Mock_P11_1	7	330615	129
Mock_P11_1	7	330615	108
Mock_P11_1	7	330615	205
Mock_P11_1	7	330615	123
Mock_P11_1	7	330615	153
Mock_P11_1	7	330615	10
Mock_P11_1	7	330615	696
Mock_P11_1	7	330615	191
Mock_P11_1	7	330615	11
Mock_P11_1	7	330615	246
Mock_P11_1	7	330615	13
Mock_P11_1	7	330615	36
Mock_P11_1	7	330615	20
Mock_P11_1	7	330615	43
Mock_P11_1	7	330615	207
Mock_P11_1	7	330615	94
Mock_P11_1	7	330615	345
Mock_P11_1	7	330615	125
Mock_P11_1	7	330615	34
Mock_P11_1	7	330615	122
Mock_P11_1	7	330615	166
Mock_P11_1	7	330615	98
Mock_P11_1	7	330615	130
Mock_P11_1	7	330615	26
Mock_P11_1	7	330615	170
Mock_P11_1	7	330615	22
Mock_P11_1	7	330615	299
Mock_P11_1	7	330615	79
Mock_P11_1	7	330615	115
Mock_P11_1	7	330615	173
Mock_P11_1	7	330615	75
Mock_P11_1	7	330615	138
Mock_P11_1	7	330615	91
Mock_P11_1	7	330615	110
Mock_P11_1	7	330615	135
Mock_P11_1	7	330615	134
Mock_P11_1	7	330615	96
Mock_P11_1	7	330615	84
Mock_P11_1	7	330615	149
Mock_P11_1	7	330615	150
Mock_P11_1	7	330615	137
Mock_P11_1	7	330615	237
Mock_P11_1	7	330615	147
Mock_P11_1	7	330615	100
Mock_P11_1	7	330615	46
Mock_P11_1	7	330615	57
Mock_P11_1	7	330615	72
Mock_P11_1	7	330615	125
Mock_P11_1	7	330615	82
Mock_P11_1	7	330615	54
Mock_P11_1	7	330615	133
Mock_P11_1	7	330615	84
Mock_P11_1	7	330615	161
Mock_P11_1	7	330615	111
Mock_P11_1	7	330615	138
Mock_P11_1	7	330615	105
Mock_P11_1	7	330615	108
Mock_P11_1	7	330615	168
Mock_P11_1	7	330615	163
Mock_P11_1	7	330615	123
Mock_P11_1	7	330615	128
Mock_P11_1	7	330615	166
Mock_P11_1	7	330615	126
Mock_P11_1	7	330615	115
Mock_P11_1	7	330615	173
Mock_P11_1	7	330615	55
Mock_P11_1	7	330615	116
Mock_P11_1	7	330615	84
Mock_P11_1	7	330615	28
Mock_P11_1	7	330615	290
Mock_P11_1	7	330615	171
Mock_P11_1	7	330615	175
Mock_P11_1	7	330615	92
Mock_P11_1	7	330615	169
Mock_P11_1	7	330615	140
Mock_P11_1	7	330615	142
Mock_P11_1	7	330615	109
Mock_P11_1	7	330615	193
Mock_P11_1	7	330615	128
Mock_P11_1	7	330615	399
Mock_P11_1	7	330615	96
Mock_P11_1	7	330615	139
Mock_P11_1	7	330615	281
Mock_P11_1	7	330615	82
Mock_P11_1	7	330615	89
Mock_P11_1	7	330615	76
Mock_P11_1	7	330615	134
Mock_P11_1	7	330615	245
Mock_P11_1	7	330615	109
Mock_P11_1	7	330615	459
Mock_P11_1	7	330615	250
Mock_P11_1	7	330615	13
Mock_P11_1	7	330615	162
Mock_P11_1	7	330615	205
Mock_P11_1	7	330615	201
Mock_P11_1	7	330615	149
Mock_P11_1	7	330615	91
Mock_P11_1	7	330615	160
Mock_P11_1	7	330615	227
Mock_P11_1	8	320409	63
Mock_P11_1	8	320409	175
Mock_P11_1	8	320409	558
Mock_P11_1	8	320409	26
Mock_P11_1	8	320409	231
Mock_P11_1	8	320409	125
Mock_P11_1	8	320409	148
Mock_P11_1	8	320409	177
Mock_P11_1	8	320409	231
Mock_P11_1	8	320409	211
Mock_P11_1	8	320409	197
Mock_P11_1	8	320409	161
Mock_P11_1	8	320409	325
Mock_P11_1	8	320409	262
Mock_P11_1	8	320409	364
Mock_P11_1	8	320409	124
Mock_P11_1	8	320409	200
Mock_P11_1	8	320409	162
Mock_P11_1	8	320409	203
Mock_P11_1	8	320409	256
Mock_P11_1	8	320409	158
Mock_P11_1	8	320409	86
Mock_P11_1	8	320409	165
Mock_P11_1	8	320409	141
Mock_P11_1	8	320409	217
Mock_P11_1	8	320409	139
Mock_P11_1	8	320409	190
Mock_P11_1	8	320409	120
Mock_P11_1	8	320409	207
Mock_P11_1	8	320409	122
Mock_P11_1	8	320409	191
Mock_P11_1	8	320409	170
Mock_P11_1	8	320409	164
Mock_P11_1	8	320409	208
Mock_P11_1	8	320409	65
Mock_P11_1	8	320409	168
Mock_P11_1	8	320409	193
Mock_P11_1	8	320409	185
Mock_P11_1	8	320409	246
Mock_P11_1	8	320409	75
Mock_P11_1	8	320409	141
Mock_P11_1	8	320409	190
Mock_P11_1	8	320409	144
Mock_P11_1	8	320409	51
Mock_P11_1	8	320409	50
Mock_P11_1	8	320409	81
Mock_P11_1	8	320409	38
Mock_P11_1	8	320409	84
Mock_P11_1	8	320409	68
Mock_P11_1	8	320409	133
Mock_P11_1	8	320409	201
Mock_P11_1	8	320409	100
Mock_P11_1	8	320409	128
Mock_P11_1	8	320409	182
Mock_P11_1	8	320409	30
Mock_P11_1	8	320409	140
Mock_P11_1	8	320409	49
Mock_P11_1	8	320409	187
Mock_P11_1	8	320409	192
Mock_P11_1	8	320409	133
Mock_P11_1	8	320409	183
Mock_P11_1	8	320409	159
Mock_P11_1	8	320409	85
Mock_P11_1	8	320409	105
Mock_P11_1	8	320409	142
Mock_P11_1	8	320409	103
Mock_P11_1	8	320409	63
Mock_P11_1	8	320409	119
Mock_P11_1	8	320409	184
Mock_P11_1	8	320409	92
Mock_P11_1	8	320409	123
Mock_P11_1	8	320409	143
Mock_P11_1	8	320409	129
Mock_P11_1	8	320409	131
Mock_P11_1	8	320409	83
Mock_P11_1	8	320409	99
Mock_P11_1	8	320409	123
Mock_P11_1	8	320409	105
Mock_P11_1	8	320409	158
Mock_P11_1	8	320409	126
Mock_P11_1	8	320409	17
Mock_P11_1	8	320409	14
Mock_P11_1	8	320409	10
Mock_P11_1	8	320409	133
Mock_P11_1	8	320409	116
Mock_P11_1	8	320409	129
Mock_P11_1	8	320409	118
Mock_P11_1	8	320409	73
Mock_P11_1	8	320409	67
Mock_P11_1	8	320409	71
Mock_P11_1	8	320409	58
Mock_P11_1	8	320409	89
Mock_P11_1	9	322871	185
Mock_P11_1	9	322871	175
Mock_P11_1	9	322871	146
Mock_P11_1	9	322871	286
Mock_P11_1	9	322871	139
Mock_P11_1	9	322871	15
Mock_P11_1	9	322871	288
Mock_P11_1	9	322871	86
Mock_P11_1	9	322871	212
Mock_P11_1	9	322871	230
Mock_P11_1	9	322871	119
Mock_P11_1	9	322871	161
Mock_P11_1	9	322871	162
Mock_P11_1	9	322871	158
Mock_P11_1	9	322871	184
Mock_P11_1	9	322871	127
Mock_P11_1	9	322871	400
Mock_P11_1	9	322871	93
Mock_P11_1	9	322871	158
Mock_P11_1	9	322871	275
Mock_P11_1	9	322871	76
Mock_P11_1	9	322871	80
Mock_P11_1	9	322871	120
Mock_P11_1	9	322871	294
Mock_P11_1	9	322871	166
Mock_P11_1	9	322871	132
Mock_P11_1	9	322871	127
Mock_P11_1	9	322871	101
Mock_P11_1	9	322871	190
Mock_P11_1	9	322871	43
Mock_P11_1	9	322871	12
Mock_P11_1	9	322871	125
Mock_P11_1	9	322871	75
Mock_P11_1	9	322871	141
Mock_P11_1	9	322871	38
Mock_P11_1	9	322871	254
Mock_P11_1	9	322871	106
Mock_P11_1	9	322871	175
Mock_P11_1	9	322871	114
Mock_P11_1	9	322871	123
Mock_P11_1	9	322871	140
Mock_P11_1	9	322871	152
Mock_P11_1	9	322871	227
Mock_P11_1	9	322871	106
Mock_P11_1	9	322871	75
Mock_P11_1	9	322871	124
Mock_P11_1	9	322871	237
Mock_P11_1	9	322871	78
Mock_P11_1	9	322871	130
Mock_P11_1	9	322871	82
Mock_P11_1	9	322871	107
Mock_P11_1	9	322871	67
Mock_P11_1	9	322871	69
Mock_P11_1	9	322871	66
Mock_P11_1	9	322871	61
Mock_P11_1	9	322871	229
Mock_P11_1	9	322871	105
Mock_P11_1	9	322871	55
Mock_P11_1	9	322871	95
Mock_P11_1	9	322871	74
Mock_P11_1	9	322871	28
Mock_P11_1	9	322871	145
Mock_P11_1	9	322871	123
Mock_P11_1	9	322871	126
Mock_P11_1	9	322871	112
Mock_P11_1	9	322871	95
Mock_P11_1	9	322871	138
Mock_P11_1	9	322871	111
Mock_P11_1	9	322871	96
Mock_P11_1	9	322871	91
Mock_P11_1	9	322871	118
Mock_P11_1	9	322871	115
Mock_P11_1	9	322871	98
Mock_P11_1	9	322871	140
Mock_P11_1	9	322871	207
Mock_P11_1	9	322871	120
Mock_P11_1	9	322871	63
Mock_P11_1	9	322871	125
Mock_P11_1	9	322871	129
Mock_P11_1	9	322871	45
Mock_P11_1	9	322871	118
Mock_P11_1	9	322871	65
Mock_P11_1	9	322871	156
Mock_P11_1	9	322871	99
Mock_P11_1	9	322871	97
Mock_P11_1	9	322871	94
Mock_P11_1	9	322871	98
Mock_P11_1	9	322871	90
Mock_P11_1	9	322871	259
Mock_P11_1	9	322871	109
Mock_P11_1	9	322871	120
Mock_P11_1	9	322871	109
Mock_P11_1	9	322871	89
Mock_P11_1	9	322871	111
Mock_P11_1	9	322871	89
Mock_P11_1	9	322871	116
Mock_P11_1	9	322871	76
Mock_P11_1	9	322871	101
Mock_P11_1	9	322871	91
Mock_P11_1	9	322871	114
Mock_P11_1	9	322871	154
Mock_P11_1	9	322871	124
Mock_P11_1	9	322871	228
Mock_P11_1	9	322871	145
Mock_P11_1	9	322871	163
Mock_P11_1	9	322871	172
Mock_P11_1	9	322871	161
Mock_P11_1	9	322871	124
Mock_P11_1	9	322871	173
Mock_P11_1	9	322871	141
Mock_P11_1	9	322871	109
Mock_P11_1	9	322871	96
Mock_P11_1	9	322871	126
Mock_P11_1	9	322871	150
Mock_P11_1	9	322871	108
Mock_P11_1	9	322871	147
Mock_P11_1	9	322871	96
Mock_P11_1	9	322871	148
Mock_P11_1	9	322871	88
Mock_P11_1	9	322871	115
Mock_P11_1	9	322871	152
Mock_P11_1	9	322871	157
Mock_P11_1	9	322871	144
Mock_P11_1	9	322871	196
Mock_P11_1	9	322871	201
Mock_P11_1	9	322871	129
Mock_P11_1	9	322871	149
Mock_P11_1	9	322871	148
Mock_P11_1	9	322871	126
Mock_P11_1	9	322871	144
Mock_P11_1	9	322871	130
Mock_P11_1	10	333077	162
Mock_P11_1	10	333077	177
Mock_P11_1	10	333077	128
Mock_P11_1	10	333077	222
Mock_P11_1	10	333077	217
Mock_P11_1	10	333077	120
Mock_P11_1	10	333077	198
Mock_P11_1	10	333077	95
Mock_P11_1	10	333077	74
Mock_P11_1	10	333077	86
Mock_P11_1	10	333077	130
Mock_P11_1	10	333077	117
Mock_P11_1	10	333077	161
Mock_P11_1	10	333077	203
Mock_P11_1	10	333077	121
Mock_P11_1	10	333077	209
Mock_P11_1	10	333077	142
Mock_P11_1	10	333077	121
Mock_P11_1	10	333077	271
Mock_P11_1	10	333077	153
Mock_P11_1	10	333077	132
Mock_P11_1	10	333077	65
Mock_P11_1	10	333077	71
Mock_P11_1	10	333077	156
Mock_P11_1	10	333077	156
Mock_P11_1	10	333077	160
Mock_P11_1	10	333077	148
Mock_P11_1	10	333077	48
Mock_P11_1	10	333077	196
Mock_P11_1	10	333077	136
Mock_P11_1	10	333077	121
Mock_P11_1	10	333077	101
Mock_P11_1	10	333077	136
Mock_P11_1	10	333077	126
Mock_P11_1	10	333077	212
Mock_P11_1	10	333077	114
Mock_P11_1	10	333077	144
Mock_P11_1	10	333077	39
Mock_P11_1	10	333077	318
Mock_P11_1	10	333077	77
Mock_P11_1	10	333077	317
Mock_P11_1	10	333077	310
Mock_P11_1	10	333077	178
Mock_P11_1	10	333077	110
Mock_P11_1	10	333077	184
Mock_P11_1	10	333077	145
Mock_P11_1	10	333077	87
Mock_P11_1	10	333077	205
Mock_P11_1	10	333077	88
Mock_P11_1	10	333077	246
Mock_P11_1	10	333077	123
Mock_P11_1	10	333077	143
Mock_P11_1	10	333077	114
Mock_P11_1	10	333077	127
Mock_P11_1	10	333077	136
Mock_P11_1	10	333077	159
Mock_P11_1	10	333077	189
Mock_P11_1	10	333077	242
Mock_P11_1	10	333077	224
Mock_P11_1	10	333077	104
Mock_P11_1	10	333077	95
Mock_P11_1	10	333077	364
Mock_P11_1	10	333077	154
Mock_P11_1	10	333077	44
Mock_P11_1	10	333077	200
Mock_P11_1	10	333077	149
Mock_P11_1	10	333077	110
Mock_P11_1	10	333077	63
Mock_P11_1	10	333077	129
Mock_P11_1	10	333077	118
Mock_P11_1	10	333077	271
Mock_P11_1	10	333077	202
Mock_P11_1	10	333077	177
Mock_P11_1	10	333077	90
Mock_P11_1	10	333077	76
Mock_P11_1	10	333077	323
Mock_P11_1	10	333077	167
Mock_P11_1	10	333077	175
Mock_P11_1	10	333077	163
Mock_P11_1	10	333077	112
Mock_P11_1	10	333077	116
Mock_P11_1	10	333077	184
Mock_P11_1	10	333077	92
Mock_P11_1	10	333077	353
Mock_P11_1	10	333077	297
Mock_P11_1	10	333077	142
Mock_P11_1	10	333077	314
Mock_P11_1	10	333077	68
Mock_P11_1	10	333077	69
Mock_P11_1	10	333077	85
Mock_P11_1	10	333077	132
Mock_P11_1	10	333077	98
Mock_P11_1	10	333077	57
Mock_P11_1	10	333077	85
Mock_P11_1	10	333077	173
Mock_P11_1	10	333077	123
Mock_P11_1	10	333077	109
Mock_P11_1	10	333077	130
Mock_P11_1	10	333077	138
Mock_P11_1	10	333077	113
Mock_P11_1	10	333077	208
Mock_P11_1	10	333077	135
Mock_P11_1	10	333077	96
Mock_P11_1	10	333077	85
Mock_P11_1	10	333077	240
Mock_P11_1	10	333077	245
Mock_P11_1	10	333077	116
Mock_P11_1	10	333077	94
Mock_P11_1	10	333077	152
Mock_P11_1	10	333077	77
Mock_P11_1	10	333077	136
Mock_P11_1	10	333077	105
Mock_P11_1	10	333077	127
Mock_P11_1	10	333077	190
Mock_P11_1	10	333077	49
Mock_P11_1	10	333077	95
Mock_P11_1	10	333077	153
Mock_P11_1	10	333077	102
Mock_P11_1	10	333077	189
Mock_P11_1	10	333077	137
Mock_P11_1	10	333077	250
Mock_P11_1	10	333077	217
Mock_P11_1	10	333077	58
Mock_P11_1	10	333077	191
Mock_P11_1	10	333077	148
Mock_P11_1	10	333077	16
Mock_P11_1	10	333077	17
Mock_P11_1	10	333077	30
Mock_P11_1	10	333077	10
Mock_P11_1	10	333077	169
Mock_P11_1	10	333077	221
Mock_P11_1	10	333077	50
Mock_P11_1	10	333077	265
Mock_P11_1	10	333077	60
Mock_P11_1	11	326990	49
Mock_P11_1	11	326990	93
Mock_P11_1	11	326990	106
Mock_P11_1	11	326990	203
Mock_P11_1	11	326990	234
Mock_P11_1	11	326990	57
Mock_P11_1	11	326990	114
Mock_P11_1	11	326990	75
Mock_P11_1	11	326990	136
Mock_P11_1	11	326990	97
Mock_P11_1	11	326990	133
Mock_P11_1	11	326990	78
Mock_P11_1	11	326990	122
Mock_P11_1	11	326990	39
Mock_P11_1	11	326990	143
Mock_P11_1	11	326990	249
Mock_P11_1	11	326990	94
Mock_P11_1	11	326990	198
Mock_P11_1	11	326990	108
Mock_P11_1	11	326990	94
Mock_P11_1	11	326990	285
Mock_P11_1	11	326990	51
Mock_P11_1	11	326990	79
Mock_P11_1	11	326990	84
Mock_P11_1	11	326990	60
Mock_P11_1	11	326990	196
Mock_P11_1	11	326990	179
Mock_P11_1	11	326990	106
Mock_P11_1	11	326990	115
Mock_P11_1	11	326990	205
Mock_P11_1	11	326990	70
Mock_P11_1	11	326990	136
Mock_P11_1	11	326990	104
Mock_P11_1	11	326990	132
Mock_P11_1	11	326990	127
Mock_P11_1	11	326990	74
Mock_P11_1	11	326990	123
Mock_P11_1	11	326990	74
Mock_P11_1	11	326990	234
Mock_P11_1	11	326990	126
Mock_P11_1	11	326990	166
Mock_P11_1	11	326990	109
Mock_P11_1	11	326990	239
Mock_P11_1	11	326990	111
Mock_P11_1	11	326990	196
Mock_P11_1	11	326990	90
Mock_P11_1	11	326990	182
Mock_P11_1	11	326990	141
Mock_P11_1	11	326990	169
Mock_P11_1	11	326990	11
Mock_P11_1	11	326990	150
Mock_P11_1	11	326990	151
Mock_P11_1	11	326990	104
Mock_P11_1	11	326990	81
Mock_P11_1	11	326990	84
Mock_P11_1	11	326990	11
Mock_P11_1	11	326990	157
Mock_P11_1	11	326990	125
Mock_P11_1	11	326990	138
Mock_P11_1	11	326990	114
Mock_P11_1	11	326990	293
Mock_P11_1	11	326990	74
Mock_P11_1	11	326990	112
Mock_P11_1	11	326990	120
Mock_P11_1	11	326990	129
Mock_P11_1	11	326990	129
Mock_P11_1	11	326990	143
Mock_P11_1	11	326990	96
Mock_P11_1	11	326990	148
Mock_P11_1	11	326990	188
Mock_P11_1	11	326990	85
Mock_P11_1	11	326990	181
Mock_P11_1	11	326990	105
Mock_P11_1	11	326990	207
Mock_P11_1	11	326990	169
Mock_P11_1	11	326990	131
Mock_P11_1	11	326990	132
Mock_P11_1	11	326990	133
Mock_P11_1	11	326990	100
Mock_P11_1	11	326990	143
Mock_P11_1	11	326990	78
Mock_P11_1	11	326990	107
Mock_P11_1	11	326990	80
Mock_P11_1	11	326990	89
Mock_P11_1	11	326990	159
Mock_P11_1	11	326990	143
Mock_P11_1	11	326990	123
Mock_P11_1	11	326990	87
Mock_P11_1	11	326990	178
Mock_P11_1	11	326990	143
Mock_P11_1	11	326990	262
Mock_P11_1	11	326990	25
Mock_P11_1	11	326990	197
Mock_P11_1	11	326990	167
Mock_P11_1	11	326990	43
Mock_P11_1	11	326990	118
Mock_P11_1	11	326990	178
Mock_P11_1	11	326990	163
Mock_P11_1	11	326990	208
Mock_P11_1	11	326990	197
Mock_P11_1	11	326990	121
Mock_P11_1	11	326990	196
Mock_P11_1	11	326990	151
Mock_P11_1	11	326990	99
Mock_P11_1	11	326990	100
Mock_P11_1	11	326990	97
Mock_P11_1	11	326990	129
Mock_P11_1	11	326990	372
Mock_P11_1	11	326990	73
Mock_P11_1	11	326990	114
Mock_P11_1	11	326990	186
Mock_P11_1	11	326990	72
Mock_P11_1	11	326990	213
Mock_P11_1	11	326990	14
Mock_P11_1	11	326990	18
Mock_P11_1	11	326990	104
Mock_P11_1	11	326990	61
Mock_P11_1	11	326990	165
Mock_P11_1	12	321955	209
Mock_P11_1	12	321955	84
Mock_P11_1	12	321955	197
Mock_P11_1	12	321955	163
Mock_P11_1	12	321955	81
Mock_P11_1	12	321955	181
Mock_P11_1	12	321955	145
Mock_P11_1	12	321955	247
Mock_P11_1	12	321955	174
Mock_P11_1	12	321955	276
Mock_P11_1	12	321955	176
Mock_P11_1	12	321955	118
Mock_P11_1	12	321955	99
Mock_P11_1	12	321955	139
Mock_P11_1	12	321955	197
Mock_P11_1	12	321955	125
Mock_P11_1	12	321955	141
Mock_P11_1	12	321955	311
Mock_P11_1	12	321955	86
Mock_P11_1	12	321955	142
Mock_P11_1	12	321955	117
Mock_P11_1	12	321955	156
Mock_P11_1	12	321955	185
Mock_P11_1	12	321955	390
Mock_P11_1	12	321955	225
Mock_P11_1	12	321955	149
Mock_P11_1	12	321955	133
Mock_P11_1	12	321955	243
Mock_P11_1	12	321955	164
Mock_P11_1	12	321955	196
Mock_P11_1	12	321955	152
Mock_P11_1	12	321955	194
Mock_P11_1	12	321955	78
Mock_P11_1	12	321955	170
Mock_P11_1	12	321955	129
Mock_P11_1	12	321955	417
Mock_P11_1	12	321955	96
Mock_P11_1	12	321955	132
Mock_P11_1	12	321955	232
Mock_P11_1	12	321955	133
Mock_P11_1	12	321955	127
Mock_P11_1	12	321955	130
Mock_P11_1	12	321955	137
Mock_P11_1	12	321955	130
Mock_P11_1	12	321955	156
Mock_P11_1	12	321955	173
Mock_P11_1	12	321955	161
Mock_P11_1	12	321955	123
Mock_P11_1	12	321955	437
Mock_P11_1	12	321955	95
Mock_P11_1	12	321955	176
Mock_P11_1	12	321955	61
Mock_P11_1	12	321955	111
Mock_P11_1	12	321955	192
Mock_P11_1	12	321955	126
Mock_P11_1	12	321955	166
Mock_P11_1	12	321955	118
Mock_P11_1	12	321955	94
Mock_P11_1	12	321955	359
Mock_P11_1	12	321955	118
Mock_P11_1	12	321955	86
Mock_P11_1	12	321955	120
Mock_P11_1	12	321955	87
Mock_P11_1	12	321955	393
Mock_P11_1	12	321955	210
Mock_P11_1	12	321955	160
Mock_P11_1	12	321955	55
Mock_P11_1	12	321955	106
Mock_P11_1	12	321955	94
Mock_P11_1	12	321955	199
Mock_P11_1	12	321955	232
Mock_P11_1	12	321955	138
Mock_P11_1	12	321955	162
Mock_P11_1	12	321955	103
Mock_P11_1	12	321955	25
Mock_P11_1	12	321955	146
Mock_P11_1	12	321955	219
Mock_P11_1	12	321955	129
Mock_P11_1	12	321955	131
Mock_P11_1	12	321955	155
Mock_P11_1	12	321955	88
Mock_P11_1	12	321955	52
Mock_P11_1	12	321955	110
Mock_P11_1	12	321955	225
Mock_P11_1	12	321955	130
Mock_P11_1	12	321955	20
Mock_P11_1	12	321955	101
Mock_P11_1	12	321955	60
Mock_P11_1	12	321955	105
Mock_P11_1	12	321955	46
Mock_P11_1	12	321955	38
Mock_P11_1	12	321955	147
Mock_P11_1	12	321955	122
Mock_P11_1	12	321955	101
Mock_P11_1	12	321955	90
Mock_P11_1	12	321955	144
Mock_P11_1	12	321955	139
Mock_P11_1	12	321955	95
Mock_P11_1	12	321955	172
Mock_P11_1	12	321955	165
Mock_P11_1	12	321955	206
Mock_P11_1	12	321955	12
Mock_P11_1	12	321955	156
Mock_P11_1	12	321955	305
Mock_P11_1	12	321955	131
Mock_P11_1	12	321955	192
Mock_P11_1	13	282308	161
Mock_P11_1	13	282308	159
Mock_P11_1	13	282308	130
Mock_P11_1	13	282308	192
Mock_P11_1	13	282308	30
Mock_P11_1	13	282308	126
Mock_P11_1	13	282308	130
Mock_P11_1	13	282308	79
Mock_P11_1	13	282308	156
Mock_P11_1	13	282308	99
Mock_P11_1	13	282308	120
Mock_P11_1	13	282308	187
Mock_P11_1	13	282308	150
Mock_P11_1	13	282308	163
Mock_P11_1	13	282308	169
Mock_P11_1	13	282308	145
Mock_P11_1	13	282308	136
Mock_P11_1	13	282308	102
Mock_P11_1	13	282308	187
Mock_P11_1	13	282308	217
Mock_P11_1	13	282308	162
Mock_P11_1	13	282308	110
Mock_P11_1	13	282308	246
Mock_P11_1	13	282308	77
Mock_P11_1	13	282308	110
Mock_P11_1	13	282308	114
Mock_P11_1	13	282308	134
Mock_P11_1	13	282308	123
Mock_P11_1	13	282308	147
Mock_P11_1	13	282308	156
Mock_P11_1	13	282308	146
Mock_P11_1	13	282308	90
Mock_P11_1	13	282308	200
Mock_P11_1	13	282308	166
Mock_P11_1	13	282308	152
Mock_P11_1	13	282308	153
Mock_P11_1	13	282308	123
Mock_P11_1	13	282308	167
Mock_P11_1	13	282308	122
Mock_P11_1	13	282308	178
Mock_P11_1	13	282308	213
Mock_P11_1	13	282308	214
Mock_P11_1	13	282308	118
Mock_P11_1	13	282308	266
Mock_P11_1	13	282308	122
Mock_P11_1	13	282308	91
Mock_P11_1	13	282308	159
Mock_P11_1	13	282308	103
Mock_P11_1	13	282308	120
Mock_P11_1	13	282308	196
Mock_P11_1	13	282308	39
Mock_P11_1	13	282308	144
Mock_P11_1	13	282308	140
Mock_P11_1	13	282308	119
Mock_P11_1	13	282308	139
Mock_P11_1	13	282308	97
Mock_P11_1	13	282308	133
Mock_P11_1	13	282308	178
Mock_P11_1	13	282308	123
Mock_P11_1	13	282308	44
Mock_P11_1	13	282308	140
Mock_P11_1	13	282308	346
Mock_P11_1	13	282308	47
Mock_P11_1	13	282308	159
Mock_P11_1	13	282308	255
Mock_P11_1	13	282308	121
Mock_P11_1	13	282308	145
Mock_P11_1	13	282308	130
Mock_P11_1	13	282308	106
Mock_P11_1	13	282308	122
Mock_P11_1	13	282308	128
Mock_P11_1	13	282308	143
Mock_P11_1	13	282308	147
Mock_P11_1	13	282308	71
Mock_P11_1	13	282308	189
Mock_P11_1	13	282308	206
Mock_P11_1	13	282308	84
Mock_P11_1	13	282308	204
Mock_P11_1	13	282308	113
Mock_P11_1	13	282308	126
Mock_P11_1	13	282308	98
Mock_P11_1	13	282308	166
Mock_P11_1	13	282308	120
Mock_P11_1	13	282308	130
Mock_P11_1	13	282308	67
Mock_P11_1	13	282308	242
Mock_P11_1	13	282308	126
Mock_P11_1	13	282308	93
Mock_P11_1	13	282308	48
Mock_P11_1	13	282308	152
Mock_P11_1	13	282308	109
Mock_P11_1	13	282308	126
Mock_P11_1	13	282308	90
Mock_P11_1	13	282308	148
Mock_P11_1	13	282308	87
Mock_P11_1	13	282308	97
Mock_P11_1	13	282308	137
Mock_P11_1	13	282308	74
Mock_P11_1	13	282308	152
Mock_P11_1	13	282308	158
Mock_P11_1	13	282308	58
Mock_P11_1	13	282308	74
Mock_P11_1	13	282308	100
Mock_P11_1	13	282308	31
Mock_P11_1	13	282308	75
Mock_P11_1	13	282308	111
Mock_P11_1	13	282308	98
Mock_P11_1	13	282308	133
Mock_P11_1	13	282308	29
Mock_P11_1	13	282308	50
Mock_P11_1	13	282308	193
Mock_P11_1	13	282308	196
Mock_P11_1	13	282308	16
Mock_P11_1	13	282308	171
Mock_P11_1	13	282308	74
Mock_P11_1	13	282308	57
Mock_P11_1	13	282308	58
Mock_P11_1	14	365718	321
Mock_P11_1	14	365718	135
Mock_P11_1	14	365718	107
Mock_P11_1	14	365718	75
Mock_P11_1	14	365718	159
Mock_P11_1	14	365718	126
Mock_P11_1	14	365718	127
Mock_P11_1	14	365718	145
Mock_P11_1	14	365718	208
Mock_P11_1	14	365718	112
Mock_P11_1	14	365718	283
Mock_P11_1	14	365718	133
Mock_P11_1	14	365718	168
Mock_P11_1	14	365718	216
Mock_P11_1	14	365718	113
Mock_P11_1	14	365718	120
Mock_P11_1	14	365718	120
Mock_P11_1	14	365718	110
Mock_P11_1	14	365718	135
Mock_P11_1	14	365718	128
Mock_P11_1	14	365718	160
Mock_P11_1	14	365718	132
Mock_P11_1	14	365718	156
Mock_P11_1	14	365718	218
Mock_P11_1	14	365718	143
Mock_P11_1	14	365718	125
Mock_P11_1	14	365718	188
Mock_P11_1	14	365718	136
Mock_P11_1	14	365718	136
Mock_P11_1	14	365718	260
Mock_P11_1	14	365718	176
Mock_P11_1	14	365718	80
Mock_P11_1	14	365718	151
Mock_P11_1	14	365718	92
Mock_P11_1	14	365718	11
Mock_P11_1	14	365718	176
Mock_P11_1	14	365718	184
Mock_P11_1	14	365718	85
Mock_P11_1	14	365718	195
Mock_P11_1	14	365718	135
Mock_P11_1	14	365718	275
Mock_P11_1	14	365718	161
Mock_P11_1	14	365718	107
Mock_P11_1	14	365718	183
Mock_P11_1	14	365718	133
Mock_P11_1	14	365718	132
Mock_P11_1	14	365718	126
Mock_P11_1	14	365718	173
Mock_P11_1	14	365718	242
Mock_P11_1	14	365718	207
Mock_P11_1	14	365718	260
Mock_P11_1	14	365718	137
Mock_P11_1	14	365718	164
Mock_P11_1	14	365718	162
Mock_P11_1	14	365718	317
Mock_P11_1	14	365718	127
Mock_P11_1	14	365718	146
Mock_P11_1	14	365718	146
Mock_P11_1	14	365718	157
Mock_P11_1	14	365718	98
Mock_P11_1	14	365718	159
Mock_P11_1	14	365718	173
Mock_P11_1	14	365718	150
Mock_P11_1	14	365718	167
Mock_P11_1	14	365718	141
Mock_P11_1	14	365718	184
Mock_P11_1	14	365718	141
Mock_P11_1	14	365718	277
Mock_P11_1	14	365718	153
Mock_P11_1	14	365718	258
Mock_P11_1	14	365718	170
Mock_P11_1	14	365718	132
Mock_P11_1	14	365718	123
Mock_P11_1	14	365718	98
Mock_P11_1	14	365718	157
Mock_P11_1	14	365718	183
Mock_P11_1	14	365718	145
Mock_P11_1	14	365718	185
Mock_P11_1	14	365718	160
Mock_P11_1	14	365718	84
Mock_P11_1	14	365718	263
Mock_P11_1	14	365718	145
Mock_P11_1	14	365718	236
Mock_P11_1	14	365718	87
Mock_P11_1	14	365718	169
Mock_P11_1	14	365718	139
Mock_P11_1	14	365718	100
Mock_P11_1	14	365718	89
Mock_P11_1	14	365718	137
Mock_P11_1	14	365718	159
Mock_P11_1	14	365718	103
Mock_P11_1	14	365718	107
Mock_P11_1	14	365718	104
Mock_P11_1	14	365718	13
Mock_P11_1	14	365718	103
Mock_P11_1	14	365718	167
Mock_P11_1	14	365718	135
Mock_P11_1	14	365718	85
Mock_P11_1	14	365718	105
Mock_P11_1	14	365718	117
Mock_P11_1	14	365718	181
Mock_P11_1	14	365718	119
Mock_P11_1	14	365718	111
Mock_P11_1	14	365718	94
Mock_P11_1	14	365718	57
Mock_P11_1	14	365718	140
Mock_P11_1	14	365718	69
Mock_P11_1	14	365718	162
Mock_P11_1	14	365718	191
Mock_P11_1	14	365718	118
Mock_P11_1	14	365718	247
Mock_P11_1	14	365718	120
Mock_P11_1	14	365718	10
Mock_P11_1	14	365718	88
Mock_P11_1	14	365718	135
Mock_P11_1	14	365718	120
Mock_P11_1	14	365718	113
Mock_P11_1	14	365718	83
Mock_P11_1	14	365718	164
Mock_P11_1	14	365718	112
Mock_P11_1	14	365718	82
Mock_P11_1	14	365718	120
Mock_P11_1	14	365718	174
Mock_P11_1	14	365718	74
Mock_P11_1	14	365718	28
Mock_P11_1	14	365718	112
Mock_P11_1	14	365718	165
Mock_P11_1	14	365718	92
Mock_P11_1	14	365718	208
Mock_P11_1	14	365718	119
Mock_P11_1	14	365718	119
Mock_P11_1	14	365718	70
Mock_P11_1	14	365718	111
Mock_P11_1	14	365718	133
Mock_P11_1	14	365718	164
Mock_P11_1	14	365718	113
Mock_P11_1	14	365718	90
Mock_P11_1	14	365718	53
Mock_P11_1	14	365718	165
Mock_P11_1	14	365718	156
Mock_P11_1	14	365718	16
Mock_P11_1	14	365718	10
Mock_P11_1	14	365718	82
Mock_P11_1	14	365718	112
Mock_P11_1	14	365718	151
Mock_P11_1	14	365718	126
Mock_P11_1	14	365718	125
Mock_P11_1	14	365718	58
Mock_P11_1	14	365718	81
Mock_P11_1	14	365718	101
Mock_P11_1	15	253664	113
Mock_P11_1	15	253664	85
Mock_P11_1	15	253664	70
Mock_P11_1	15	253664	145
Mock_P11_1	15	253664	123
Mock_P11_1	15	253664	254
Mock_P11_1	15	253664	126
Mock_P11_1	15	253664	25
Mock_P11_1	15	253664	111
Mock_P11_1	15	253664	139
Mock_P11_1	15	253664	75
Mock_P11_1	15	253664	160
Mock_P11_1	15	253664	152
Mock_P11_1	15	253664	130
Mock_P11_1	15	253664	196
Mock_P11_1	15	253664	100
Mock_P11_1	15	253664	131
Mock_P11_1	15	253664	173
Mock_P11_1	15	253664	130
Mock_P11_1	15	253664	95
Mock_P11_1	15	253664	104
Mock_P11_1	15	253664	225
Mock_P11_1	15	253664	223
Mock_P11_1	15	253664	194
Mock_P11_1	15	253664	85
Mock_P11_1	15	253664	119
Mock_P11_1	15	253664	71
Mock_P11_1	15	253664	219
Mock_P11_1	15	253664	64
Mock_P11_1	15	253664	184
Mock_P11_1	15	253664	141
Mock_P11_1	15	253664	117
Mock_P11_1	15	253664	100
Mock_P11_1	15	253664	113
Mock_P11_1	15	253664	139
Mock_P11_1	15	253664	115
Mock_P11_1	15	253664	69
Mock_P11_1	15	253664	82
Mock_P11_1	15	253664	84
Mock_P11_1	15	253664	83
Mock_P11_1	15	253664	129
Mock_P11_1	15	253664	116
Mock_P11_1	15	253664	106
Mock_P11_1	15	253664	57
Mock_P11_1	15	253664	91
Mock_P11_1	15	253664	133
Mock_P11_1	15	253664	134
Mock_P11_1	15	253664	73
Mock_P11_1	15	253664	13
Mock_P11_1	15	253664	68
Mock_P11_1	15	253664	82
Mock_P11_1	15	253664	59
Mock_P11_1	15	253664	36
Mock_P11_1	15	253664	40
Mock_P11_1	15	253664	74
Mock_P11_1	15	253664	72
Mock_P11_1	15	253664	161
Mock_P11_1	15	253664	119
Mock_P11_1	15	253664	35
Mock_P11_1	15	253664	61
Mock_P11_1	15	253664	11
Mock_P11_1	15	253664	94
Mock_P11_1	15	253664	228
Mock_P11_1	15	253664	64
Mock_P11_1	15	253664	134
Mock_P11_1	15	253664	201
Mock_P11_1	15	253664	114
Mock_P11_1	15	253664	98
Mock_P11_1	15	253664	149
Mock_P11_1	15	253664	89
Mock_P11_1	15	253664	49
Mock_P11_1	15	253664	172
Mock_P11_1	15	253664	95
Mock_P11_1	15	253664	11
Mock_P11_1	15	253664	77
Mock_P11_1	15	253664	137
Mock_P11_1	15	253664	81
Mock_P11_1	15	253664	71
Mock_P11_1	15	253664	88
Mock_P11_1	15	253664	25
Mock_P11_1	15	253664	110
Mock_P11_1	15	253664	83
Mock_P11_1	16	319663	133
Mock_P11_1	16	319663	107
Mock_P11_1	16	319663	178
Mock_P11_1	16	319663	125
Mock_P11_1	16	319663	129
Mock_P11_1	16	319663	189
Mock_P11_1	16	319663	71
Mock_P11_1	16	319663	151
Mock_P11_1	16	319663	117
Mock_P11_1	16	319663	204
Mock_P11_1	16	319663	99
Mock_P11_1	16	319663	130
Mock_P11_1	16	319663	108
Mock_P11_1	16	319663	121
Mock_P11_1	16	319663	81
Mock_P11_1	16	319663	104
Mock_P11_1	16	319663	77
Mock_P11_1	16	319663	169
Mock_P11_1	16	319663	104
Mock_P11_1	16	319663	105
Mock_P11_1	16	319663	126
Mock_P11_1	16	319663	125
Mock_P11_1	16	319663	112
Mock_P11_1	16	319663	127
Mock_P11_1	16	319663	110
Mock_P11_1	16	319663	152
Mock_P11_1	16	319663	164
Mock_P11_1	16	319663	99
Mock_P11_1	16	319663	119
Mock_P11_1	16	319663	160
Mock_P11_1	16	319663	79
Mock_P11_1	16	319663	147
Mock_P11_1	16	319663	109
Mock_P11_1	16	319663	205
Mock_P11_1	16	319663	101
Mock_P11_1	16	319663	115
Mock_P11_1	16	319663	90
Mock_P11_1	16	319663	115
Mock_P11_1	16	319663	148
Mock_P11_1	16	319663	146
Mock_P11_1	16	319663	161
Mock_P11_1	16	319663	167
Mock_P11_1	16	319663	246
Mock_P11_1	16	319663	113
Mock_P11_1	16	319663	51
Mock_P11_1	16	319663	90
Mock_P11_1	16	319663	96
Mock_P11_1	16	319663	140
Mock_P11_1	16	319663	89
Mock_P11_1	16	319663	140
Mock_P11_1	16	319663	139
Mock_P11_1	16	319663	93
Mock_P11_1	16	319663	77
Mock_P11_1	16	319663	105
Mock_P11_1	16	319663	98
Mock_P11_1	16	319663	108
Mock_P11_1	16	319663	54
Mock_P11_1	16	319663	242
Mock_P11_1	16	319663	80
Mock_P11_1	16	319663	153
Mock_P11_1	16	319663	167
Mock_P11_1	16	319663	150
Mock_P11_1	16	319663	85
Mock_P11_1	16	319663	68
Mock_P11_1	16	319663	79
Mock_P11_1	16	319663	204
Mock_P11_1	16	319663	128
Mock_P11_1	16	319663	174
Mock_P11_1	16	319663	116
Mock_P11_1	16	319663	508
Mock_P11_1	16	319663	151
Mock_P11_1	16	319663	74
Mock_P11_1	16	319663	151
Mock_P11_1	16	319663	119
Mock_P11_1	16	319663	93
Mock_P11_1	16	319663	11
Mock_P11_1	16	319663	100
Mock_P11_1	16	319663	121
Mock_P11_1	16	319663	97
Mock_P11_1	16	319663	65
Mock_P11_1	16	319663	18
Mock_P11_1	16	319663	121
Mock_P11_1	16	319663	108
Mock_P11_1	16	319663	86
Mock_P11_1	16	319663	94
Mock_P11_1	16	319663	101
Mock_P11_1	16	319663	101
Mock_P11_1	16	319663	100
Mock_P11_1	16	319663	213
Mock_P11_1	16	319663	166
Mock_P11_1	16	319663	105
Mock_P11_1	16	319663	100
Mock_P11_1	16	319663	150
Mock_P11_1	16	319663	105
Mock_P11_1	16	319663	71
Mock_P11_1	16	319663	156
Mock_P11_1	16	319663	149
Mock_P11_1	16	319663	109
Mock_P11_1	16	319663	158
Mock_P11_1	16	319663	216
Mock_P11_1	16	319663	88
Mock_P11_1	16	319663	18
Mock_P11_1	16	319663	11
Mock_P11_1	16	319663	107
Mock_P11_1	16	319663	56
Mock_P11_1	16	319663	58
Mock_P11_1	16	319663	180
Mock_P11_1	17	331279	73
Mock_P11_1	17	331279	185
Mock_P11_1	17	331279	86
Mock_P11_1	17	331279	57
Mock_P11_1	17	331279	106
Mock_P11_1	17	331279	155
Mock_P11_1	17	331279	64
Mock_P11_1	17	331279	103
Mock_P11_1	17	331279	119
Mock_P11_1	17	331279	58
Mock_P11_1	17	331279	105
Mock_P11_1	17	331279	78
Mock_P11_1	17	331279	146
Mock_P11_1	17	331279	83
Mock_P11_1	17	331279	194
Mock_P11_1	17	331279	85
Mock_P11_1	17	331279	70
Mock_P11_1	17	331279	103
Mock_P11_1	17	331279	83
Mock_P11_1	17	331279	98
Mock_P11_1	17	331279	118
Mock_P11_1	17	331279	166
Mock_P11_1	17	331279	107
Mock_P11_1	17	331279	100
Mock_P11_1	17	331279	213
Mock_P11_1	17	331279	156
Mock_P11_1	17	331279	113
Mock_P11_1	17	331279	296
Mock_P11_1	17	331279	111
Mock_P11_1	17	331279	110
Mock_P11_1	17	331279	154
Mock_P11_1	17	331279	108
Mock_P11_1	17	331279	22
Mock_P11_1	17	331279	147
Mock_P11_1	17	331279	101
Mock_P11_1	17	331279	45
Mock_P11_1	17	331279	144
Mock_P11_1	17	331279	113
Mock_P11_1	17	331279	265
Mock_P11_1	17	331279	124
Mock_P11_1	17	331279	148
Mock_P11_1	17	331279	119
Mock_P11_1	17	331279	99
Mock_P11_1	17	331279	91
Mock_P11_1	17	331279	249
Mock_P11_1	17	331279	71
Mock_P11_1	17	331279	134
Mock_P11_1	17	331279	129
Mock_P11_1	17	331279	101
Mock_P11_1	17	331279	98
Mock_P11_1	17	331279	102
Mock_P11_1	17	331279	21
Mock_P11_1	17	331279	218
Mock_P11_1	17	331279	84
Mock_P11_1	17	331279	111
Mock_P11_1	17	331279	185
Mock_P11_1	17	331279	73
Mock_P11_1	17	331279	176
Mock_P11_1	17	331279	67
Mock_P11_1	17	331279	87
Mock_P11_1	17	331279	131
Mock_P11_1	17	331279	122
Mock_P11_1	17	331279	121
Mock_P11_1	17	331279	548
Mock_P11_1	17	331279	90
Mock_P11_1	17	331279	179
Mock_P11_1	17	331279	166
Mock_P11_1	17	331279	243
Mock_P11_1	17	331279	106
Mock_P11_1	17	331279	143
Mock_P11_1	17	331279	128
Mock_P11_1	17	331279	122
Mock_P11_1	17	331279	202
Mock_P11_1	17	331279	11
Mock_P11_1	17	331279	149
Mock_P11_1	17	331279	98
Mock_P11_1	17	331279	132
Mock_P11_1	17	331279	109
Mock_P11_1	17	331279	138
Mock_P11_1	17	331279	11
Mock_P11_1	17	331279	95
Mock_P11_1	17	331279	14
Mock_P11_1	17	331279	228
Mock_P11_1	17	331279	111
Mock_P11_1	17	331279	162
Mock_P11_1	17	331279	161
Mock_P11_1	17	331279	267
Mock_P11_1	17	331279	177
Mock_P11_1	17	331279	145
Mock_P11_1	17	331279	224
Mock_P11_1	17	331279	170
Mock_P11_1	17	331279	162
Mock_P11_1	17	331279	158
Mock_P11_1	17	331279	123
Mock_P11_1	17	331279	173
Mock_P11_1	17	331279	150
Mock_P11_1	17	331279	295
Mock_P11_1	17	331279	350
Mock_P11_1	17	331279	109
Mock_P11_1	17	331279	120
Mock_P11_1	17	331279	96
Mock_P11_1	17	331279	160
Mock_P11_1	17	331279	38
Mock_P11_1	17	331279	97
Mock_P11_1	17	331279	44
Mock_P11_1	17	331279	350
Mock_P11_1	17	331279	23
Mock_P11_1	17	331279	55
Mock_P11_1	17	331279	83
Mock_P11_1	17	331279	211
Mock_P11_1	17	331279	108
Mock_P11_1	17	331279	109
Mock_P11_1	17	331279	138
Mock_P11_1	17	331279	83
Mock_P11_1	17	331279	91
Mock_P11_1	17	331279	10
Mock_P11_1	17	331279	101
Mock_P11_1	17	331279	52
Mock_P11_1	18	282745	143
Mock_P11_1	18	282745	196
Mock_P11_1	18	282745	63
Mock_P11_1	18	282745	114
Mock_P11_1	18	282745	430
Mock_P11_1	18	282745	145
Mock_P11_1	18	282745	244
Mock_P11_1	18	282745	103
Mock_P11_1	18	282745	166
Mock_P11_1	18	282745	16
Mock_P11_1	18	282745	146
Mock_P11_1	18	282745	108
Mock_P11_1	18	282745	192
Mock_P11_1	18	282745	78
Mock_P11_1	18	282745	144
Mock_P11_1	18	282745	42
Mock_P11_1	18	282745	88
Mock_P11_1	18	282745	131
Mock_P11_1	18	282745	96
Mock_P11_1	18	282745	105
Mock_P11_1	18	282745	110
Mock_P11_1	18	282745	109
Mock_P11_1	18	282745	190
Mock_P11_1	18	282745	75
Mock_P11_1	18	282745	132
Mock_P11_1	18	282745	58
Mock_P11_1	18	282745	115
Mock_P11_1	18	282745	148
Mock_P11_1	18	282745	41
Mock_P11_1	18	282745	23
Mock_P11_1	18	282745	174
Mock_P11_1	18	282745	89
Mock_P11_1	18	282745	106
Mock_P11_1	18	282745	234
Mock_P11_1	18	282745	133
Mock_P11_1	18	282745	48
Mock_P11_1	18	282745	51
Mock_P11_1	18	282745	117
Mock_P11_1	18	282745	100
Mock_P11_1	18	282745	99
Mock_P11_1	18	282745	94
Mock_P11_1	18	282745	98
Mock_P11_1	18	282745	115
Mock_P11_1	18	282745	81
Mock_P11_1	18	282745	229
Mock_P11_1	18	282745	70
Mock_P11_1	18	282745	155
Mock_P11_1	18	282745	63
Mock_P11_1	18	282745	27
Mock_P11_1	18	282745	135
Mock_P11_1	18	282745	85
Mock_P11_1	18	282745	134
Mock_P11_1	18	282745	147
Mock_P11_1	18	282745	43
Mock_P11_1	18	282745	155
Mock_P11_1	18	282745	98
Mock_P11_1	18	282745	136
Mock_P11_1	18	282745	96
Mock_P11_1	18	282745	102
Mock_P11_1	18	282745	66
Mock_P11_1	18	282745	81
Mock_P11_1	18	282745	105
Mock_P11_1	18	282745	85
Mock_P11_1	18	282745	153
Mock_P11_1	18	282745	170
Mock_P11_1	18	282745	187
Mock_P11_1	18	282745	47
Mock_P11_1	18	282745	79
Mock_P11_1	18	282745	71
Mock_P11_1	18	282745	223
Mock_P11_1	18	282745	151
Mock_P11_1	18	282745	80
Mock_P11_1	18	282745	135
Mock_P11_1	18	282745	139
Mock_P11_1	18	282745	98
Mock_P11_1	18	282745	27
Mock_P11_1	18	282745	88
Mock_P11_1	18	282745	118
Mock_P11_1	18	282745	97
Mock_P11_1	18	282745	154
Mock_P11_1	18	282745	83
Mock_P11_1	18	282745	198
Mock_P11_1	18	282745	153
Mock_P11_1	18	282745	78
Mock_P11_1	18	282745	28
Mock_P11_1	18	282745	19
Mock_P11_1	18	282745	12
Mock_P11_1	18	282745	25
Mock_P11_1	18	282745	98
Mock_P11_1	18	282745	78
Mock_P11_1	18	282745	104
Mock_P11_1	18	282745	110
Mock_P11_1	18	282745	202
Mock_P11_1	18	282745	126
Mock_P11_1	18	282745	78
Mock_P11_1	18	282745	65
Mock_P11_1	19	318857	159
Mock_P11_1	19	318857	119
Mock_P11_1	19	318857	152
Mock_P11_1	19	318857	101
Mock_P11_1	19	318857	113
Mock_P11_1	19	318857	118
Mock_P11_1	19	318857	123
Mock_P11_1	19	318857	102
Mock_P11_1	19	318857	218
Mock_P11_1	19	318857	70
Mock_P11_1	19	318857	162
Mock_P11_1	19	318857	96
Mock_P11_1	19	318857	112
Mock_P11_1	19	318857	488
Mock_P11_1	19	318857	191
Mock_P11_1	19	318857	117
Mock_P11_1	19	318857	106
Mock_P11_1	19	318857	127
Mock_P11_1	19	318857	105
Mock_P11_1	19	318857	158
Mock_P11_1	19	318857	140
Mock_P11_1	19	318857	184
Mock_P11_1	19	318857	147
Mock_P11_1	19	318857	123
Mock_P11_1	19	318857	124
Mock_P11_1	19	318857	97
Mock_P11_1	19	318857	99
Mock_P11_1	19	318857	19
Mock_P11_1	19	318857	119
Mock_P11_1	19	318857	121
Mock_P11_1	19	318857	124
Mock_P11_1	19	318857	145
Mock_P11_1	19	318857	90
Mock_P11_1	19	318857	42
Mock_P11_1	19	318857	95
Mock_P11_1	19	318857	144
Mock_P11_1	19	318857	144
Mock_P11_1	19	318857	201
Mock_P11_1	19	318857	112
Mock_P11_1	19	318857	143
Mock_P11_1	19	318857	188
Mock_P11_1	19	318857	167
Mock_P11_1	19	318857	219
Mock_P11_1	19	318857	155
Mock_P11_1	19	318857	129
Mock_P11_1	19	318857	86
Mock_P11_1	19	318857	115
Mock_P11_1	19	318857	234
Mock_P11_1	19	318857	194
Mock_P11_1	19	318857	158
Mock_P11_1	19	318857	116
Mock_P11_1	19	318857	71
Mock_P11_1	19	318857	138
Mock_P11_1	19	318857	124
Mock_P11_1	19	318857	17
Mock_P11_1	19	318857	113
Mock_P11_1	19	318857	99
Mock_P11_1	19	318857	147
Mock_P11_1	19	318857	33
Mock_P11_1	19	318857	136
Mock_P11_1	19	318857	157
Mock_P11_1	19	318857	113
Mock_P11_1	19	318857	161
Mock_P11_1	19	318857	200
Mock_P11_1	19	318857	136
Mock_P11_1	19	318857	87
Mock_P11_1	19	318857	165
Mock_P11_1	19	318857	123
Mock_P11_1	19	318857	224
Mock_P11_1	19	318857	137
Mock_P11_1	19	318857	18
Mock_P11_1	19	318857	256
Mock_P11_1	19	318857	237
Mock_P11_1	19	318857	176
Mock_P11_1	19	318857	164
Mock_P11_1	19	318857	146
Mock_P11_1	19	318857	29
Mock_P11_1	19	318857	137
Mock_P11_1	19	318857	123
Mock_P11_1	19	318857	151
Mock_P11_1	19	318857	94
Mock_P11_1	19	318857	52
Mock_P11_1	19	318857	77
Mock_P11_1	19	318857	70
Mock_P11_1	19	318857	206
Mock_P11_1	19	318857	82
Mock_P11_1	19	318857	79
Mock_P11_1	19	318857	111
Mock_P11_1	19	318857	67
Mock_P11_1	19	318857	123
Mock_P11_1	19	318857	122
Mock_P11_1	19	318857	118
Mock_P11_1	19	318857	78
Mock_P11_1	19	318857	127
Mock_P11_1	19	318857	262
Mock_P11_1	19	318857	100
Mock_P11_1	19	318857	256
Mock_P11_1	19	318857	100
Mock_P11_1	19	318857	179
Mock_P11_1	19	318857	78
Mock_P11_1	19	318857	82
Mock_P11_1	19	318857	103
Mock_P11_1	19	318857	108
Mock_P11_1	19	318857	118
Mock_P11_1	19	318857	93
Mock_P11_1	19	318857	103
Mock_P11_1	19	318857	52
Mock_P11_1	19	318857	73
Mock_P11_1	19	318857	170
Mock_P11_1	19	318857	98
Mock_P11_1	19	318857	190
Mock_P11_1	19	318857	112
Mock_P11_1	19	318857	98
Mock_P11_1	19	318857	80
Mock_P11_1	19	318857	97
Mock_P11_1	19	318857	165
Mock_P11_1	19	318857	67
Mock_P11_1	19	318857	146
Mock_P11_1	19	318857	154
Mock_P11_1	19	318857	133
Mock_P11_1	19	318857	74
Mock_P11_1	19	318857	129
Mock_P11_1	19	318857	11
Mock_P11_1	19	318857	222
Mock_P11_1	19	318857	186
Mock_P11_1	19	318857	61
Mock_P11_1	19	318857	36
Mock_P11_1	19	318857	77
Mock_P11_1	19	318857	79
Mock_P11_1	19	318857	141
Mock_P11_1	19	318857	162
Mock_P11_1	19	318857	126
Mock_P11_1	19	318857	61
Mock_P11_1	19	318857	154
Mock_P11_1	19	318857	103
Mock_P11_1	19	318857	10
Mock_P11_1	19	318857	19
Mock_P11_1	19	318857	150
Mock_P11_1	19	318857	116
Mock_P11_1	19	318857	156
Mock_P11_1	19	318857	163
Mock_P11_1	19	318857	120
Mock_P11_1	19	318857	125
Mock_P11_1	20	213760	59
Mock_P11_1	20	213760	72
Mock_P11_1	20	213760	117
Mock_P11_1	20	213760	77
Mock_P11_1	20	213760	121
Mock_P11_1	20	213760	93
Mock_P11_1	20	213760	188
Mock_P11_1	20	213760	80
Mock_P11_1	20	213760	40
Mock_P11_1	20	213760	141
Mock_P11_1	20	213760	178
Mock_P11_1	20	213760	73
Mock_P11_1	20	213760	69
Mock_P11_1	20	213760	80
Mock_P11_1	20	213760	92
Mock_P11_1	20	213760	77
Mock_P11_1	20	213760	133
Mock_P11_1	20	213760	125
Mock_P11_1	20	213760	98
Mock_P11_1	20	213760	127
Mock_P11_1	20	213760	108
Mock_P11_1	20	213760	135
Mock_P11_1	20	213760	88
Mock_P11_1	20	213760	123
Mock_P11_1	20	213760	155
Mock_P11_1	20	213760	23
Mock_P11_1	20	213760	288
Mock_P11_1	20	213760	86
Mock_P11_1	20	213760	165
Mock_P11_1	20	213760	186
Mock_P11_1	20	213760	136
Mock_P11_1	20	213760	165
Mock_P11_1	20	213760	166
Mock_P11_1	20	213760	129
Mock_P11_1	20	213760	177
Mock_P11_1	20	213760	178
Mock_P11_1	20	213760	196
Mock_P11_1	20	213760	73
Mock_P11_1	20	213760	133
Mock_P11_1	20	213760	151
Mock_P11_1	20	213760	84
Mock_P11_1	20	213760	74
Mock_P11_1	20	213760	98
Mock_P11_1	20	213760	139
Mock_P11_1	20	213760	192
Mock_P11_1	20	213760	117
Mock_P11_1	20	213760	130
Mock_P11_1	20	213760	209
Mock_P11_1	20	213760	73
Mock_P11_1	20	213760	170
Mock_P11_1	20	213760	75
Mock_P11_1	20	213760	99
Mock_P11_1	20	213760	102
Mock_P11_1	20	213760	72
Mock_P11_1	20	213760	74
Mock_P11_1	20	213760	83
Mock_P11_1	20	213760	95
Mock_P11_1	20	213760	144
Mock_P11_1	20	213760	114
Mock_P11_1	20	213760	139
Mock_P11_1	20	213760	138
Mock_P11_1	20	213760	78
Mock_P11_1	20	213760	177
Mock_P11_1	20	213760	120
Mock_P11_1	20	213760	122
Mock_P11_1	20	213760	137
Mock_P11_1	21	289516	104
Mock_P11_1	21	289516	68
Mock_P11_1	21	289516	92
Mock_P11_1	21	289516	307
Mock_P11_1	21	289516	122
Mock_P11_1	21	289516	179
Mock_P11_1	21	289516	120
Mock_P11_1	21	289516	90
Mock_P11_1	21	289516	158
Mock_P11_1	21	289516	113
Mock_P11_1	21	289516	73
Mock_P11_1	21	289516	79
Mock_P11_1	21	289516	85
Mock_P11_1	21	289516	123
Mock_P11_1	21	289516	31
Mock_P11_1	21	289516	234
Mock_P11_1	21	289516	109
Mock_P11_1	21	289516	152
Mock_P11_1	21	289516	75
Mock_P11_1	21	289516	34
Mock_P11_1	21	289516	92
Mock_P11_1	21	289516	114
Mock_P11_1	21	289516	257
Mock_P11_1	21	289516	276
Mock_P11_1	21	289516	283
Mock_P11_1	21	289516	132
Mock_P11_1	21	289516	70
Mock_P11_1	21	289516	61
Mock_P11_1	21	289516	91
Mock_P11_1	21	289516	66
Mock_P11_1	21	289516	76
Mock_P11_1	21	289516	132
Mock_P11_1	21	289516	86
Mock_P11_1	21	289516	94
Mock_P11_1	21	289516	148
Mock_P11_1	21	289516	97
Mock_P11_1	21	289516	102
Mock_P11_1	21	289516	98
Mock_P11_1	21	289516	119
Mock_P11_1	21	289516	126
Mock_P11_1	21	289516	173
Mock_P11_1	21	289516	163
Mock_P11_1	21	289516	19
Mock_P11_1	21	289516	134
Mock_P11_1	21	289516	78
Mock_P11_1	21	289516	108
Mock_P11_1	21	289516	102
Mock_P11_1	21	289516	140
Mock_P11_1	21	289516	50
Mock_P11_1	21	289516	105
Mock_P11_1	21	289516	96
Mock_P11_1	21	289516	139
Mock_P11_1	21	289516	138
Mock_P11_1	21	289516	151
Mock_P11_1	21	289516	10
Mock_P11_1	21	289516	524
Mock_P11_1	21	289516	113
Mock_P11_1	21	289516	154
Mock_P11_1	21	289516	111
Mock_P11_1	21	289516	181
Mock_P11_1	21	289516	147
Mock_P11_1	21	289516	281
Mock_P11_1	21	289516	161
Mock_P11_1	21	289516	304
Mock_P11_1	21	289516	47
Mock_P11_1	21	289516	182
Mock_P11_1	21	289516	125
Mock_P11_1	21	289516	104
Mock_P11_1	21	289516	87
Mock_P11_1	21	289516	204
Mock_P11_1	21	289516	102
Mock_P11_1	21	289516	196
Mock_P11_1	21	289516	113
Mock_P11_1	21	289516	123
Mock_P11_1	21	289516	251
Mock_P11_1	21	289516	142
Mock_P11_1	21	289516	117
Mock_P11_1	21	289516	94
Mock_P11_1	21	289516	114
Mock_P11_1	21	289516	91
Mock_P11_1	21	289516	126
Mock_P11_1	21	289516	75
Mock_P11_1	21	289516	72
Mock_P11_1	21	289516	110
Mock_P11_1	21	289516	328
Mock_P11_1	21	289516	74
Mock_P11_1	21	289516	139
Mock_P11_1	21	289516	129
Mock_P11_1	21	289516	144
Mock_P11_1	21	289516	102
Mock_P11_1	21	289516	85
Mock_P11_1	21	289516	117
Mock_P11_1	21	289516	127
Mock_P11_1	21	289516	190
Mock_P11_1	21	289516	299
Mock_P11_1	21	289516	213
Mock_P11_1	21	289516	117
Mock_P11_1	21	289516	121
Mock_P11_1	21	289516	89
Mock_P11_1	21	289516	127
Mock_P11_1	21	289516	70
Mock_P11_1	21	289516	115
Mock_P11_1	21	289516	157
Mock_P11_1	21	289516	206
Mock_P11_1	21	289516	147
Mock_P11_1	21	289516	169
Mock_P11_1	21	289516	105
Mock_P11_1	21	289516	183
Mock_P11_1	21	289516	104
Mock_P11_1	21	289516	152
Mock_P11_1	21	289516	106
Mock_P11_1	21	289516	160
Mock_P11_1	21	289516	145
Mock_P11_1	21	289516	136
Mock_P11_1	21	289516	167
Mock_P11_1	21	289516	117
Mock_P11_1	21	289516	116
Mock_P11_1	21	289516	89
Mock_P11_1	21	289516	174
Mock_P11_1	21	289516	11
Mock_P11_1	21	289516	95
Mock_P11_1	21	289516	102
Mock_P11_1	21	289516	115
Mock_P11_1	21	289516	307
Mock_P11_1	21	289516	129
Mock_P11_1	21	289516	103
Mock_P11_1	21	289516	129
Mock_P11_1	21	289516	137
Mock_P11_1	21	289516	180
Mock_P11_1	21	289516	181
Mock_P11_1	21	289516	122
Mock_P11_1	21	289516	125
Mock_P11_1	21	289516	98
Mock_P11_1	21	289516	110
Mock_P11_1	21	289516	128
Mock_P11_1	21	289516	112
Mock_P11_1	21	289516	47
Mock_P11_1	21	289516	138
Mock_P11_1	21	289516	109
Mock_P11_1	21	289516	219
Mock_P11_1	21	289516	114
Mock_P11_1	21	289516	46
Mock_P11_1	21	289516	111
Mock_P11_1	22	194509	50
Mock_P11_1	22	194509	108
Mock_P11_1	22	194509	103
Mock_P11_1	22	194509	112
Mock_P11_1	22	194509	115
Mock_P11_1	22	194509	77
Mock_P11_1	22	194509	119
Mock_P11_1	22	194509	187
Mock_P11_1	22	194509	248
Mock_P11_1	22	194509	135
Mock_P11_1	22	194509	297
Mock_P11_1	22	194509	175
Mock_P11_1	22	194509	115
Mock_P11_1	22	194509	133
Mock_P11_1	22	194509	124
Mock_P11_1	22	194509	236
Mock_P11_1	22	194509	146
Mock_P11_1	22	194509	108
Mock_P11_1	22	194509	237
Mock_P11_1	22	194509	121
Mock_P11_1	22	194509	132
Mock_P11_1	22	194509	123
Mock_P11_1	22	194509	122
Mock_P11_1	22	194509	292
Mock_P11_1	22	194509	171
Mock_P11_1	22	194509	95
Mock_P11_1	22	194509	225
Mock_P11_1	22	194509	91
Mock_P11_1	22	194509	145
Mock_P11_1	22	194509	147
Mock_P11_1	22	194509	168
Mock_P11_1	22	194509	131
Mock_P11_1	22	194509	98
Mock_P11_1	22	194509	325
Mock_P11_1	22	194509	199
Mock_P11_1	22	194509	127
Mock_P11_1	22	194509	97
Mock_P11_1	22	194509	233
Mock_P11_1	22	194509	131
Mock_P11_1	22	194509	92
Mock_P11_1	22	194509	108
Mock_P11_1	22	194509	210
Mock_P11_1	22	194509	125
Mock_P11_1	22	194509	100
Mock_P11_1	22	194509	123
Mock_P11_1	22	194509	157
Mock_P11_1	22	194509	106
Mock_P11_1	22	194509	103
Mock_P11_1	22	194509	162
Mock_P11_1	22	194509	150
Mock_P11_1	22	194509	104
Mock_P11_1	22	194509	136
Mock_P11_1	22	194509	138
Mock_P11_1	22	194509	266
Mock_P11_1	22	194509	113
Mock_P11_1	22	194509	77
Mock_P11_1	22	194509	70
Mock_P11_1	22	194509	241
Mock_P11_1	22	194509	97
Mock_P11_1	22	194509	148
Mock_P11_1	22	194509	165
Mock_P11_1	22	194509	118
Mock_P11_1	22	194509	89
Mock_P11_1	22	194509	207
Mock_P11_1	22	194509	70
Mock_P11_1	22	194509	42
Mock_P11_1	23	249349	87
Mock_P11_1	23	249349	133
Mock_P11_1	23	249349	42
Mock_P11_1	23	249349	63
Mock_P11_1	23	249349	67
Mock_P11_1	23	249349	121
Mock_P11_1	23	249349	182
Mock_P11_1	23	249349	101
Mock_P11_1	23	249349	103
Mock_P11_1	23	249349	52
Mock_P11_1	23	249349	42
Mock_P11_1	23	249349	70
Mock_P11_1	23	249349	90
Mock_P11_1	23	249349	76
Mock_P11_1	23	249349	170
Mock_P11_1	23	249349	121
Mock_P11_1	23	249349	155
Mock_P11_1	23	249349	82
Mock_P11_1	23	249349	103
Mock_P11_1	23	249349	67
Mock_P11_1	23	249349	347
Mock_P11_1	23	249349	92
Mock_P11_1	23	249349	163
Mock_P11_1	23	249349	173
Mock_P11_1	23	249349	110
Mock_P11_1	23	249349	86
Mock_P11_1	23	249349	114
Mock_P11_1	23	249349	89
Mock_P11_1	23	249349	71
Mock_P11_1	23	249349	178
Mock_P11_1	23	249349	156
Mock_P11_1	23	249349	129
Mock_P11_1	23	249349	92
Mock_P11_1	23	249349	164
Mock_P11_1	23	249349	56
Mock_P11_1	23	249349	161
Mock_P11_1	23	249349	95
Mock_P11_1	23	249349	78
Mock_P11_1	23	249349	185
Mock_P11_1	23	249349	157
Mock_P11_1	23	249349	200
Mock_P11_1	23	249349	59
Mock_P11_1	23	249349	83
Mock_P11_1	23	249349	137
Mock_P11_1	23	249349	108
Mock_P11_1	23	249349	196
Mock_P11_1	23	249349	74
Mock_P11_1	23	249349	148
Mock_P11_1	23	249349	134
Mock_P11_1	23	249349	185
Mock_P11_1	23	249349	377
Mock_P11_1	23	249349	142
Mock_P11_1	23	249349	139
Mock_P11_1	23	249349	250
Mock_P11_1	23	249349	110
Mock_P11_1	23	249349	229
Mock_P11_1	23	249349	395
Mock_P11_1	23	249349	154
Mock_P11_1	23	249349	155
Mock_P11_1	23	249349	208
Mock_P11_1	23	249349	103
Mock_P11_1	23	249349	165
Mock_P11_1	23	249349	250
Mock_P11_1	23	249349	73
Mock_P11_1	23	249349	96
Mock_P11_1	23	249349	139
Mock_P11_1	23	249349	75
Mock_P11_1	23	249349	64
Mock_P11_1	23	249349	100
Mock_P11_1	23	249349	83
Mock_P11_1	23	249349	87
Mock_P11_1	23	249349	144
Mock_P11_1	23	249349	170
Mock_P11_1	23	249349	171
Mock_P11_1	23	249349	70
Mock_P11_1	23	249349	99
Mock_P11_1	23	249349	218
Mock_P11_1	23	249349	63
Mock_P11_1	23	249349	150
Mock_P11_1	23	249349	90
Mock_P11_1	23	249349	49
Mock_P11_1	23	249349	73
Mock_P11_1	23	249349	88
Mock_P11_1	23	249349	98
Mock_P11_1	23	249349	95
Mock_P11_1	23	249349	175
Mock_P11_1	23	249349	109
Mock_P11_1	23	249349	120
Mock_P11_1	23	249349	106
Mock_P11_1	23	249349	49
Mock_P11_1	23	249349	104
Mock_P11_1	23	249349	165
Mock_P11_1	23	249349	200
Mock_P11_1	23	249349	83
Mock_P11_1	23	249349	114
Mock_P11_1	23	249349	374
Mock_P11_1	23	249349	164
Mock_P11_1	23	249349	236
Mock_P11_1	23	249349	148
Mock_P11_1	23	249349	119
Mock_P11_1	23	249349	107
Mock_P11_1	23	249349	99
Mock_P11_1	23	249349	130
Mock_P11_1	23	249349	176
Mock_P11_1	23	249349	229
Mock_P11_1	23	249349	73
Mock_P11_1	23	249349	95
