fichier	leaf	surfaceLeaf	surfaceLesion
Mock_P09_1	1	309542	88
Mock_P09_1	1	309542	97
Mock_P09_1	1	309542	118
Mock_P09_1	1	309542	92
Mock_P09_1	1	309542	87
Mock_P09_1	1	309542	14
Mock_P09_1	1	309542	35
Mock_P09_1	1	309542	112
Mock_P09_1	1	309542	93
Mock_P09_1	1	309542	104
Mock_P09_1	1	309542	89
Mock_P09_1	1	309542	84
Mock_P09_1	1	309542	104
Mock_P09_1	1	309542	90
Mock_P09_1	1	309542	370
Mock_P09_1	1	309542	40
Mock_P09_1	1	309542	30
Mock_P09_1	1	309542	139
Mock_P09_1	1	309542	38
Mock_P09_1	1	309542	141
Mock_P09_1	1	309542	131
Mock_P09_1	1	309542	35
Mock_P09_1	1	309542	142
Mock_P09_1	1	309542	98
Mock_P09_1	1	309542	157
Mock_P09_1	1	309542	107
Mock_P09_1	1	309542	133
Mock_P09_1	1	309542	109
Mock_P09_1	1	309542	166
Mock_P09_1	1	309542	82
Mock_P09_1	1	309542	296
Mock_P09_1	1	309542	215
Mock_P09_1	1	309542	136
Mock_P09_1	1	309542	156
Mock_P09_1	1	309542	90
Mock_P09_1	1	309542	161
Mock_P09_1	1	309542	161
Mock_P09_1	1	309542	134
Mock_P09_1	1	309542	197
Mock_P09_1	1	309542	172
Mock_P09_1	1	309542	170
Mock_P09_1	1	309542	120
Mock_P09_1	1	309542	84
Mock_P09_1	1	309542	310
Mock_P09_1	1	309542	142
Mock_P09_1	1	309542	166
Mock_P09_1	1	309542	126
Mock_P09_1	1	309542	85
Mock_P09_1	1	309542	176
Mock_P09_1	1	309542	131
Mock_P09_1	1	309542	148
Mock_P09_1	1	309542	133
Mock_P09_1	1	309542	101
Mock_P09_1	1	309542	140
Mock_P09_1	1	309542	233
Mock_P09_1	1	309542	288
Mock_P09_1	1	309542	180
Mock_P09_1	1	309542	144
Mock_P09_1	1	309542	141
Mock_P09_1	1	309542	351
Mock_P09_1	1	309542	98
Mock_P09_1	1	309542	210
Mock_P09_1	1	309542	140
Mock_P09_1	1	309542	212
Mock_P09_1	1	309542	68
Mock_P09_1	1	309542	21
Mock_P09_1	1	309542	202
Mock_P09_1	1	309542	121
Mock_P09_1	1	309542	148
Mock_P09_1	1	309542	157
Mock_P09_1	1	309542	93
Mock_P09_1	1	309542	97
Mock_P09_1	1	309542	108
Mock_P09_1	1	309542	124
Mock_P09_1	1	309542	179
Mock_P09_1	1	309542	34
Mock_P09_1	1	309542	87
Mock_P09_1	1	309542	37
Mock_P09_1	1	309542	16
Mock_P09_1	1	309542	82
Mock_P09_1	1	309542	124
Mock_P09_1	1	309542	89
Mock_P09_1	1	309542	91
Mock_P09_1	1	309542	78
Mock_P09_1	1	309542	49
Mock_P09_1	1	309542	67
Mock_P09_1	1	309542	102
Mock_P09_1	1	309542	99
Mock_P09_1	1	309542	129
Mock_P09_1	1	309542	35
Mock_P09_1	1	309542	83
Mock_P09_1	1	309542	35
Mock_P09_1	1	309542	157
Mock_P09_1	1	309542	176
Mock_P09_1	1	309542	55
Mock_P09_1	1	309542	130
Mock_P09_1	1	309542	229
Mock_P09_1	1	309542	83
Mock_P09_1	1	309542	177
Mock_P09_1	1	309542	66
Mock_P09_1	1	309542	99
Mock_P09_1	1	309542	82
Mock_P09_1	1	309542	59
Mock_P09_1	1	309542	64
Mock_P09_1	1	309542	119
Mock_P09_1	1	309542	64
Mock_P09_1	1	309542	148
Mock_P09_1	1	309542	119
Mock_P09_1	1	309542	120
Mock_P09_1	1	309542	106
Mock_P09_1	1	309542	17
Mock_P09_1	1	309542	99
Mock_P09_1	1	309542	71
Mock_P09_1	1	309542	95
Mock_P09_1	1	309542	208
Mock_P09_1	1	309542	26
Mock_P09_1	1	309542	53
Mock_P09_1	1	309542	79
Mock_P09_1	1	309542	14
Mock_P09_1	1	309542	26
Mock_P09_1	1	309542	104
Mock_P09_1	1	309542	126
Mock_P09_1	1	309542	108
Mock_P09_1	1	309542	69
Mock_P09_1	1	309542	100
Mock_P09_1	1	309542	77
Mock_P09_1	1	309542	30
Mock_P09_1	1	309542	269
Mock_P09_1	1	309542	121
Mock_P09_1	1	309542	67
Mock_P09_1	1	309542	125
Mock_P09_1	1	309542	61
Mock_P09_1	1	309542	360
Mock_P09_1	1	309542	116
Mock_P09_1	1	309542	77
Mock_P09_1	1	309542	65
Mock_P09_1	1	309542	109
Mock_P09_1	1	309542	28
Mock_P09_1	1	309542	96
Mock_P09_1	1	309542	46
Mock_P09_1	1	309542	28
Mock_P09_1	1	309542	98
Mock_P09_1	1	309542	130
Mock_P09_1	2	305675	70
Mock_P09_1	2	305675	45
Mock_P09_1	2	305675	40
Mock_P09_1	2	305675	24
Mock_P09_1	2	305675	79
Mock_P09_1	2	305675	75
Mock_P09_1	2	305675	96
Mock_P09_1	2	305675	72
Mock_P09_1	2	305675	296
Mock_P09_1	2	305675	181
Mock_P09_1	2	305675	139
Mock_P09_1	2	305675	129
Mock_P09_1	2	305675	91
Mock_P09_1	2	305675	107
Mock_P09_1	2	305675	65
Mock_P09_1	2	305675	83
Mock_P09_1	2	305675	105
Mock_P09_1	2	305675	98
Mock_P09_1	2	305675	64
Mock_P09_1	2	305675	104
Mock_P09_1	2	305675	117
Mock_P09_1	2	305675	73
Mock_P09_1	2	305675	97
Mock_P09_1	2	305675	89
Mock_P09_1	2	305675	107
Mock_P09_1	2	305675	74
Mock_P09_1	2	305675	90
Mock_P09_1	2	305675	94
Mock_P09_1	2	305675	83
Mock_P09_1	2	305675	130
Mock_P09_1	2	305675	75
Mock_P09_1	2	305675	60
Mock_P09_1	2	305675	32
Mock_P09_1	2	305675	94
Mock_P09_1	2	305675	87
Mock_P09_1	2	305675	55
Mock_P09_1	2	305675	40
Mock_P09_1	2	305675	54
Mock_P09_1	2	305675	55
Mock_P09_1	2	305675	99
Mock_P09_1	2	305675	78
Mock_P09_1	2	305675	83
Mock_P09_1	2	305675	33
Mock_P09_1	2	305675	70
Mock_P09_1	2	305675	60
Mock_P09_1	2	305675	78
Mock_P09_1	2	305675	35
Mock_P09_1	2	305675	67
Mock_P09_1	2	305675	39
Mock_P09_1	2	305675	30
Mock_P09_1	2	305675	99
Mock_P09_1	2	305675	108
Mock_P09_1	2	305675	37
Mock_P09_1	2	305675	100
Mock_P09_1	2	305675	71
Mock_P09_1	2	305675	60
Mock_P09_1	2	305675	93
Mock_P09_1	2	305675	63
Mock_P09_1	2	305675	86
Mock_P09_1	2	305675	167
Mock_P09_1	2	305675	50
Mock_P09_1	2	305675	58
Mock_P09_1	2	305675	74
Mock_P09_1	2	305675	107
Mock_P09_1	2	305675	76
Mock_P09_1	2	305675	81
Mock_P09_1	2	305675	91
Mock_P09_1	2	305675	69
Mock_P09_1	2	305675	113
Mock_P09_1	2	305675	44
Mock_P09_1	2	305675	27
Mock_P09_1	2	305675	84
Mock_P09_1	2	305675	35
Mock_P09_1	2	305675	54
Mock_P09_1	2	305675	114
Mock_P09_1	2	305675	110
Mock_P09_1	2	305675	64
Mock_P09_1	2	305675	82
Mock_P09_1	2	305675	63
Mock_P09_1	2	305675	51
Mock_P09_1	2	305675	72
Mock_P09_1	2	305675	58
Mock_P09_1	2	305675	40
Mock_P09_1	2	305675	119
Mock_P09_1	2	305675	50
Mock_P09_1	2	305675	70
Mock_P09_1	2	305675	75
Mock_P09_1	2	305675	79
Mock_P09_1	2	305675	44
Mock_P09_1	2	305675	12
Mock_P09_1	2	305675	103
Mock_P09_1	2	305675	28
Mock_P09_1	2	305675	17
Mock_P09_1	2	305675	10
Mock_P09_1	2	305675	28
Mock_P09_1	2	305675	12
Mock_P09_1	2	305675	39
Mock_P09_1	2	305675	79
Mock_P09_1	2	305675	13
Mock_P09_1	2	305675	53
Mock_P09_1	2	305675	58
Mock_P09_1	2	305675	77
Mock_P09_1	2	305675	81
Mock_P09_1	2	305675	246
Mock_P09_1	2	305675	215
Mock_P09_1	2	305675	145
Mock_P09_1	2	305675	87
Mock_P09_1	2	305675	66
Mock_P09_1	2	305675	103
Mock_P09_1	2	305675	33
Mock_P09_1	2	305675	60
Mock_P09_1	2	305675	106
Mock_P09_1	2	305675	105
Mock_P09_1	2	305675	98
Mock_P09_1	2	305675	156
Mock_P09_1	2	305675	116
Mock_P09_1	2	305675	141
Mock_P09_1	2	305675	84
Mock_P09_1	2	305675	16
Mock_P09_1	2	305675	92
Mock_P09_1	2	305675	96
Mock_P09_1	2	305675	60
Mock_P09_1	2	305675	87
Mock_P09_1	2	305675	111
Mock_P09_1	2	305675	147
Mock_P09_1	2	305675	15
Mock_P09_1	2	305675	24
Mock_P09_1	2	305675	42
Mock_P09_1	2	305675	86
Mock_P09_1	2	305675	54
Mock_P09_1	2	305675	17
Mock_P09_1	3	210186	94
Mock_P09_1	3	210186	86
Mock_P09_1	3	210186	116
Mock_P09_1	3	210186	129
Mock_P09_1	3	210186	71
Mock_P09_1	3	210186	110
Mock_P09_1	3	210186	107
Mock_P09_1	3	210186	152
Mock_P09_1	3	210186	124
Mock_P09_1	3	210186	103
Mock_P09_1	3	210186	164
Mock_P09_1	3	210186	139
Mock_P09_1	3	210186	141
Mock_P09_1	3	210186	101
Mock_P09_1	3	210186	60
Mock_P09_1	3	210186	189
Mock_P09_1	3	210186	126
Mock_P09_1	3	210186	114
Mock_P09_1	3	210186	96
Mock_P09_1	3	210186	110
Mock_P09_1	3	210186	109
Mock_P09_1	3	210186	69
Mock_P09_1	3	210186	125
Mock_P09_1	3	210186	83
Mock_P09_1	3	210186	595
Mock_P09_1	3	210186	104
Mock_P09_1	3	210186	90
Mock_P09_1	3	210186	137
Mock_P09_1	3	210186	83
Mock_P09_1	3	210186	63
Mock_P09_1	3	210186	134
Mock_P09_1	3	210186	131
Mock_P09_1	3	210186	106
Mock_P09_1	3	210186	117
Mock_P09_1	3	210186	111
Mock_P09_1	3	210186	195
Mock_P09_1	3	210186	288
Mock_P09_1	3	210186	239
Mock_P09_1	3	210186	164
Mock_P09_1	3	210186	82
Mock_P09_1	3	210186	46
Mock_P09_1	3	210186	101
Mock_P09_1	3	210186	80
Mock_P09_1	3	210186	121
Mock_P09_1	3	210186	54
Mock_P09_1	3	210186	98
Mock_P09_1	3	210186	17
Mock_P09_1	3	210186	123
Mock_P09_1	3	210186	128
Mock_P09_1	3	210186	17
Mock_P09_1	3	210186	139
Mock_P09_1	3	210186	158
Mock_P09_1	3	210186	64
Mock_P09_1	3	210186	78
Mock_P09_1	3	210186	142
Mock_P09_1	3	210186	56
Mock_P09_1	3	210186	106
Mock_P09_1	3	210186	104
Mock_P09_1	3	210186	75
Mock_P09_1	3	210186	44
Mock_P09_1	3	210186	107
Mock_P09_1	3	210186	65
Mock_P09_1	3	210186	130
Mock_P09_1	3	210186	98
Mock_P09_1	3	210186	110
Mock_P09_1	3	210186	102
Mock_P09_1	3	210186	99
Mock_P09_1	3	210186	52
Mock_P09_1	3	210186	117
Mock_P09_1	3	210186	85
Mock_P09_1	3	210186	95
Mock_P09_1	3	210186	83
Mock_P09_1	3	210186	79
Mock_P09_1	3	210186	231
Mock_P09_1	3	210186	17
Mock_P09_1	3	210186	128
Mock_P09_1	3	210186	104
Mock_P09_1	3	210186	76
Mock_P09_1	3	210186	70
Mock_P09_1	3	210186	130
Mock_P09_1	3	210186	72
Mock_P09_1	3	210186	79
Mock_P09_1	3	210186	99
Mock_P09_1	3	210186	138
Mock_P09_1	3	210186	151
Mock_P09_1	3	210186	78
Mock_P09_1	3	210186	220
Mock_P09_1	3	210186	97
Mock_P09_1	3	210186	167
Mock_P09_1	3	210186	126
Mock_P09_1	3	210186	180
Mock_P09_1	3	210186	111
Mock_P09_1	3	210186	106
Mock_P09_1	3	210186	165
Mock_P09_1	3	210186	10
Mock_P09_1	3	210186	78
Mock_P09_1	3	210186	100
Mock_P09_1	3	210186	98
Mock_P09_1	3	210186	46
Mock_P09_1	3	210186	412
Mock_P09_1	3	210186	119
Mock_P09_1	4	239863	188
Mock_P09_1	4	239863	47
Mock_P09_1	4	239863	263
Mock_P09_1	4	239863	82
Mock_P09_1	4	239863	151
Mock_P09_1	4	239863	66
Mock_P09_1	4	239863	159
Mock_P09_1	4	239863	122
Mock_P09_1	4	239863	245
Mock_P09_1	4	239863	111
Mock_P09_1	4	239863	109
Mock_P09_1	4	239863	124
Mock_P09_1	4	239863	140
Mock_P09_1	4	239863	211
Mock_P09_1	4	239863	101
Mock_P09_1	4	239863	127
Mock_P09_1	4	239863	380
Mock_P09_1	4	239863	86
Mock_P09_1	4	239863	164
Mock_P09_1	4	239863	272
Mock_P09_1	4	239863	268
Mock_P09_1	4	239863	70
Mock_P09_1	4	239863	878
Mock_P09_1	4	239863	114
Mock_P09_1	4	239863	118
Mock_P09_1	4	239863	110
Mock_P09_1	4	239863	114
Mock_P09_1	4	239863	14
Mock_P09_1	4	239863	133
Mock_P09_1	4	239863	145
Mock_P09_1	4	239863	28
Mock_P09_1	4	239863	42
Mock_P09_1	4	239863	89
Mock_P09_1	4	239863	331
Mock_P09_1	4	239863	371
Mock_P09_1	4	239863	155
Mock_P09_1	4	239863	66
Mock_P09_1	4	239863	178
Mock_P09_1	4	239863	110
Mock_P09_1	4	239863	164
Mock_P09_1	4	239863	134
Mock_P09_1	4	239863	81
Mock_P09_1	4	239863	185
Mock_P09_1	4	239863	105
Mock_P09_1	4	239863	150
Mock_P09_1	4	239863	135
Mock_P09_1	4	239863	178
Mock_P09_1	4	239863	111
Mock_P09_1	4	239863	54
Mock_P09_1	4	239863	66
Mock_P09_1	4	239863	129
Mock_P09_1	4	239863	118
Mock_P09_1	4	239863	203
Mock_P09_1	4	239863	79
Mock_P09_1	4	239863	119
Mock_P09_1	4	239863	104
Mock_P09_1	4	239863	125
Mock_P09_1	4	239863	131
Mock_P09_1	4	239863	95
Mock_P09_1	4	239863	31
Mock_P09_1	4	239863	117
Mock_P09_1	4	239863	106
Mock_P09_1	4	239863	190
Mock_P09_1	4	239863	96
Mock_P09_1	4	239863	58
Mock_P09_1	4	239863	128
Mock_P09_1	4	239863	118
Mock_P09_1	4	239863	53
Mock_P09_1	4	239863	149
Mock_P09_1	4	239863	140
Mock_P09_1	4	239863	111
Mock_P09_1	4	239863	264
Mock_P09_1	4	239863	60
Mock_P09_1	4	239863	33
Mock_P09_1	4	239863	58
Mock_P09_1	4	239863	158
Mock_P09_1	4	239863	71
Mock_P09_1	4	239863	259
Mock_P09_1	4	239863	23
Mock_P09_1	4	239863	58
Mock_P09_1	4	239863	33
Mock_P09_1	4	239863	81
Mock_P09_1	4	239863	58
Mock_P09_1	4	239863	179
Mock_P09_1	4	239863	82
Mock_P09_1	4	239863	71
Mock_P09_1	4	239863	68
Mock_P09_1	4	239863	114
Mock_P09_1	4	239863	79
Mock_P09_1	4	239863	115
Mock_P09_1	4	239863	70
Mock_P09_1	4	239863	211
Mock_P09_1	4	239863	20
Mock_P09_1	4	239863	83
Mock_P09_1	4	239863	148
Mock_P09_1	4	239863	99
Mock_P09_1	4	239863	127
Mock_P09_1	4	239863	27
Mock_P09_1	4	239863	30
Mock_P09_1	5	259995	56
Mock_P09_1	5	259995	86
Mock_P09_1	5	259995	64
Mock_P09_1	5	259995	48
Mock_P09_1	5	259995	137
Mock_P09_1	5	259995	146
Mock_P09_1	5	259995	55
Mock_P09_1	5	259995	72
Mock_P09_1	5	259995	73
Mock_P09_1	5	259995	122
Mock_P09_1	5	259995	104
Mock_P09_1	5	259995	74
Mock_P09_1	5	259995	71
Mock_P09_1	5	259995	129
Mock_P09_1	5	259995	108
Mock_P09_1	5	259995	66
Mock_P09_1	5	259995	100
Mock_P09_1	5	259995	122
Mock_P09_1	5	259995	129
Mock_P09_1	5	259995	54
Mock_P09_1	5	259995	98
Mock_P09_1	5	259995	119
Mock_P09_1	5	259995	106
Mock_P09_1	5	259995	55
Mock_P09_1	5	259995	57
Mock_P09_1	5	259995	241
Mock_P09_1	5	259995	45
Mock_P09_1	5	259995	103
Mock_P09_1	5	259995	93
Mock_P09_1	5	259995	158
Mock_P09_1	5	259995	109
Mock_P09_1	5	259995	77
Mock_P09_1	5	259995	76
Mock_P09_1	5	259995	33
Mock_P09_1	5	259995	109
Mock_P09_1	5	259995	73
Mock_P09_1	5	259995	110
Mock_P09_1	5	259995	91
Mock_P09_1	5	259995	112
Mock_P09_1	5	259995	100
Mock_P09_1	5	259995	93
Mock_P09_1	5	259995	64
Mock_P09_1	5	259995	80
Mock_P09_1	5	259995	99
Mock_P09_1	5	259995	81
Mock_P09_1	5	259995	194
Mock_P09_1	5	259995	87
Mock_P09_1	5	259995	77
Mock_P09_1	5	259995	91
Mock_P09_1	5	259995	84
Mock_P09_1	5	259995	32
Mock_P09_1	5	259995	10
Mock_P09_1	5	259995	110
Mock_P09_1	5	259995	155
Mock_P09_1	5	259995	221
Mock_P09_1	5	259995	91
Mock_P09_1	5	259995	64
Mock_P09_1	5	259995	18
Mock_P09_1	5	259995	97
Mock_P09_1	5	259995	120
Mock_P09_1	5	259995	50
Mock_P09_1	5	259995	55
Mock_P09_1	5	259995	123
Mock_P09_1	5	259995	96
Mock_P09_1	5	259995	65
Mock_P09_1	5	259995	94
Mock_P09_1	5	259995	120
Mock_P09_1	5	259995	103
Mock_P09_1	5	259995	126
Mock_P09_1	5	259995	69
Mock_P09_1	5	259995	94
Mock_P09_1	5	259995	90
Mock_P09_1	5	259995	71
Mock_P09_1	5	259995	135
Mock_P09_1	5	259995	71
Mock_P09_1	5	259995	95
Mock_P09_1	5	259995	66
Mock_P09_1	5	259995	57
Mock_P09_1	5	259995	112
Mock_P09_1	5	259995	93
Mock_P09_1	5	259995	132
Mock_P09_1	5	259995	197
Mock_P09_1	5	259995	27
Mock_P09_1	5	259995	200
Mock_P09_1	5	259995	134
Mock_P09_1	5	259995	106
Mock_P09_1	5	259995	90
Mock_P09_1	5	259995	111
Mock_P09_1	5	259995	201
Mock_P09_1	5	259995	67
Mock_P09_1	5	259995	15
Mock_P09_1	5	259995	71
Mock_P09_1	5	259995	39
Mock_P09_1	5	259995	51
Mock_P09_1	5	259995	103
Mock_P09_1	5	259995	12
Mock_P09_1	5	259995	131
Mock_P09_1	5	259995	106
Mock_P09_1	5	259995	76
Mock_P09_1	5	259995	83
Mock_P09_1	5	259995	128
Mock_P09_1	5	259995	224
Mock_P09_1	5	259995	111
Mock_P09_1	5	259995	109
Mock_P09_1	5	259995	110
Mock_P09_1	5	259995	97
Mock_P09_1	5	259995	141
Mock_P09_1	5	259995	86
Mock_P09_1	5	259995	101
Mock_P09_1	5	259995	120
Mock_P09_1	5	259995	54
Mock_P09_1	5	259995	250
Mock_P09_1	5	259995	11
Mock_P09_1	6	248885	45
Mock_P09_1	6	248885	103
Mock_P09_1	6	248885	252
Mock_P09_1	6	248885	184
Mock_P09_1	6	248885	88
Mock_P09_1	6	248885	125
Mock_P09_1	6	248885	16
Mock_P09_1	6	248885	147
Mock_P09_1	6	248885	81
Mock_P09_1	6	248885	85
Mock_P09_1	6	248885	74
Mock_P09_1	6	248885	174
Mock_P09_1	6	248885	97
Mock_P09_1	6	248885	100
Mock_P09_1	6	248885	106
Mock_P09_1	6	248885	97
Mock_P09_1	6	248885	104
Mock_P09_1	6	248885	68
Mock_P09_1	6	248885	68
Mock_P09_1	6	248885	78
Mock_P09_1	6	248885	168
Mock_P09_1	6	248885	139
Mock_P09_1	6	248885	111
Mock_P09_1	6	248885	58
Mock_P09_1	6	248885	134
Mock_P09_1	6	248885	112
Mock_P09_1	6	248885	102
Mock_P09_1	6	248885	147
Mock_P09_1	6	248885	214
Mock_P09_1	6	248885	62
Mock_P09_1	6	248885	103
Mock_P09_1	6	248885	98
Mock_P09_1	6	248885	101
Mock_P09_1	6	248885	121
Mock_P09_1	6	248885	34
Mock_P09_1	6	248885	34
Mock_P09_1	6	248885	80
Mock_P09_1	6	248885	77
Mock_P09_1	6	248885	76
Mock_P09_1	6	248885	92
Mock_P09_1	6	248885	46
Mock_P09_1	6	248885	52
Mock_P09_1	6	248885	141
Mock_P09_1	6	248885	176
Mock_P09_1	6	248885	115
Mock_P09_1	6	248885	105
Mock_P09_1	6	248885	187
Mock_P09_1	6	248885	101
Mock_P09_1	6	248885	92
Mock_P09_1	6	248885	214
Mock_P09_1	6	248885	116
Mock_P09_1	6	248885	104
Mock_P09_1	6	248885	65
Mock_P09_1	6	248885	137
Mock_P09_1	6	248885	78
Mock_P09_1	6	248885	121
Mock_P09_1	6	248885	77
Mock_P09_1	6	248885	135
Mock_P09_1	6	248885	190
Mock_P09_1	6	248885	100
Mock_P09_1	6	248885	203
Mock_P09_1	6	248885	94
Mock_P09_1	6	248885	172
Mock_P09_1	6	248885	99
Mock_P09_1	6	248885	63
Mock_P09_1	6	248885	136
Mock_P09_1	6	248885	94
Mock_P09_1	6	248885	94
Mock_P09_1	6	248885	154
Mock_P09_1	6	248885	33
Mock_P09_1	6	248885	89
Mock_P09_1	6	248885	94
Mock_P09_1	6	248885	182
Mock_P09_1	6	248885	19
Mock_P09_1	6	248885	427
Mock_P09_1	6	248885	170
Mock_P09_1	6	248885	128
Mock_P09_1	6	248885	422
Mock_P09_1	6	248885	44
Mock_P09_1	6	248885	92
Mock_P09_1	6	248885	337
Mock_P09_1	6	248885	88
Mock_P09_1	6	248885	14
Mock_P09_1	6	248885	125
Mock_P09_1	6	248885	84
Mock_P09_1	6	248885	115
Mock_P09_1	6	248885	175
Mock_P09_1	6	248885	15
Mock_P09_1	6	248885	525
Mock_P09_1	6	248885	156
Mock_P09_1	6	248885	124
Mock_P09_1	6	248885	145
Mock_P09_1	6	248885	251
Mock_P09_1	6	248885	377
Mock_P09_1	6	248885	80
Mock_P09_1	6	248885	148
Mock_P09_1	6	248885	108
Mock_P09_1	6	248885	228
Mock_P09_1	6	248885	86
Mock_P09_1	6	248885	93
Mock_P09_1	6	248885	150
Mock_P09_1	6	248885	211
Mock_P09_1	6	248885	305
Mock_P09_1	6	248885	52
Mock_P09_1	6	248885	138
Mock_P09_1	6	248885	217
Mock_P09_1	6	248885	74
Mock_P09_1	6	248885	110
Mock_P09_1	6	248885	16
Mock_P09_1	6	248885	22
Mock_P09_1	6	248885	70
Mock_P09_1	6	248885	101
Mock_P09_1	7	329686	84
Mock_P09_1	7	329686	39
Mock_P09_1	7	329686	127
Mock_P09_1	7	329686	57
Mock_P09_1	7	329686	97
Mock_P09_1	7	329686	52
Mock_P09_1	7	329686	74
Mock_P09_1	7	329686	86
Mock_P09_1	7	329686	25
Mock_P09_1	7	329686	67
Mock_P09_1	7	329686	73
Mock_P09_1	7	329686	129
Mock_P09_1	7	329686	55
Mock_P09_1	7	329686	96
Mock_P09_1	7	329686	89
Mock_P09_1	7	329686	85
Mock_P09_1	7	329686	26
Mock_P09_1	7	329686	112
Mock_P09_1	7	329686	40
Mock_P09_1	7	329686	202
Mock_P09_1	7	329686	38
Mock_P09_1	7	329686	214
Mock_P09_1	7	329686	178
Mock_P09_1	7	329686	92
Mock_P09_1	7	329686	99
Mock_P09_1	7	329686	123
Mock_P09_1	7	329686	100
Mock_P09_1	7	329686	91
Mock_P09_1	7	329686	18
Mock_P09_1	7	329686	11
Mock_P09_1	7	329686	14
Mock_P09_1	7	329686	57
Mock_P09_1	7	329686	49
Mock_P09_1	7	329686	113
Mock_P09_1	7	329686	129
Mock_P09_1	7	329686	121
Mock_P09_1	7	329686	108
Mock_P09_1	7	329686	140
Mock_P09_1	7	329686	84
Mock_P09_1	7	329686	41
Mock_P09_1	7	329686	86
Mock_P09_1	7	329686	90
Mock_P09_1	7	329686	85
Mock_P09_1	7	329686	101
Mock_P09_1	7	329686	28
Mock_P09_1	7	329686	91
Mock_P09_1	7	329686	163
Mock_P09_1	7	329686	184
Mock_P09_1	7	329686	120
Mock_P09_1	7	329686	82
Mock_P09_1	7	329686	115
Mock_P09_1	7	329686	107
Mock_P09_1	7	329686	68
Mock_P09_1	7	329686	120
Mock_P09_1	7	329686	97
Mock_P09_1	7	329686	113
Mock_P09_1	7	329686	144
Mock_P09_1	7	329686	89
Mock_P09_1	7	329686	122
Mock_P09_1	7	329686	101
Mock_P09_1	7	329686	97
Mock_P09_1	7	329686	96
Mock_P09_1	7	329686	95
Mock_P09_1	7	329686	117
Mock_P09_1	7	329686	94
Mock_P09_1	7	329686	80
Mock_P09_1	7	329686	228
Mock_P09_1	7	329686	99
Mock_P09_1	7	329686	99
Mock_P09_1	7	329686	115
Mock_P09_1	7	329686	108
Mock_P09_1	7	329686	171
Mock_P09_1	7	329686	109
Mock_P09_1	7	329686	130
Mock_P09_1	7	329686	67
Mock_P09_1	7	329686	100
Mock_P09_1	7	329686	131
Mock_P09_1	7	329686	108
Mock_P09_1	7	329686	177
Mock_P09_1	7	329686	107
Mock_P09_1	7	329686	109
Mock_P09_1	7	329686	163
Mock_P09_1	7	329686	69
Mock_P09_1	7	329686	110
Mock_P09_1	7	329686	307
Mock_P09_1	7	329686	106
Mock_P09_1	7	329686	93
Mock_P09_1	7	329686	123
Mock_P09_1	7	329686	100
Mock_P09_1	7	329686	148
Mock_P09_1	7	329686	73
Mock_P09_1	7	329686	148
Mock_P09_1	7	329686	108
Mock_P09_1	7	329686	66
Mock_P09_1	7	329686	91
Mock_P09_1	7	329686	90
Mock_P09_1	7	329686	386
Mock_P09_1	7	329686	33
Mock_P09_1	7	329686	70
Mock_P09_1	7	329686	230
Mock_P09_1	7	329686	175
Mock_P09_1	7	329686	92
Mock_P09_1	7	329686	11
Mock_P09_1	7	329686	77
Mock_P09_1	7	329686	141
Mock_P09_1	7	329686	97
Mock_P09_1	7	329686	128
Mock_P09_1	7	329686	84
Mock_P09_1	7	329686	116
Mock_P09_1	7	329686	85
Mock_P09_1	7	329686	80
Mock_P09_1	7	329686	86
Mock_P09_1	7	329686	89
Mock_P09_1	7	329686	63
Mock_P09_1	7	329686	17
Mock_P09_1	7	329686	108
Mock_P09_1	7	329686	161
Mock_P09_1	8	244361	79
Mock_P09_1	8	244361	97
Mock_P09_1	8	244361	107
Mock_P09_1	8	244361	33
Mock_P09_1	8	244361	100
Mock_P09_1	8	244361	97
Mock_P09_1	8	244361	139
Mock_P09_1	8	244361	116
Mock_P09_1	8	244361	210
Mock_P09_1	8	244361	148
Mock_P09_1	8	244361	99
Mock_P09_1	8	244361	45
Mock_P09_1	8	244361	117
Mock_P09_1	8	244361	18
Mock_P09_1	8	244361	111
Mock_P09_1	8	244361	90
Mock_P09_1	8	244361	94
Mock_P09_1	8	244361	125
Mock_P09_1	8	244361	91
Mock_P09_1	8	244361	94
Mock_P09_1	8	244361	68
Mock_P09_1	8	244361	71
Mock_P09_1	8	244361	84
Mock_P09_1	8	244361	123
Mock_P09_1	8	244361	85
Mock_P09_1	8	244361	86
Mock_P09_1	8	244361	61
Mock_P09_1	8	244361	102
Mock_P09_1	8	244361	87
Mock_P09_1	8	244361	83
Mock_P09_1	8	244361	74
Mock_P09_1	8	244361	177
Mock_P09_1	8	244361	74
Mock_P09_1	8	244361	57
Mock_P09_1	8	244361	68
Mock_P09_1	8	244361	116
Mock_P09_1	8	244361	176
Mock_P09_1	8	244361	76
Mock_P09_1	8	244361	38
Mock_P09_1	8	244361	91
Mock_P09_1	8	244361	54
Mock_P09_1	8	244361	35
Mock_P09_1	8	244361	85
Mock_P09_1	8	244361	132
Mock_P09_1	8	244361	37
Mock_P09_1	8	244361	135
Mock_P09_1	8	244361	62
Mock_P09_1	8	244361	146
Mock_P09_1	8	244361	38
Mock_P09_1	8	244361	108
Mock_P09_1	8	244361	127
Mock_P09_1	8	244361	30
Mock_P09_1	8	244361	34
Mock_P09_1	8	244361	127
Mock_P09_1	8	244361	84
Mock_P09_1	8	244361	148
Mock_P09_1	8	244361	164
Mock_P09_1	8	244361	109
Mock_P09_1	8	244361	135
Mock_P09_1	8	244361	161
Mock_P09_1	8	244361	113
Mock_P09_1	8	244361	87
Mock_P09_1	8	244361	68
Mock_P09_1	8	244361	81
Mock_P09_1	8	244361	124
Mock_P09_1	8	244361	193
Mock_P09_1	8	244361	172
Mock_P09_1	8	244361	101
Mock_P09_1	8	244361	79
Mock_P09_1	8	244361	85
Mock_P09_1	8	244361	86
Mock_P09_1	8	244361	141
Mock_P09_1	8	244361	79
Mock_P09_1	8	244361	145
Mock_P09_1	8	244361	99
Mock_P09_1	8	244361	118
Mock_P09_1	8	244361	129
Mock_P09_1	8	244361	162
Mock_P09_1	8	244361	115
Mock_P09_1	8	244361	126
Mock_P09_1	8	244361	198
Mock_P09_1	8	244361	180
Mock_P09_1	8	244361	34
Mock_P09_1	9	339418	80
Mock_P09_1	9	339418	71
Mock_P09_1	9	339418	230
Mock_P09_1	9	339418	51
Mock_P09_1	9	339418	159
Mock_P09_1	9	339418	87
Mock_P09_1	9	339418	114
Mock_P09_1	9	339418	127
Mock_P09_1	9	339418	215
Mock_P09_1	9	339418	124
Mock_P09_1	9	339418	134
Mock_P09_1	9	339418	98
Mock_P09_1	9	339418	71
Mock_P09_1	9	339418	125
Mock_P09_1	9	339418	144
Mock_P09_1	9	339418	59
Mock_P09_1	9	339418	47
Mock_P09_1	9	339418	112
Mock_P09_1	9	339418	231
Mock_P09_1	9	339418	98
Mock_P09_1	9	339418	325
Mock_P09_1	9	339418	299
Mock_P09_1	9	339418	102
Mock_P09_1	9	339418	161
Mock_P09_1	9	339418	404
Mock_P09_1	9	339418	129
Mock_P09_1	9	339418	126
Mock_P09_1	9	339418	76
Mock_P09_1	9	339418	43
Mock_P09_1	9	339418	79
Mock_P09_1	9	339418	55
Mock_P09_1	9	339418	138
Mock_P09_1	9	339418	60
Mock_P09_1	9	339418	56
Mock_P09_1	9	339418	128
Mock_P09_1	9	339418	171
Mock_P09_1	9	339418	123
Mock_P09_1	9	339418	87
Mock_P09_1	9	339418	87
Mock_P09_1	9	339418	319
Mock_P09_1	9	339418	65
Mock_P09_1	9	339418	131
Mock_P09_1	9	339418	104
Mock_P09_1	9	339418	93
Mock_P09_1	9	339418	62
Mock_P09_1	9	339418	185
Mock_P09_1	9	339418	87
Mock_P09_1	9	339418	115
Mock_P09_1	9	339418	100
Mock_P09_1	9	339418	109
Mock_P09_1	9	339418	73
Mock_P09_1	9	339418	230
Mock_P09_1	9	339418	64
Mock_P09_1	9	339418	126
Mock_P09_1	9	339418	182
Mock_P09_1	9	339418	170
Mock_P09_1	9	339418	65
Mock_P09_1	9	339418	130
Mock_P09_1	9	339418	95
Mock_P09_1	9	339418	115
Mock_P09_1	9	339418	63
Mock_P09_1	9	339418	181
Mock_P09_1	9	339418	111
Mock_P09_1	9	339418	94
Mock_P09_1	9	339418	115
Mock_P09_1	9	339418	138
Mock_P09_1	9	339418	222
Mock_P09_1	9	339418	81
Mock_P09_1	9	339418	91
Mock_P09_1	9	339418	424
Mock_P09_1	9	339418	78
Mock_P09_1	9	339418	71
Mock_P09_1	9	339418	71
Mock_P09_1	9	339418	95
Mock_P09_1	9	339418	151
Mock_P09_1	9	339418	102
Mock_P09_1	9	339418	50
Mock_P09_1	9	339418	81
Mock_P09_1	9	339418	147
Mock_P09_1	9	339418	77
Mock_P09_1	9	339418	174
Mock_P09_1	9	339418	78
Mock_P09_1	9	339418	82
Mock_P09_1	9	339418	131
Mock_P09_1	9	339418	64
Mock_P09_1	9	339418	59
Mock_P09_1	9	339418	101
Mock_P09_1	9	339418	268
Mock_P09_1	9	339418	43
Mock_P09_1	9	339418	79
Mock_P09_1	9	339418	38
Mock_P09_1	9	339418	64
Mock_P09_1	9	339418	306
Mock_P09_1	9	339418	143
Mock_P09_1	9	339418	136
Mock_P09_1	9	339418	293
Mock_P09_1	9	339418	94
Mock_P09_1	9	339418	67
Mock_P09_1	9	339418	115
Mock_P09_1	9	339418	87
Mock_P09_1	9	339418	61
Mock_P09_1	9	339418	69
Mock_P09_1	9	339418	117
Mock_P09_1	9	339418	78
Mock_P09_1	9	339418	82
Mock_P09_1	9	339418	65
Mock_P09_1	9	339418	101
Mock_P09_1	9	339418	189
Mock_P09_1	9	339418	104
Mock_P09_1	9	339418	104
Mock_P09_1	9	339418	70
Mock_P09_1	9	339418	76
Mock_P09_1	9	339418	112
Mock_P09_1	9	339418	140
Mock_P09_1	9	339418	203
Mock_P09_1	9	339418	93
Mock_P09_1	9	339418	225
Mock_P09_1	9	339418	50
Mock_P09_1	9	339418	79
Mock_P09_1	9	339418	67
Mock_P09_1	9	339418	110
Mock_P09_1	9	339418	96
Mock_P09_1	9	339418	92
Mock_P09_1	9	339418	16
Mock_P09_1	9	339418	56
Mock_P09_1	9	339418	91
Mock_P09_1	9	339418	55
Mock_P09_1	9	339418	68
Mock_P09_1	9	339418	59
Mock_P09_1	9	339418	69
Mock_P09_1	9	339418	85
Mock_P09_1	9	339418	95
Mock_P09_1	9	339418	134
Mock_P09_1	9	339418	75
Mock_P09_1	9	339418	118
Mock_P09_1	9	339418	61
Mock_P09_1	9	339418	73
Mock_P09_1	9	339418	159
Mock_P09_1	9	339418	68
Mock_P09_1	9	339418	187
Mock_P09_1	9	339418	56
Mock_P09_1	9	339418	114
Mock_P09_1	9	339418	85
Mock_P09_1	9	339418	63
Mock_P09_1	9	339418	77
Mock_P09_1	9	339418	88
Mock_P09_1	9	339418	48
Mock_P09_1	9	339418	105
Mock_P09_1	9	339418	93
Mock_P09_1	9	339418	78
Mock_P09_1	9	339418	92
Mock_P09_1	9	339418	136
Mock_P09_1	9	339418	541
Mock_P09_1	9	339418	87
Mock_P09_1	9	339418	58
Mock_P09_1	9	339418	54
Mock_P09_1	9	339418	91
Mock_P09_1	9	339418	145
Mock_P09_1	9	339418	73
Mock_P09_1	9	339418	34
Mock_P09_1	9	339418	154
Mock_P09_1	9	339418	40
Mock_P09_1	9	339418	77
Mock_P09_1	9	339418	111
Mock_P09_1	9	339418	66
Mock_P09_1	9	339418	82
Mock_P09_1	9	339418	57
Mock_P09_1	9	339418	95
Mock_P09_1	9	339418	62
Mock_P09_1	9	339418	93
Mock_P09_1	9	339418	113
Mock_P09_1	9	339418	99
Mock_P09_1	9	339418	31
Mock_P09_1	9	339418	142
Mock_P09_1	10	292196	87
Mock_P09_1	10	292196	12
Mock_P09_1	10	292196	394
Mock_P09_1	10	292196	79
Mock_P09_1	10	292196	94
Mock_P09_1	10	292196	198
Mock_P09_1	10	292196	388
Mock_P09_1	10	292196	184
Mock_P09_1	10	292196	132
Mock_P09_1	10	292196	104
Mock_P09_1	10	292196	99
Mock_P09_1	10	292196	109
Mock_P09_1	10	292196	113
Mock_P09_1	10	292196	189
Mock_P09_1	10	292196	56
Mock_P09_1	10	292196	112
Mock_P09_1	10	292196	215
Mock_P09_1	10	292196	118
Mock_P09_1	10	292196	217
Mock_P09_1	10	292196	96
Mock_P09_1	10	292196	183
Mock_P09_1	10	292196	148
Mock_P09_1	10	292196	115
Mock_P09_1	10	292196	130
Mock_P09_1	10	292196	71
Mock_P09_1	10	292196	145
Mock_P09_1	10	292196	132
Mock_P09_1	10	292196	101
Mock_P09_1	10	292196	74
Mock_P09_1	10	292196	36
Mock_P09_1	10	292196	169
Mock_P09_1	10	292196	76
Mock_P09_1	10	292196	102
Mock_P09_1	10	292196	97
Mock_P09_1	10	292196	75
Mock_P09_1	10	292196	102
Mock_P09_1	10	292196	84
Mock_P09_1	10	292196	107
Mock_P09_1	10	292196	128
Mock_P09_1	10	292196	64
Mock_P09_1	10	292196	143
Mock_P09_1	10	292196	69
Mock_P09_1	10	292196	141
Mock_P09_1	10	292196	167
Mock_P09_1	10	292196	147
Mock_P09_1	10	292196	82
Mock_P09_1	10	292196	86
Mock_P09_1	10	292196	138
Mock_P09_1	10	292196	54
Mock_P09_1	10	292196	91
Mock_P09_1	10	292196	97
Mock_P09_1	10	292196	105
Mock_P09_1	10	292196	115
Mock_P09_1	10	292196	83
Mock_P09_1	10	292196	76
Mock_P09_1	10	292196	114
Mock_P09_1	10	292196	156
Mock_P09_1	10	292196	335
Mock_P09_1	10	292196	90
Mock_P09_1	10	292196	119
Mock_P09_1	10	292196	124
Mock_P09_1	10	292196	152
Mock_P09_1	10	292196	117
Mock_P09_1	10	292196	95
Mock_P09_1	10	292196	392
Mock_P09_1	10	292196	86
Mock_P09_1	10	292196	147
Mock_P09_1	10	292196	44
Mock_P09_1	10	292196	137
Mock_P09_1	10	292196	84
Mock_P09_1	10	292196	99
Mock_P09_1	10	292196	189
Mock_P09_1	10	292196	114
Mock_P09_1	10	292196	185
Mock_P09_1	10	292196	79
Mock_P09_1	10	292196	118
Mock_P09_1	10	292196	169
Mock_P09_1	10	292196	129
Mock_P09_1	10	292196	124
Mock_P09_1	10	292196	193
Mock_P09_1	10	292196	100
Mock_P09_1	10	292196	79
Mock_P09_1	10	292196	119
Mock_P09_1	10	292196	103
Mock_P09_1	10	292196	103
Mock_P09_1	10	292196	148
Mock_P09_1	10	292196	215
Mock_P09_1	10	292196	148
Mock_P09_1	10	292196	207
Mock_P09_1	10	292196	154
Mock_P09_1	10	292196	100
Mock_P09_1	10	292196	148
Mock_P09_1	10	292196	97
Mock_P09_1	10	292196	268
Mock_P09_1	10	292196	79
Mock_P09_1	10	292196	323
Mock_P09_1	10	292196	100
Mock_P09_1	10	292196	110
Mock_P09_1	10	292196	136
Mock_P09_1	10	292196	112
Mock_P09_1	10	292196	94
Mock_P09_1	10	292196	88
Mock_P09_1	10	292196	149
Mock_P09_1	10	292196	201
Mock_P09_1	10	292196	127
Mock_P09_1	10	292196	108
Mock_P09_1	10	292196	141
Mock_P09_1	10	292196	182
Mock_P09_1	10	292196	101
Mock_P09_1	10	292196	80
Mock_P09_1	10	292196	103
Mock_P09_1	10	292196	115
Mock_P09_1	10	292196	53
Mock_P09_1	10	292196	51
Mock_P09_1	10	292196	94
Mock_P09_1	10	292196	100
Mock_P09_1	10	292196	87
Mock_P09_1	10	292196	87
Mock_P09_1	10	292196	175
Mock_P09_1	10	292196	123
Mock_P09_1	10	292196	347
Mock_P09_1	10	292196	106
Mock_P09_1	10	292196	98
Mock_P09_1	10	292196	99
Mock_P09_1	10	292196	150
Mock_P09_1	10	292196	75
Mock_P09_1	10	292196	187
Mock_P09_1	10	292196	209
Mock_P09_1	10	292196	115
Mock_P09_1	10	292196	118
Mock_P09_1	10	292196	152
Mock_P09_1	10	292196	108
Mock_P09_1	10	292196	35
Mock_P09_1	10	292196	87
Mock_P09_1	10	292196	123
Mock_P09_1	10	292196	153
Mock_P09_1	10	292196	90
Mock_P09_1	10	292196	79
Mock_P09_1	10	292196	82
Mock_P09_1	10	292196	134
Mock_P09_1	10	292196	99
Mock_P09_1	11	292029	82
Mock_P09_1	11	292029	75
Mock_P09_1	11	292029	53
Mock_P09_1	11	292029	71
Mock_P09_1	11	292029	104
Mock_P09_1	11	292029	36
Mock_P09_1	11	292029	67
Mock_P09_1	11	292029	140
Mock_P09_1	11	292029	90
Mock_P09_1	11	292029	101
Mock_P09_1	11	292029	124
Mock_P09_1	11	292029	18
Mock_P09_1	11	292029	79
Mock_P09_1	11	292029	82
Mock_P09_1	11	292029	46
Mock_P09_1	11	292029	85
Mock_P09_1	11	292029	114
Mock_P09_1	11	292029	33
Mock_P09_1	11	292029	35
Mock_P09_1	11	292029	125
Mock_P09_1	11	292029	106
Mock_P09_1	11	292029	184
Mock_P09_1	11	292029	46
Mock_P09_1	11	292029	96
Mock_P09_1	11	292029	88
Mock_P09_1	11	292029	110
Mock_P09_1	11	292029	58
Mock_P09_1	11	292029	112
Mock_P09_1	11	292029	67
Mock_P09_1	11	292029	147
Mock_P09_1	11	292029	120
Mock_P09_1	11	292029	98
Mock_P09_1	11	292029	80
Mock_P09_1	11	292029	70
Mock_P09_1	11	292029	172
Mock_P09_1	11	292029	138
Mock_P09_1	11	292029	92
Mock_P09_1	11	292029	97
Mock_P09_1	11	292029	234
Mock_P09_1	11	292029	132
Mock_P09_1	11	292029	146
Mock_P09_1	11	292029	151
Mock_P09_1	11	292029	101
Mock_P09_1	11	292029	122
Mock_P09_1	11	292029	103
Mock_P09_1	11	292029	150
Mock_P09_1	11	292029	103
Mock_P09_1	11	292029	73
Mock_P09_1	11	292029	109
Mock_P09_1	11	292029	150
Mock_P09_1	11	292029	154
Mock_P09_1	11	292029	96
Mock_P09_1	11	292029	99
Mock_P09_1	11	292029	114
Mock_P09_1	11	292029	240
Mock_P09_1	11	292029	197
Mock_P09_1	11	292029	57
Mock_P09_1	11	292029	340
Mock_P09_1	11	292029	170
Mock_P09_1	11	292029	153
Mock_P09_1	11	292029	82
Mock_P09_1	11	292029	297
Mock_P09_1	11	292029	172
Mock_P09_1	11	292029	122
Mock_P09_1	11	292029	81
Mock_P09_1	11	292029	70
Mock_P09_1	11	292029	121
Mock_P09_1	11	292029	105
Mock_P09_1	11	292029	51
Mock_P09_1	11	292029	79
Mock_P09_1	11	292029	106
Mock_P09_1	11	292029	23
Mock_P09_1	11	292029	66
Mock_P09_1	11	292029	166
Mock_P09_1	11	292029	54
Mock_P09_1	11	292029	113
Mock_P09_1	11	292029	47
Mock_P09_1	11	292029	121
Mock_P09_1	11	292029	98
Mock_P09_1	11	292029	30
Mock_P09_1	11	292029	97
Mock_P09_1	11	292029	67
Mock_P09_1	11	292029	33
Mock_P09_1	11	292029	48
Mock_P09_1	11	292029	16
Mock_P09_1	11	292029	124
Mock_P09_1	12	265822	44
Mock_P09_1	12	265822	149
Mock_P09_1	12	265822	82
Mock_P09_1	12	265822	127
Mock_P09_1	12	265822	71
Mock_P09_1	12	265822	61
Mock_P09_1	12	265822	128
Mock_P09_1	12	265822	135
Mock_P09_1	12	265822	70
Mock_P09_1	12	265822	94
Mock_P09_1	12	265822	128
Mock_P09_1	12	265822	105
Mock_P09_1	12	265822	96
Mock_P09_1	12	265822	130
Mock_P09_1	12	265822	95
Mock_P09_1	12	265822	103
Mock_P09_1	12	265822	178
Mock_P09_1	12	265822	127
Mock_P09_1	12	265822	93
Mock_P09_1	12	265822	246
Mock_P09_1	12	265822	157
Mock_P09_1	12	265822	149
Mock_P09_1	12	265822	91
Mock_P09_1	12	265822	164
Mock_P09_1	12	265822	137
Mock_P09_1	12	265822	248
Mock_P09_1	12	265822	97
Mock_P09_1	12	265822	144
Mock_P09_1	12	265822	96
Mock_P09_1	12	265822	42
Mock_P09_1	12	265822	172
Mock_P09_1	12	265822	77
Mock_P09_1	12	265822	53
Mock_P09_1	12	265822	82
Mock_P09_1	12	265822	191
Mock_P09_1	12	265822	161
Mock_P09_1	12	265822	73
Mock_P09_1	12	265822	119
Mock_P09_1	12	265822	83
Mock_P09_1	12	265822	31
Mock_P09_1	12	265822	105
Mock_P09_1	12	265822	87
Mock_P09_1	12	265822	117
Mock_P09_1	12	265822	63
Mock_P09_1	12	265822	381
Mock_P09_1	12	265822	85
Mock_P09_1	12	265822	55
Mock_P09_1	12	265822	95
Mock_P09_1	12	265822	64
Mock_P09_1	12	265822	83
Mock_P09_1	12	265822	97
Mock_P09_1	12	265822	71
Mock_P09_1	12	265822	94
Mock_P09_1	12	265822	84
Mock_P09_1	12	265822	57
Mock_P09_1	12	265822	69
Mock_P09_1	12	265822	110
Mock_P09_1	12	265822	85
Mock_P09_1	12	265822	83
Mock_P09_1	12	265822	273
Mock_P09_1	12	265822	416
Mock_P09_1	12	265822	60
Mock_P09_1	12	265822	137
Mock_P09_1	12	265822	122
Mock_P09_1	12	265822	128
Mock_P09_1	12	265822	70
Mock_P09_1	12	265822	179
Mock_P09_1	12	265822	95
Mock_P09_1	12	265822	158
Mock_P09_1	12	265822	251
Mock_P09_1	12	265822	235
Mock_P09_1	12	265822	286
Mock_P09_1	12	265822	86
Mock_P09_1	12	265822	217
Mock_P09_1	12	265822	69
Mock_P09_1	12	265822	153
Mock_P09_1	12	265822	91
Mock_P09_1	12	265822	134
Mock_P09_1	12	265822	72
Mock_P09_1	12	265822	142
Mock_P09_1	12	265822	44
Mock_P09_1	12	265822	60
Mock_P09_1	12	265822	90
Mock_P09_1	12	265822	103
Mock_P09_1	12	265822	146
Mock_P09_1	12	265822	170
Mock_P09_1	12	265822	69
Mock_P09_1	12	265822	110
Mock_P09_1	12	265822	136
Mock_P09_1	12	265822	62
Mock_P09_1	12	265822	232
Mock_P09_1	12	265822	137
Mock_P09_1	12	265822	310
Mock_P09_1	12	265822	132
Mock_P09_1	12	265822	111
Mock_P09_1	12	265822	78
Mock_P09_1	12	265822	85
Mock_P09_1	12	265822	128
Mock_P09_1	12	265822	102
Mock_P09_1	12	265822	137
Mock_P09_1	12	265822	138
Mock_P09_1	12	265822	109
Mock_P09_1	12	265822	130
Mock_P09_1	12	265822	108
Mock_P09_1	12	265822	84
Mock_P09_1	12	265822	45
Mock_P09_1	12	265822	104
Mock_P09_1	12	265822	154
Mock_P09_1	12	265822	109
Mock_P09_1	12	265822	120
Mock_P09_1	12	265822	187
Mock_P09_1	12	265822	100
Mock_P09_1	12	265822	95
Mock_P09_1	12	265822	86
Mock_P09_1	12	265822	79
Mock_P09_1	12	265822	71
Mock_P09_1	12	265822	71
Mock_P09_1	12	265822	237
Mock_P09_1	12	265822	141
Mock_P09_1	12	265822	91
Mock_P09_1	12	265822	96
Mock_P09_1	12	265822	216
Mock_P09_1	13	318976	72
Mock_P09_1	13	318976	180
Mock_P09_1	13	318976	121
Mock_P09_1	13	318976	143
Mock_P09_1	13	318976	127
Mock_P09_1	13	318976	114
Mock_P09_1	13	318976	109
Mock_P09_1	13	318976	125
Mock_P09_1	13	318976	122
Mock_P09_1	13	318976	133
Mock_P09_1	13	318976	89
Mock_P09_1	13	318976	132
Mock_P09_1	13	318976	295
Mock_P09_1	13	318976	132
Mock_P09_1	13	318976	160
Mock_P09_1	13	318976	155
Mock_P09_1	13	318976	143
Mock_P09_1	13	318976	120
Mock_P09_1	13	318976	196
Mock_P09_1	13	318976	154
Mock_P09_1	13	318976	128
Mock_P09_1	13	318976	153
Mock_P09_1	13	318976	120
Mock_P09_1	13	318976	63
Mock_P09_1	13	318976	134
Mock_P09_1	13	318976	102
Mock_P09_1	13	318976	102
Mock_P09_1	13	318976	84
Mock_P09_1	13	318976	85
Mock_P09_1	13	318976	92
Mock_P09_1	13	318976	155
Mock_P09_1	13	318976	248
Mock_P09_1	13	318976	142
Mock_P09_1	13	318976	165
Mock_P09_1	13	318976	84
Mock_P09_1	13	318976	61
Mock_P09_1	13	318976	145
Mock_P09_1	13	318976	87
Mock_P09_1	13	318976	118
Mock_P09_1	13	318976	67
Mock_P09_1	13	318976	129
Mock_P09_1	13	318976	61
Mock_P09_1	13	318976	115
Mock_P09_1	13	318976	141
Mock_P09_1	13	318976	186
Mock_P09_1	13	318976	108
Mock_P09_1	13	318976	74
Mock_P09_1	13	318976	107
Mock_P09_1	13	318976	31
Mock_P09_1	13	318976	87
Mock_P09_1	13	318976	258
Mock_P09_1	13	318976	145
Mock_P09_1	13	318976	84
Mock_P09_1	13	318976	120
Mock_P09_1	13	318976	76
Mock_P09_1	13	318976	269
Mock_P09_1	13	318976	116
Mock_P09_1	13	318976	131
Mock_P09_1	13	318976	114
Mock_P09_1	13	318976	110
Mock_P09_1	13	318976	123
Mock_P09_1	13	318976	72
Mock_P09_1	13	318976	121
Mock_P09_1	13	318976	162
Mock_P09_1	13	318976	114
Mock_P09_1	13	318976	83
Mock_P09_1	13	318976	72
Mock_P09_1	13	318976	35
Mock_P09_1	13	318976	116
Mock_P09_1	13	318976	120
Mock_P09_1	13	318976	103
Mock_P09_1	13	318976	102
Mock_P09_1	13	318976	86
Mock_P09_1	13	318976	214
Mock_P09_1	13	318976	94
Mock_P09_1	13	318976	122
Mock_P09_1	13	318976	112
Mock_P09_1	13	318976	42
Mock_P09_1	13	318976	134
Mock_P09_1	13	318976	89
Mock_P09_1	13	318976	123
Mock_P09_1	13	318976	139
Mock_P09_1	13	318976	68
Mock_P09_1	13	318976	89
Mock_P09_1	13	318976	71
Mock_P09_1	13	318976	49
Mock_P09_1	13	318976	94
Mock_P09_1	13	318976	76
Mock_P09_1	13	318976	101
Mock_P09_1	13	318976	109
Mock_P09_1	13	318976	73
Mock_P09_1	13	318976	66
Mock_P09_1	13	318976	134
Mock_P09_1	13	318976	13
Mock_P09_1	13	318976	78
Mock_P09_1	13	318976	101
Mock_P09_1	13	318976	99
Mock_P09_1	13	318976	83
Mock_P09_1	13	318976	78
Mock_P09_1	13	318976	134
Mock_P09_1	13	318976	150
Mock_P09_1	13	318976	63
Mock_P09_1	13	318976	164
Mock_P09_1	13	318976	97
Mock_P09_1	13	318976	51
Mock_P09_1	13	318976	62
Mock_P09_1	13	318976	49
Mock_P09_1	13	318976	87
Mock_P09_1	13	318976	65
Mock_P09_1	13	318976	134
Mock_P09_1	13	318976	350
Mock_P09_1	13	318976	76
Mock_P09_1	13	318976	96
Mock_P09_1	13	318976	74
Mock_P09_1	13	318976	127
Mock_P09_1	13	318976	136
Mock_P09_1	13	318976	107
Mock_P09_1	13	318976	74
Mock_P09_1	13	318976	12
Mock_P09_1	14	319271	25
Mock_P09_1	14	319271	52
Mock_P09_1	14	319271	149
Mock_P09_1	14	319271	110
Mock_P09_1	14	319271	110
Mock_P09_1	14	319271	98
Mock_P09_1	14	319271	170
Mock_P09_1	14	319271	71
Mock_P09_1	14	319271	133
Mock_P09_1	14	319271	121
Mock_P09_1	14	319271	102
Mock_P09_1	14	319271	49
Mock_P09_1	14	319271	95
Mock_P09_1	14	319271	108
Mock_P09_1	14	319271	129
Mock_P09_1	14	319271	11
Mock_P09_1	14	319271	84
Mock_P09_1	14	319271	129
Mock_P09_1	14	319271	160
Mock_P09_1	14	319271	253
Mock_P09_1	14	319271	99
Mock_P09_1	14	319271	89
Mock_P09_1	14	319271	103
Mock_P09_1	14	319271	251
Mock_P09_1	14	319271	145
Mock_P09_1	14	319271	97
Mock_P09_1	14	319271	69
Mock_P09_1	14	319271	102
Mock_P09_1	14	319271	120
Mock_P09_1	14	319271	135
Mock_P09_1	14	319271	252
Mock_P09_1	14	319271	73
Mock_P09_1	14	319271	134
Mock_P09_1	14	319271	72
Mock_P09_1	14	319271	120
Mock_P09_1	14	319271	102
Mock_P09_1	14	319271	273
Mock_P09_1	14	319271	393
Mock_P09_1	14	319271	94
Mock_P09_1	14	319271	404
Mock_P09_1	14	319271	169
Mock_P09_1	14	319271	37
Mock_P09_1	14	319271	150
Mock_P09_1	14	319271	51
Mock_P09_1	14	319271	140
Mock_P09_1	14	319271	154
Mock_P09_1	14	319271	41
Mock_P09_1	14	319271	643
Mock_P09_1	14	319271	45
Mock_P09_1	14	319271	129
Mock_P09_1	14	319271	205
Mock_P09_1	14	319271	158
Mock_P09_1	14	319271	50
Mock_P09_1	14	319271	94
Mock_P09_1	14	319271	15
Mock_P09_1	14	319271	153
Mock_P09_1	14	319271	255
Mock_P09_1	14	319271	95
Mock_P09_1	14	319271	37
Mock_P09_1	14	319271	143
Mock_P09_1	14	319271	186
Mock_P09_1	14	319271	29
Mock_P09_1	14	319271	102
Mock_P09_1	14	319271	56
Mock_P09_1	14	319271	140
Mock_P09_1	14	319271	75
Mock_P09_1	14	319271	45
Mock_P09_1	14	319271	42
Mock_P09_1	14	319271	35
Mock_P09_1	14	319271	70
Mock_P09_1	14	319271	129
Mock_P09_1	14	319271	133
Mock_P09_1	14	319271	155
Mock_P09_1	14	319271	148
Mock_P09_1	14	319271	104
Mock_P09_1	14	319271	98
Mock_P09_1	14	319271	104
Mock_P09_1	14	319271	171
Mock_P09_1	14	319271	88
Mock_P09_1	14	319271	156
Mock_P09_1	14	319271	107
Mock_P09_1	14	319271	165
Mock_P09_1	14	319271	113
Mock_P09_1	14	319271	220
Mock_P09_1	14	319271	19
Mock_P09_1	14	319271	92
Mock_P09_1	14	319271	94
Mock_P09_1	14	319271	182
Mock_P09_1	14	319271	148
Mock_P09_1	14	319271	109
Mock_P09_1	14	319271	72
Mock_P09_1	14	319271	156
Mock_P09_1	14	319271	73
Mock_P09_1	14	319271	99
Mock_P09_1	14	319271	84
Mock_P09_1	14	319271	145
Mock_P09_1	14	319271	108
Mock_P09_1	14	319271	39
Mock_P09_1	14	319271	111
Mock_P09_1	14	319271	81
Mock_P09_1	14	319271	114
Mock_P09_1	14	319271	140
Mock_P09_1	14	319271	106
Mock_P09_1	14	319271	177
Mock_P09_1	14	319271	276
Mock_P09_1	14	319271	117
Mock_P09_1	14	319271	105
Mock_P09_1	14	319271	87
Mock_P09_1	14	319271	120
Mock_P09_1	14	319271	88
Mock_P09_1	14	319271	281
Mock_P09_1	14	319271	149
Mock_P09_1	14	319271	42
Mock_P09_1	14	319271	109
Mock_P09_1	14	319271	46
Mock_P09_1	14	319271	315
Mock_P09_1	14	319271	48
Mock_P09_1	14	319271	109
Mock_P09_1	14	319271	31
Mock_P09_1	14	319271	89
Mock_P09_1	14	319271	70
Mock_P09_1	14	319271	158
Mock_P09_1	14	319271	79
Mock_P09_1	14	319271	114
Mock_P09_1	14	319271	42
Mock_P09_1	14	319271	18
Mock_P09_1	14	319271	167
Mock_P09_1	15	308450	10
Mock_P09_1	15	308450	138
Mock_P09_1	15	308450	147
Mock_P09_1	15	308450	140
Mock_P09_1	15	308450	39
Mock_P09_1	15	308450	94
Mock_P09_1	15	308450	131
Mock_P09_1	15	308450	118
Mock_P09_1	15	308450	113
Mock_P09_1	15	308450	167
Mock_P09_1	15	308450	103
Mock_P09_1	15	308450	135
Mock_P09_1	15	308450	95
Mock_P09_1	15	308450	121
Mock_P09_1	15	308450	85
Mock_P09_1	15	308450	65
Mock_P09_1	15	308450	129
Mock_P09_1	15	308450	107
Mock_P09_1	15	308450	156
Mock_P09_1	15	308450	112
Mock_P09_1	15	308450	179
Mock_P09_1	15	308450	74
Mock_P09_1	15	308450	106
Mock_P09_1	15	308450	56
Mock_P09_1	15	308450	75
Mock_P09_1	15	308450	127
Mock_P09_1	15	308450	142
Mock_P09_1	15	308450	189
Mock_P09_1	15	308450	90
Mock_P09_1	15	308450	247
Mock_P09_1	15	308450	137
Mock_P09_1	15	308450	94
Mock_P09_1	15	308450	102
Mock_P09_1	15	308450	131
Mock_P09_1	15	308450	109
Mock_P09_1	15	308450	10
Mock_P09_1	15	308450	138
Mock_P09_1	15	308450	123
Mock_P09_1	15	308450	239
Mock_P09_1	15	308450	54
Mock_P09_1	15	308450	98
Mock_P09_1	15	308450	99
Mock_P09_1	15	308450	93
Mock_P09_1	15	308450	108
Mock_P09_1	15	308450	120
Mock_P09_1	15	308450	69
Mock_P09_1	15	308450	116
Mock_P09_1	15	308450	103
Mock_P09_1	15	308450	114
Mock_P09_1	15	308450	149
Mock_P09_1	15	308450	131
Mock_P09_1	15	308450	185
Mock_P09_1	15	308450	100
Mock_P09_1	15	308450	134
Mock_P09_1	15	308450	175
Mock_P09_1	15	308450	71
Mock_P09_1	15	308450	103
Mock_P09_1	15	308450	76
Mock_P09_1	15	308450	97
Mock_P09_1	15	308450	116
Mock_P09_1	15	308450	96
Mock_P09_1	15	308450	127
Mock_P09_1	15	308450	63
Mock_P09_1	15	308450	483
Mock_P09_1	15	308450	156
Mock_P09_1	15	308450	165
Mock_P09_1	15	308450	129
Mock_P09_1	15	308450	212
Mock_P09_1	15	308450	122
Mock_P09_1	15	308450	212
Mock_P09_1	15	308450	89
Mock_P09_1	15	308450	135
Mock_P09_1	15	308450	101
Mock_P09_1	15	308450	151
Mock_P09_1	15	308450	153
Mock_P09_1	15	308450	182
Mock_P09_1	15	308450	135
Mock_P09_1	15	308450	54
Mock_P09_1	15	308450	305
Mock_P09_1	15	308450	70
Mock_P09_1	15	308450	345
Mock_P09_1	15	308450	129
Mock_P09_1	15	308450	232
Mock_P09_1	15	308450	55
Mock_P09_1	15	308450	174
Mock_P09_1	15	308450	362
Mock_P09_1	15	308450	178
Mock_P09_1	15	308450	160
Mock_P09_1	15	308450	220
Mock_P09_1	15	308450	112
Mock_P09_1	15	308450	144
Mock_P09_1	15	308450	704
Mock_P09_1	15	308450	113
Mock_P09_1	15	308450	288
Mock_P09_1	15	308450	47
Mock_P09_1	15	308450	141
Mock_P09_1	15	308450	293
Mock_P09_1	15	308450	132
Mock_P09_1	15	308450	82
Mock_P09_1	15	308450	140
Mock_P09_1	15	308450	105
Mock_P09_1	15	308450	111
Mock_P09_1	15	308450	146
Mock_P09_1	15	308450	82
Mock_P09_1	15	308450	340
Mock_P09_1	15	308450	219
Mock_P09_1	15	308450	88
Mock_P09_1	15	308450	123
Mock_P09_1	15	308450	147
Mock_P09_1	15	308450	58
Mock_P09_1	15	308450	123
Mock_P09_1	15	308450	148
Mock_P09_1	15	308450	160
Mock_P09_1	15	308450	104
Mock_P09_1	15	308450	35
Mock_P09_1	15	308450	45
Mock_P09_1	15	308450	177
Mock_P09_1	15	308450	80
Mock_P09_1	15	308450	113
Mock_P09_1	15	308450	227
Mock_P09_1	15	308450	122
Mock_P09_1	15	308450	92
Mock_P09_1	15	308450	116
Mock_P09_1	15	308450	74
Mock_P09_1	15	308450	135
Mock_P09_1	15	308450	222
Mock_P09_1	15	308450	243
Mock_P09_1	15	308450	200
Mock_P09_1	15	308450	17
Mock_P09_1	15	308450	48
Mock_P09_1	15	308450	128
Mock_P09_1	16	300037	91
Mock_P09_1	16	300037	77
Mock_P09_1	16	300037	177
Mock_P09_1	16	300037	38
Mock_P09_1	16	300037	62
Mock_P09_1	16	300037	519
Mock_P09_1	16	300037	109
Mock_P09_1	16	300037	111
Mock_P09_1	16	300037	72
Mock_P09_1	16	300037	60
Mock_P09_1	16	300037	133
Mock_P09_1	16	300037	125
Mock_P09_1	16	300037	97
Mock_P09_1	16	300037	159
Mock_P09_1	16	300037	104
Mock_P09_1	16	300037	76
Mock_P09_1	16	300037	268
Mock_P09_1	16	300037	150
Mock_P09_1	16	300037	171
Mock_P09_1	16	300037	114
Mock_P09_1	16	300037	179
Mock_P09_1	16	300037	169
Mock_P09_1	16	300037	161
Mock_P09_1	16	300037	110
Mock_P09_1	16	300037	127
Mock_P09_1	16	300037	124
Mock_P09_1	16	300037	140
Mock_P09_1	16	300037	117
Mock_P09_1	16	300037	190
Mock_P09_1	16	300037	90
Mock_P09_1	16	300037	67
Mock_P09_1	16	300037	87
Mock_P09_1	16	300037	175
Mock_P09_1	16	300037	23
Mock_P09_1	16	300037	93
Mock_P09_1	16	300037	72
Mock_P09_1	16	300037	47
Mock_P09_1	16	300037	58
Mock_P09_1	16	300037	119
Mock_P09_1	16	300037	68
Mock_P09_1	16	300037	92
Mock_P09_1	16	300037	206
Mock_P09_1	16	300037	72
Mock_P09_1	16	300037	139
Mock_P09_1	16	300037	121
Mock_P09_1	16	300037	190
Mock_P09_1	16	300037	503
Mock_P09_1	16	300037	99
Mock_P09_1	16	300037	87
Mock_P09_1	16	300037	94
Mock_P09_1	16	300037	417
Mock_P09_1	16	300037	428
Mock_P09_1	16	300037	838
Mock_P09_1	16	300037	217
Mock_P09_1	16	300037	80
Mock_P09_1	16	300037	119
Mock_P09_1	16	300037	10
Mock_P09_1	16	300037	453
Mock_P09_1	16	300037	165
Mock_P09_1	16	300037	130
Mock_P09_1	16	300037	133
Mock_P09_1	16	300037	113
Mock_P09_1	16	300037	328
Mock_P09_1	16	300037	196
Mock_P09_1	16	300037	201
Mock_P09_1	16	300037	70
Mock_P09_1	16	300037	66
Mock_P09_1	16	300037	163
Mock_P09_1	16	300037	84
Mock_P09_1	16	300037	378
Mock_P09_1	16	300037	69
Mock_P09_1	16	300037	204
Mock_P09_1	16	300037	248
Mock_P09_1	16	300037	28
Mock_P09_1	16	300037	139
Mock_P09_1	16	300037	198
Mock_P09_1	16	300037	192
Mock_P09_1	16	300037	124
Mock_P09_1	16	300037	184
Mock_P09_1	16	300037	11
Mock_P09_1	16	300037	156
Mock_P09_1	16	300037	134
Mock_P09_1	16	300037	129
Mock_P09_1	16	300037	112
Mock_P09_1	16	300037	199
Mock_P09_1	16	300037	170
Mock_P09_1	16	300037	62
Mock_P09_1	16	300037	97
Mock_P09_1	16	300037	142
Mock_P09_1	16	300037	98
Mock_P09_1	16	300037	99
Mock_P09_1	16	300037	194
Mock_P09_1	16	300037	61
Mock_P09_1	16	300037	121
Mock_P09_1	16	300037	79
Mock_P09_1	16	300037	181
Mock_P09_1	16	300037	159
Mock_P09_1	16	300037	138
Mock_P09_1	16	300037	165
Mock_P09_1	16	300037	84
Mock_P09_1	16	300037	104
Mock_P09_1	16	300037	200
Mock_P09_1	16	300037	212
Mock_P09_1	16	300037	262
Mock_P09_1	16	300037	100
Mock_P09_1	16	300037	204
Mock_P09_1	16	300037	95
Mock_P09_1	16	300037	123
Mock_P09_1	16	300037	20
Mock_P09_1	16	300037	115
Mock_P09_1	16	300037	53
Mock_P09_1	16	300037	131
Mock_P09_1	16	300037	108
Mock_P09_1	16	300037	77
Mock_P09_1	16	300037	80
Mock_P09_1	16	300037	176
Mock_P09_1	16	300037	65
Mock_P09_1	16	300037	91
Mock_P09_1	16	300037	150
Mock_P09_1	16	300037	39
Mock_P09_1	16	300037	94
Mock_P09_1	16	300037	155
Mock_P09_1	16	300037	72
Mock_P09_1	16	300037	68
Mock_P09_1	16	300037	73
Mock_P09_1	17	296364	97
Mock_P09_1	17	296364	192
Mock_P09_1	17	296364	90
Mock_P09_1	17	296364	109
Mock_P09_1	17	296364	115
Mock_P09_1	17	296364	208
Mock_P09_1	17	296364	132
Mock_P09_1	17	296364	150
Mock_P09_1	17	296364	165
Mock_P09_1	17	296364	53
Mock_P09_1	17	296364	164
Mock_P09_1	17	296364	167
Mock_P09_1	17	296364	212
Mock_P09_1	17	296364	247
Mock_P09_1	17	296364	221
Mock_P09_1	17	296364	184
Mock_P09_1	17	296364	123
Mock_P09_1	17	296364	147
Mock_P09_1	17	296364	76
Mock_P09_1	17	296364	196
Mock_P09_1	17	296364	141
Mock_P09_1	17	296364	116
Mock_P09_1	17	296364	219
Mock_P09_1	17	296364	65
Mock_P09_1	17	296364	192
Mock_P09_1	17	296364	253
Mock_P09_1	17	296364	94
Mock_P09_1	17	296364	142
Mock_P09_1	17	296364	110
Mock_P09_1	17	296364	138
Mock_P09_1	17	296364	42
Mock_P09_1	17	296364	525
Mock_P09_1	17	296364	182
Mock_P09_1	17	296364	173
Mock_P09_1	17	296364	154
Mock_P09_1	17	296364	111
Mock_P09_1	17	296364	184
Mock_P09_1	17	296364	140
Mock_P09_1	17	296364	129
Mock_P09_1	17	296364	131
Mock_P09_1	17	296364	195
Mock_P09_1	17	296364	245
Mock_P09_1	17	296364	192
Mock_P09_1	17	296364	163
Mock_P09_1	17	296364	164
Mock_P09_1	17	296364	139
Mock_P09_1	17	296364	443
Mock_P09_1	17	296364	310
Mock_P09_1	17	296364	360
Mock_P09_1	17	296364	62
Mock_P09_1	17	296364	66
Mock_P09_1	17	296364	110
Mock_P09_1	17	296364	127
Mock_P09_1	17	296364	168
Mock_P09_1	17	296364	155
Mock_P09_1	17	296364	157
Mock_P09_1	17	296364	101
Mock_P09_1	17	296364	192
Mock_P09_1	17	296364	136
Mock_P09_1	17	296364	100
Mock_P09_1	17	296364	109
Mock_P09_1	17	296364	155
Mock_P09_1	17	296364	133
Mock_P09_1	17	296364	110
Mock_P09_1	17	296364	88
Mock_P09_1	17	296364	70
Mock_P09_1	17	296364	61
Mock_P09_1	17	296364	85
Mock_P09_1	17	296364	74
Mock_P09_1	17	296364	119
Mock_P09_1	17	296364	71
Mock_P09_1	17	296364	106
Mock_P09_1	17	296364	79
Mock_P09_1	17	296364	124
Mock_P09_1	17	296364	89
Mock_P09_1	17	296364	83
Mock_P09_1	17	296364	36
Mock_P09_1	17	296364	215
Mock_P09_1	17	296364	143
Mock_P09_1	17	296364	197
Mock_P09_1	17	296364	141
Mock_P09_1	17	296364	145
Mock_P09_1	17	296364	93
Mock_P09_1	17	296364	112
Mock_P09_1	17	296364	68
Mock_P09_1	17	296364	94
Mock_P09_1	17	296364	246
Mock_P09_1	17	296364	26
Mock_P09_1	17	296364	121
Mock_P09_1	17	296364	60
Mock_P09_1	17	296364	93
Mock_P09_1	17	296364	119
Mock_P09_1	17	296364	100
Mock_P09_1	17	296364	64
Mock_P09_1	17	296364	38
Mock_P09_1	17	296364	101
Mock_P09_1	17	296364	128
Mock_P09_1	17	296364	64
Mock_P09_1	17	296364	200
Mock_P09_1	17	296364	144
Mock_P09_1	17	296364	113
Mock_P09_1	17	296364	107
Mock_P09_1	17	296364	102
Mock_P09_1	17	296364	97
Mock_P09_1	17	296364	76
Mock_P09_1	17	296364	113
Mock_P09_1	17	296364	61
Mock_P09_1	17	296364	81
Mock_P09_1	17	296364	96
Mock_P09_1	17	296364	64
Mock_P09_1	17	296364	54
Mock_P09_1	17	296364	56
Mock_P09_1	17	296364	14
Mock_P09_1	17	296364	90
Mock_P09_1	18	320560	120
Mock_P09_1	18	320560	101
Mock_P09_1	18	320560	167
Mock_P09_1	18	320560	73
Mock_P09_1	18	320560	139
Mock_P09_1	18	320560	70
Mock_P09_1	18	320560	97
Mock_P09_1	18	320560	153
Mock_P09_1	18	320560	88
Mock_P09_1	18	320560	147
Mock_P09_1	18	320560	138
Mock_P09_1	18	320560	161
Mock_P09_1	18	320560	150
Mock_P09_1	18	320560	119
Mock_P09_1	18	320560	198
Mock_P09_1	18	320560	134
Mock_P09_1	18	320560	266
Mock_P09_1	18	320560	104
Mock_P09_1	18	320560	142
Mock_P09_1	18	320560	150
Mock_P09_1	18	320560	178
Mock_P09_1	18	320560	154
Mock_P09_1	18	320560	118
Mock_P09_1	18	320560	113
Mock_P09_1	18	320560	107
Mock_P09_1	18	320560	150
Mock_P09_1	18	320560	130
Mock_P09_1	18	320560	100
Mock_P09_1	18	320560	96
Mock_P09_1	18	320560	162
Mock_P09_1	18	320560	99
Mock_P09_1	18	320560	105
Mock_P09_1	18	320560	204
Mock_P09_1	18	320560	260
Mock_P09_1	18	320560	126
Mock_P09_1	18	320560	205
Mock_P09_1	18	320560	191
Mock_P09_1	18	320560	83
Mock_P09_1	18	320560	192
Mock_P09_1	18	320560	163
Mock_P09_1	18	320560	119
Mock_P09_1	18	320560	128
Mock_P09_1	18	320560	92
Mock_P09_1	18	320560	125
Mock_P09_1	18	320560	108
Mock_P09_1	18	320560	166
Mock_P09_1	18	320560	33
Mock_P09_1	18	320560	119
Mock_P09_1	18	320560	81
Mock_P09_1	18	320560	100
Mock_P09_1	18	320560	217
Mock_P09_1	18	320560	93
Mock_P09_1	18	320560	75
Mock_P09_1	18	320560	107
Mock_P09_1	18	320560	103
Mock_P09_1	18	320560	71
Mock_P09_1	18	320560	86
Mock_P09_1	18	320560	91
Mock_P09_1	18	320560	146
Mock_P09_1	18	320560	127
Mock_P09_1	18	320560	144
Mock_P09_1	18	320560	116
Mock_P09_1	18	320560	61
Mock_P09_1	18	320560	126
Mock_P09_1	18	320560	33
Mock_P09_1	18	320560	129
Mock_P09_1	18	320560	88
Mock_P09_1	18	320560	101
Mock_P09_1	18	320560	178
Mock_P09_1	18	320560	103
Mock_P09_1	18	320560	172
Mock_P09_1	18	320560	124
Mock_P09_1	18	320560	34
Mock_P09_1	18	320560	73
Mock_P09_1	18	320560	29
Mock_P09_1	18	320560	94
Mock_P09_1	18	320560	99
Mock_P09_1	18	320560	14
Mock_P09_1	18	320560	99
Mock_P09_1	18	320560	85
Mock_P09_1	18	320560	73
Mock_P09_1	18	320560	71
Mock_P09_1	18	320560	113
Mock_P09_1	18	320560	40
Mock_P09_1	18	320560	90
Mock_P09_1	18	320560	53
Mock_P09_1	18	320560	166
Mock_P09_1	18	320560	88
Mock_P09_1	18	320560	87
Mock_P09_1	18	320560	127
Mock_P09_1	18	320560	140
Mock_P09_1	18	320560	66
Mock_P09_1	18	320560	144
Mock_P09_1	18	320560	115
Mock_P09_1	18	320560	123
Mock_P09_1	18	320560	22
Mock_P09_1	18	320560	129
Mock_P09_1	18	320560	110
Mock_P09_1	18	320560	73
Mock_P09_1	18	320560	97
Mock_P09_1	18	320560	117
Mock_P09_1	18	320560	38
Mock_P09_1	18	320560	112
Mock_P09_1	18	320560	92
Mock_P09_1	18	320560	92
Mock_P09_1	18	320560	192
Mock_P09_1	18	320560	102
Mock_P09_1	18	320560	70
Mock_P09_1	18	320560	75
Mock_P09_1	18	320560	102
Mock_P09_1	18	320560	206
Mock_P09_1	18	320560	144
Mock_P09_1	18	320560	83
Mock_P09_1	18	320560	105
Mock_P09_1	18	320560	96
Mock_P09_1	18	320560	100
Mock_P09_1	18	320560	91
Mock_P09_1	18	320560	120
Mock_P09_1	18	320560	89
Mock_P09_1	18	320560	119
Mock_P09_1	18	320560	80
Mock_P09_1	18	320560	164
Mock_P09_1	18	320560	92
Mock_P09_1	18	320560	62
Mock_P09_1	18	320560	10
Mock_P09_1	18	320560	10
Mock_P09_1	18	320560	257
Mock_P09_1	18	320560	85
Mock_P09_1	18	320560	87
Mock_P09_1	19	185217	10
Mock_P09_1	20	328658	50
Mock_P09_1	20	328658	10
Mock_P09_1	21	274711	0
Mock_P09_1	22	311824	25
Mock_P09_1	22	311824	21
Mock_P09_1	22	311824	50
Mock_P09_1	22	311824	193
Mock_P09_1	23	323469	39
Mock_P09_1	23	323469	84
Mock_P09_1	23	323469	15
Mock_P09_1	23	323469	42
Mock_P09_1	23	323469	117
Mock_P09_1	23	323469	71
Mock_P09_1	23	323469	19
Mock_P09_1	23	323469	28
Mock_P09_1	23	323469	32
Mock_P09_1	23	323469	16
Mock_P09_1	24	358449	15
