fichier	leaf	surfaceLeaf	surfaceLesion
Mock_P03_2	1	353932	93
Mock_P03_2	1	353932	72
Mock_P03_2	1	353932	63
Mock_P03_2	1	353932	91
Mock_P03_2	1	353932	12
Mock_P03_2	1	353932	84
Mock_P03_2	1	353932	74
Mock_P03_2	1	353932	95
Mock_P03_2	1	353932	98
Mock_P03_2	1	353932	120
Mock_P03_2	1	353932	81
Mock_P03_2	1	353932	106
Mock_P03_2	1	353932	101
Mock_P03_2	1	353932	69
Mock_P03_2	1	353932	86
Mock_P03_2	1	353932	73
Mock_P03_2	1	353932	78
Mock_P03_2	1	353932	90
Mock_P03_2	1	353932	96
Mock_P03_2	1	353932	72
Mock_P03_2	1	353932	108
Mock_P03_2	1	353932	87
Mock_P03_2	1	353932	110
Mock_P03_2	1	353932	88
Mock_P03_2	1	353932	86
Mock_P03_2	1	353932	104
Mock_P03_2	1	353932	74
Mock_P03_2	1	353932	90
Mock_P03_2	1	353932	84
Mock_P03_2	1	353932	83
Mock_P03_2	1	353932	118
Mock_P03_2	1	353932	144
Mock_P03_2	1	353932	90
Mock_P03_2	1	353932	108
Mock_P03_2	1	353932	98
Mock_P03_2	1	353932	84
Mock_P03_2	1	353932	76
Mock_P03_2	1	353932	97
Mock_P03_2	1	353932	91
Mock_P03_2	1	353932	231
Mock_P03_2	1	353932	144
Mock_P03_2	1	353932	114
Mock_P03_2	1	353932	76
Mock_P03_2	1	353932	94
Mock_P03_2	1	353932	90
Mock_P03_2	1	353932	55
Mock_P03_2	1	353932	41
Mock_P03_2	1	353932	72
Mock_P03_2	1	353932	92
Mock_P03_2	1	353932	102
Mock_P03_2	1	353932	91
Mock_P03_2	1	353932	83
Mock_P03_2	1	353932	61
Mock_P03_2	1	353932	103
Mock_P03_2	1	353932	301
Mock_P03_2	1	353932	109
Mock_P03_2	1	353932	119
Mock_P03_2	1	353932	79
Mock_P03_2	1	353932	36
Mock_P03_2	1	353932	65
Mock_P03_2	1	353932	111
Mock_P03_2	1	353932	95
Mock_P03_2	1	353932	124
Mock_P03_2	1	353932	52
Mock_P03_2	1	353932	147
Mock_P03_2	1	353932	81
Mock_P03_2	1	353932	94
Mock_P03_2	1	353932	135
Mock_P03_2	1	353932	117
Mock_P03_2	1	353932	126
Mock_P03_2	1	353932	85
Mock_P03_2	1	353932	122
Mock_P03_2	1	353932	102
Mock_P03_2	1	353932	94
Mock_P03_2	1	353932	28
Mock_P03_2	1	353932	90
Mock_P03_2	1	353932	188
Mock_P03_2	1	353932	135
Mock_P03_2	1	353932	90
Mock_P03_2	1	353932	12
Mock_P03_2	1	353932	82
Mock_P03_2	1	353932	112
Mock_P03_2	1	353932	71
Mock_P03_2	1	353932	71
Mock_P03_2	1	353932	227
Mock_P03_2	1	353932	40
Mock_P03_2	1	353932	77
Mock_P03_2	1	353932	103
Mock_P03_2	1	353932	92
Mock_P03_2	1	353932	159
Mock_P03_2	1	353932	65
Mock_P03_2	1	353932	130
Mock_P03_2	1	353932	58
Mock_P03_2	1	353932	59
Mock_P03_2	1	353932	71
Mock_P03_2	1	353932	29
Mock_P03_2	1	353932	46
Mock_P03_2	1	353932	126
Mock_P03_2	1	353932	88
Mock_P03_2	1	353932	74
Mock_P03_2	1	353932	92
Mock_P03_2	1	353932	47
Mock_P03_2	1	353932	93
Mock_P03_2	1	353932	87
Mock_P03_2	1	353932	78
Mock_P03_2	1	353932	38
Mock_P03_2	1	353932	52
Mock_P03_2	1	353932	115
Mock_P03_2	1	353932	109
Mock_P03_2	1	353932	107
Mock_P03_2	1	353932	164
Mock_P03_2	1	353932	123
Mock_P03_2	1	353932	51
Mock_P03_2	1	353932	76
Mock_P03_2	1	353932	69
Mock_P03_2	1	353932	13
Mock_P03_2	1	353932	79
Mock_P03_2	1	353932	62
Mock_P03_2	1	353932	45
Mock_P03_2	1	353932	71
Mock_P03_2	1	353932	35
Mock_P03_2	1	353932	64
Mock_P03_2	1	353932	56
Mock_P03_2	1	353932	111
Mock_P03_2	1	353932	89
Mock_P03_2	1	353932	53
Mock_P03_2	1	353932	22
Mock_P03_2	1	353932	82
Mock_P03_2	1	353932	95
Mock_P03_2	1	353932	53
Mock_P03_2	1	353932	77
Mock_P03_2	1	353932	140
Mock_P03_2	1	353932	109
Mock_P03_2	1	353932	108
Mock_P03_2	1	353932	85
Mock_P03_2	1	353932	84
Mock_P03_2	1	353932	75
Mock_P03_2	1	353932	100
Mock_P03_2	1	353932	99
Mock_P03_2	1	353932	85
Mock_P03_2	1	353932	55
Mock_P03_2	1	353932	102
Mock_P03_2	1	353932	23
Mock_P03_2	1	353932	92
Mock_P03_2	1	353932	77
Mock_P03_2	1	353932	135
Mock_P03_2	1	353932	66
Mock_P03_2	1	353932	82
Mock_P03_2	1	353932	25
Mock_P03_2	1	353932	48
Mock_P03_2	1	353932	114
Mock_P03_2	1	353932	63
Mock_P03_2	1	353932	92
Mock_P03_2	1	353932	56
Mock_P03_2	2	356397	98
Mock_P03_2	2	356397	46
Mock_P03_2	2	356397	108
Mock_P03_2	2	356397	153
Mock_P03_2	2	356397	125
Mock_P03_2	2	356397	65
Mock_P03_2	2	356397	128
Mock_P03_2	2	356397	306
Mock_P03_2	2	356397	119
Mock_P03_2	2	356397	43
Mock_P03_2	2	356397	108
Mock_P03_2	2	356397	147
Mock_P03_2	2	356397	98
Mock_P03_2	2	356397	69
Mock_P03_2	2	356397	265
Mock_P03_2	2	356397	67
Mock_P03_2	2	356397	116
Mock_P03_2	2	356397	96
Mock_P03_2	2	356397	254
Mock_P03_2	2	356397	170
Mock_P03_2	2	356397	160
Mock_P03_2	2	356397	123
Mock_P03_2	2	356397	144
Mock_P03_2	2	356397	141
Mock_P03_2	2	356397	217
Mock_P03_2	2	356397	123
Mock_P03_2	2	356397	296
Mock_P03_2	2	356397	63
Mock_P03_2	2	356397	82
Mock_P03_2	2	356397	197
Mock_P03_2	2	356397	83
Mock_P03_2	2	356397	185
Mock_P03_2	2	356397	185
Mock_P03_2	2	356397	141
Mock_P03_2	2	356397	161
Mock_P03_2	2	356397	109
Mock_P03_2	2	356397	104
Mock_P03_2	2	356397	97
Mock_P03_2	2	356397	81
Mock_P03_2	2	356397	128
Mock_P03_2	2	356397	131
Mock_P03_2	2	356397	149
Mock_P03_2	2	356397	167
Mock_P03_2	2	356397	173
Mock_P03_2	2	356397	87
Mock_P03_2	2	356397	243
Mock_P03_2	2	356397	79
Mock_P03_2	2	356397	69
Mock_P03_2	2	356397	208
Mock_P03_2	2	356397	278
Mock_P03_2	2	356397	102
Mock_P03_2	2	356397	24
Mock_P03_2	2	356397	136
Mock_P03_2	2	356397	129
Mock_P03_2	2	356397	108
Mock_P03_2	2	356397	99
Mock_P03_2	2	356397	128
Mock_P03_2	2	356397	105
Mock_P03_2	2	356397	78
Mock_P03_2	2	356397	88
Mock_P03_2	2	356397	48
Mock_P03_2	2	356397	101
Mock_P03_2	2	356397	132
Mock_P03_2	2	356397	153
Mock_P03_2	2	356397	147
Mock_P03_2	2	356397	39
Mock_P03_2	2	356397	93
Mock_P03_2	2	356397	69
Mock_P03_2	2	356397	217
Mock_P03_2	2	356397	158
Mock_P03_2	2	356397	108
Mock_P03_2	2	356397	51
Mock_P03_2	2	356397	61
Mock_P03_2	2	356397	99
Mock_P03_2	2	356397	135
Mock_P03_2	2	356397	82
Mock_P03_2	2	356397	111
Mock_P03_2	2	356397	240
Mock_P03_2	2	356397	100
Mock_P03_2	2	356397	104
Mock_P03_2	2	356397	225
Mock_P03_2	2	356397	113
Mock_P03_2	2	356397	111
Mock_P03_2	2	356397	175
Mock_P03_2	2	356397	134
Mock_P03_2	2	356397	199
Mock_P03_2	2	356397	113
Mock_P03_2	2	356397	50
Mock_P03_2	2	356397	29
Mock_P03_2	2	356397	126
Mock_P03_2	2	356397	126
Mock_P03_2	2	356397	18
Mock_P03_2	2	356397	45
Mock_P03_2	2	356397	127
Mock_P03_2	2	356397	100
Mock_P03_2	2	356397	70
Mock_P03_2	2	356397	122
Mock_P03_2	2	356397	79
Mock_P03_2	2	356397	125
Mock_P03_2	2	356397	128
Mock_P03_2	2	356397	121
Mock_P03_2	2	356397	103
Mock_P03_2	2	356397	123
Mock_P03_2	2	356397	144
Mock_P03_2	2	356397	98
Mock_P03_2	2	356397	162
Mock_P03_2	2	356397	127
Mock_P03_2	2	356397	142
Mock_P03_2	2	356397	105
Mock_P03_2	2	356397	185
Mock_P03_2	2	356397	172
Mock_P03_2	2	356397	78
Mock_P03_2	2	356397	175
Mock_P03_2	2	356397	106
Mock_P03_2	2	356397	59
Mock_P03_2	2	356397	105
Mock_P03_2	2	356397	104
Mock_P03_2	2	356397	107
Mock_P03_2	2	356397	57
Mock_P03_2	2	356397	129
Mock_P03_2	2	356397	83
Mock_P03_2	2	356397	79
Mock_P03_2	2	356397	82
Mock_P03_2	2	356397	148
Mock_P03_2	2	356397	208
Mock_P03_2	2	356397	76
Mock_P03_2	2	356397	98
Mock_P03_2	2	356397	113
Mock_P03_2	2	356397	119
Mock_P03_2	2	356397	120
Mock_P03_2	2	356397	110
Mock_P03_2	2	356397	119
Mock_P03_2	2	356397	104
Mock_P03_2	2	356397	92
Mock_P03_2	2	356397	121
Mock_P03_2	2	356397	295
Mock_P03_2	2	356397	132
Mock_P03_2	2	356397	149
Mock_P03_2	2	356397	127
Mock_P03_2	2	356397	123
Mock_P03_2	2	356397	76
Mock_P03_2	2	356397	135
Mock_P03_2	2	356397	97
Mock_P03_2	2	356397	76
Mock_P03_2	2	356397	13
Mock_P03_2	2	356397	146
Mock_P03_2	2	356397	98
Mock_P03_2	2	356397	32
Mock_P03_2	2	356397	14
Mock_P03_2	2	356397	133
Mock_P03_2	2	356397	69
Mock_P03_2	2	356397	31
Mock_P03_2	2	356397	82
Mock_P03_2	2	356397	252
Mock_P03_2	2	356397	97
Mock_P03_2	2	356397	222
Mock_P03_2	2	356397	95
Mock_P03_2	2	356397	79
Mock_P03_2	2	356397	118
Mock_P03_2	2	356397	56
Mock_P03_2	2	356397	96
Mock_P03_2	2	356397	111
Mock_P03_2	2	356397	87
Mock_P03_2	2	356397	85
Mock_P03_2	2	356397	116
Mock_P03_2	2	356397	30
Mock_P03_2	2	356397	146
Mock_P03_2	2	356397	86
Mock_P03_2	2	356397	80
Mock_P03_2	2	356397	57
Mock_P03_2	2	356397	81
Mock_P03_2	2	356397	146
Mock_P03_2	2	356397	159
Mock_P03_2	2	356397	141
Mock_P03_2	2	356397	100
Mock_P03_2	2	356397	70
Mock_P03_2	2	356397	92
Mock_P03_2	2	356397	57
Mock_P03_2	2	356397	122
Mock_P03_2	2	356397	74
Mock_P03_2	2	356397	75
Mock_P03_2	2	356397	28
Mock_P03_2	2	356397	140
Mock_P03_2	2	356397	44
Mock_P03_2	2	356397	36
Mock_P03_2	2	356397	29
Mock_P03_2	2	356397	33
Mock_P03_2	2	356397	83
Mock_P03_2	2	356397	82
Mock_P03_2	2	356397	113
Mock_P03_2	2	356397	245
Mock_P03_2	2	356397	82
Mock_P03_2	2	356397	107
Mock_P03_2	3	386327	44
Mock_P03_2	3	386327	129
Mock_P03_2	3	386327	57
Mock_P03_2	3	386327	117
Mock_P03_2	3	386327	71
Mock_P03_2	3	386327	82
Mock_P03_2	3	386327	54
Mock_P03_2	3	386327	125
Mock_P03_2	3	386327	67
Mock_P03_2	3	386327	45
Mock_P03_2	3	386327	89
Mock_P03_2	3	386327	92
Mock_P03_2	3	386327	60
Mock_P03_2	3	386327	75
Mock_P03_2	3	386327	190
Mock_P03_2	3	386327	59
Mock_P03_2	3	386327	59
Mock_P03_2	3	386327	84
Mock_P03_2	3	386327	79
Mock_P03_2	3	386327	84
Mock_P03_2	3	386327	91
Mock_P03_2	3	386327	114
Mock_P03_2	3	386327	109
Mock_P03_2	3	386327	101
Mock_P03_2	3	386327	68
Mock_P03_2	3	386327	97
Mock_P03_2	3	386327	85
Mock_P03_2	3	386327	72
Mock_P03_2	3	386327	63
Mock_P03_2	3	386327	92
Mock_P03_2	3	386327	79
Mock_P03_2	3	386327	61
Mock_P03_2	3	386327	297
Mock_P03_2	3	386327	82
Mock_P03_2	3	386327	151
Mock_P03_2	3	386327	41
Mock_P03_2	3	386327	83
Mock_P03_2	3	386327	35
Mock_P03_2	3	386327	72
Mock_P03_2	3	386327	91
Mock_P03_2	3	386327	85
Mock_P03_2	3	386327	74
Mock_P03_2	3	386327	118
Mock_P03_2	3	386327	35
Mock_P03_2	3	386327	113
Mock_P03_2	3	386327	139
Mock_P03_2	3	386327	137
Mock_P03_2	3	386327	99
Mock_P03_2	3	386327	147
Mock_P03_2	3	386327	65
Mock_P03_2	3	386327	77
Mock_P03_2	3	386327	167
Mock_P03_2	3	386327	102
Mock_P03_2	3	386327	90
Mock_P03_2	3	386327	148
Mock_P03_2	3	386327	182
Mock_P03_2	3	386327	64
Mock_P03_2	3	386327	185
Mock_P03_2	3	386327	112
Mock_P03_2	3	386327	123
Mock_P03_2	3	386327	203
Mock_P03_2	3	386327	37
Mock_P03_2	3	386327	135
Mock_P03_2	3	386327	169
Mock_P03_2	3	386327	88
Mock_P03_2	3	386327	123
Mock_P03_2	3	386327	55
Mock_P03_2	3	386327	109
Mock_P03_2	3	386327	129
Mock_P03_2	3	386327	110
Mock_P03_2	3	386327	124
Mock_P03_2	3	386327	159
Mock_P03_2	3	386327	75
Mock_P03_2	3	386327	92
Mock_P03_2	3	386327	235
Mock_P03_2	3	386327	80
Mock_P03_2	3	386327	223
Mock_P03_2	3	386327	118
Mock_P03_2	3	386327	135
Mock_P03_2	3	386327	81
Mock_P03_2	3	386327	195
Mock_P03_2	3	386327	42
Mock_P03_2	3	386327	229
Mock_P03_2	3	386327	132
Mock_P03_2	3	386327	171
Mock_P03_2	3	386327	64
Mock_P03_2	3	386327	286
Mock_P03_2	3	386327	88
Mock_P03_2	3	386327	129
Mock_P03_2	3	386327	128
Mock_P03_2	3	386327	98
Mock_P03_2	3	386327	90
Mock_P03_2	3	386327	61
Mock_P03_2	3	386327	127
Mock_P03_2	3	386327	249
Mock_P03_2	3	386327	99
Mock_P03_2	3	386327	82
Mock_P03_2	3	386327	79
Mock_P03_2	3	386327	125
Mock_P03_2	3	386327	29
Mock_P03_2	3	386327	115
Mock_P03_2	3	386327	155
Mock_P03_2	3	386327	147
Mock_P03_2	3	386327	95
Mock_P03_2	3	386327	28
Mock_P03_2	3	386327	34
Mock_P03_2	3	386327	113
Mock_P03_2	3	386327	140
Mock_P03_2	3	386327	140
Mock_P03_2	3	386327	168
Mock_P03_2	3	386327	127
Mock_P03_2	3	386327	112
Mock_P03_2	3	386327	95
Mock_P03_2	3	386327	216
Mock_P03_2	3	386327	96
Mock_P03_2	3	386327	110
Mock_P03_2	3	386327	107
Mock_P03_2	3	386327	107
Mock_P03_2	3	386327	505
Mock_P03_2	3	386327	77
Mock_P03_2	3	386327	89
Mock_P03_2	3	386327	62
Mock_P03_2	3	386327	54
Mock_P03_2	3	386327	283
Mock_P03_2	3	386327	101
Mock_P03_2	3	386327	95
Mock_P03_2	3	386327	150
Mock_P03_2	3	386327	122
Mock_P03_2	3	386327	119
Mock_P03_2	3	386327	95
Mock_P03_2	3	386327	134
Mock_P03_2	3	386327	123
Mock_P03_2	3	386327	29
Mock_P03_2	3	386327	140
Mock_P03_2	3	386327	118
Mock_P03_2	3	386327	12
Mock_P03_2	3	386327	79
Mock_P03_2	3	386327	97
Mock_P03_2	3	386327	103
Mock_P03_2	3	386327	123
Mock_P03_2	3	386327	84
Mock_P03_2	3	386327	83
Mock_P03_2	3	386327	63
Mock_P03_2	3	386327	96
Mock_P03_2	3	386327	134
Mock_P03_2	3	386327	60
Mock_P03_2	3	386327	149
Mock_P03_2	3	386327	22
Mock_P03_2	3	386327	171
Mock_P03_2	3	386327	83
Mock_P03_2	3	386327	75
Mock_P03_2	3	386327	81
Mock_P03_2	3	386327	50
Mock_P03_2	3	386327	94
Mock_P03_2	3	386327	159
Mock_P03_2	3	386327	157
Mock_P03_2	3	386327	10
Mock_P03_2	3	386327	65
Mock_P03_2	3	386327	132
Mock_P03_2	3	386327	88
Mock_P03_2	3	386327	58
Mock_P03_2	3	386327	101
Mock_P03_2	3	386327	113
Mock_P03_2	3	386327	62
Mock_P03_2	3	386327	131
Mock_P03_2	3	386327	91
Mock_P03_2	3	386327	90
Mock_P03_2	3	386327	43
Mock_P03_2	3	386327	98
Mock_P03_2	3	386327	129
Mock_P03_2	3	386327	217
Mock_P03_2	3	386327	71
Mock_P03_2	3	386327	95
Mock_P03_2	3	386327	82
Mock_P03_2	3	386327	93
Mock_P03_2	3	386327	50
Mock_P03_2	3	386327	89
Mock_P03_2	3	386327	61
Mock_P03_2	3	386327	132
Mock_P03_2	3	386327	55
Mock_P03_2	3	386327	35
Mock_P03_2	3	386327	49
Mock_P03_2	3	386327	114
Mock_P03_2	3	386327	79
Mock_P03_2	3	386327	123
Mock_P03_2	3	386327	68
Mock_P03_2	3	386327	107
Mock_P03_2	3	386327	76
Mock_P03_2	3	386327	79
Mock_P03_2	3	386327	105
Mock_P03_2	3	386327	101
Mock_P03_2	3	386327	77
Mock_P03_2	3	386327	66
Mock_P03_2	3	386327	152
Mock_P03_2	3	386327	45
Mock_P03_2	3	386327	90
Mock_P03_2	3	386327	17
Mock_P03_2	3	386327	162
Mock_P03_2	3	386327	500
Mock_P03_2	3	386327	83
Mock_P03_2	3	386327	118
Mock_P03_2	3	386327	80
Mock_P03_2	3	386327	111
Mock_P03_2	3	386327	52
Mock_P03_2	3	386327	10
Mock_P03_2	3	386327	59
Mock_P03_2	3	386327	135
Mock_P03_2	3	386327	243
Mock_P03_2	3	386327	368
Mock_P03_2	3	386327	106
Mock_P03_2	3	386327	22
Mock_P03_2	3	386327	46
Mock_P03_2	3	386327	89
Mock_P03_2	3	386327	36
Mock_P03_2	3	386327	110
Mock_P03_2	3	386327	129
Mock_P03_2	3	386327	57
Mock_P03_2	3	386327	20
Mock_P03_2	3	386327	109
Mock_P03_2	3	386327	311
Mock_P03_2	3	386327	17
Mock_P03_2	3	386327	17
Mock_P03_2	3	386327	204
Mock_P03_2	3	386327	84
Mock_P03_2	3	386327	115
Mock_P03_2	3	386327	72
Mock_P03_2	3	386327	119
Mock_P03_2	3	386327	49
Mock_P03_2	3	386327	75
Mock_P03_2	3	386327	85
Mock_P03_2	3	386327	117
Mock_P03_2	3	386327	78
Mock_P03_2	3	386327	99
Mock_P03_2	3	386327	56
Mock_P03_2	3	386327	107
Mock_P03_2	3	386327	53
Mock_P03_2	3	386327	26
Mock_P03_2	4	416742	108
Mock_P03_2	4	416742	457
Mock_P03_2	4	416742	116
Mock_P03_2	4	416742	118
Mock_P03_2	4	416742	108
Mock_P03_2	4	416742	98
Mock_P03_2	4	416742	118
Mock_P03_2	4	416742	65
Mock_P03_2	4	416742	113
Mock_P03_2	4	416742	169
Mock_P03_2	4	416742	139
Mock_P03_2	4	416742	307
Mock_P03_2	4	416742	324
Mock_P03_2	4	416742	136
Mock_P03_2	4	416742	88
Mock_P03_2	4	416742	103
Mock_P03_2	4	416742	101
Mock_P03_2	4	416742	111
Mock_P03_2	4	416742	71
Mock_P03_2	4	416742	99
Mock_P03_2	4	416742	89
Mock_P03_2	4	416742	117
Mock_P03_2	4	416742	114
Mock_P03_2	4	416742	84
Mock_P03_2	4	416742	134
Mock_P03_2	4	416742	69
Mock_P03_2	4	416742	84
Mock_P03_2	4	416742	130
Mock_P03_2	4	416742	72
Mock_P03_2	4	416742	75
Mock_P03_2	4	416742	209
Mock_P03_2	4	416742	96
Mock_P03_2	4	416742	123
Mock_P03_2	4	416742	210
Mock_P03_2	4	416742	133
Mock_P03_2	4	416742	128
Mock_P03_2	4	416742	124
Mock_P03_2	4	416742	180
Mock_P03_2	4	416742	74
Mock_P03_2	4	416742	113
Mock_P03_2	4	416742	133
Mock_P03_2	4	416742	136
Mock_P03_2	4	416742	147
Mock_P03_2	4	416742	221
Mock_P03_2	4	416742	99
Mock_P03_2	4	416742	124
Mock_P03_2	4	416742	162
Mock_P03_2	4	416742	120
Mock_P03_2	4	416742	41
Mock_P03_2	4	416742	121
Mock_P03_2	4	416742	167
Mock_P03_2	4	416742	143
Mock_P03_2	4	416742	110
Mock_P03_2	4	416742	158
Mock_P03_2	4	416742	140
Mock_P03_2	4	416742	159
Mock_P03_2	4	416742	172
Mock_P03_2	4	416742	111
Mock_P03_2	4	416742	152
Mock_P03_2	4	416742	110
Mock_P03_2	4	416742	111
Mock_P03_2	4	416742	177
Mock_P03_2	4	416742	132
Mock_P03_2	4	416742	138
Mock_P03_2	4	416742	102
Mock_P03_2	4	416742	105
Mock_P03_2	4	416742	196
Mock_P03_2	4	416742	99
Mock_P03_2	4	416742	70
Mock_P03_2	4	416742	120
Mock_P03_2	4	416742	105
Mock_P03_2	4	416742	57
Mock_P03_2	4	416742	91
Mock_P03_2	4	416742	66
Mock_P03_2	4	416742	316
Mock_P03_2	4	416742	70
Mock_P03_2	4	416742	106
Mock_P03_2	4	416742	131
Mock_P03_2	4	416742	171
Mock_P03_2	4	416742	105
Mock_P03_2	4	416742	129
Mock_P03_2	4	416742	310
Mock_P03_2	4	416742	49
Mock_P03_2	4	416742	62
Mock_P03_2	4	416742	67
Mock_P03_2	4	416742	121
Mock_P03_2	4	416742	99
Mock_P03_2	4	416742	155
Mock_P03_2	4	416742	167
Mock_P03_2	4	416742	90
Mock_P03_2	4	416742	71
Mock_P03_2	4	416742	90
Mock_P03_2	4	416742	126
Mock_P03_2	4	416742	143
Mock_P03_2	4	416742	99
Mock_P03_2	4	416742	77
Mock_P03_2	4	416742	68
Mock_P03_2	4	416742	307
Mock_P03_2	4	416742	201
Mock_P03_2	4	416742	125
Mock_P03_2	4	416742	67
Mock_P03_2	4	416742	186
Mock_P03_2	4	416742	56
Mock_P03_2	4	416742	99
Mock_P03_2	4	416742	77
Mock_P03_2	4	416742	108
Mock_P03_2	4	416742	46
Mock_P03_2	4	416742	19
Mock_P03_2	4	416742	64
Mock_P03_2	4	416742	41
Mock_P03_2	4	416742	89
Mock_P03_2	4	416742	85
Mock_P03_2	4	416742	68
Mock_P03_2	4	416742	75
Mock_P03_2	4	416742	84
Mock_P03_2	4	416742	88
Mock_P03_2	4	416742	139
Mock_P03_2	4	416742	103
Mock_P03_2	4	416742	145
Mock_P03_2	4	416742	88
Mock_P03_2	4	416742	72
Mock_P03_2	4	416742	43
Mock_P03_2	4	416742	95
Mock_P03_2	4	416742	159
Mock_P03_2	4	416742	89
Mock_P03_2	4	416742	113
Mock_P03_2	4	416742	140
Mock_P03_2	4	416742	26
Mock_P03_2	4	416742	132
Mock_P03_2	4	416742	80
Mock_P03_2	4	416742	141
Mock_P03_2	4	416742	85
Mock_P03_2	4	416742	257
Mock_P03_2	4	416742	134
Mock_P03_2	4	416742	25
Mock_P03_2	4	416742	60
Mock_P03_2	4	416742	66
Mock_P03_2	4	416742	60
Mock_P03_2	4	416742	74
Mock_P03_2	4	416742	88
Mock_P03_2	4	416742	88
Mock_P03_2	4	416742	42
Mock_P03_2	4	416742	47
Mock_P03_2	4	416742	127
Mock_P03_2	4	416742	24
Mock_P03_2	4	416742	170
Mock_P03_2	4	416742	85
Mock_P03_2	4	416742	45
Mock_P03_2	4	416742	59
Mock_P03_2	4	416742	104
Mock_P03_2	4	416742	98
Mock_P03_2	4	416742	90
Mock_P03_2	4	416742	183
Mock_P03_2	4	416742	89
Mock_P03_2	4	416742	525
Mock_P03_2	4	416742	131
Mock_P03_2	4	416742	48
Mock_P03_2	4	416742	97
Mock_P03_2	4	416742	69
Mock_P03_2	4	416742	75
Mock_P03_2	4	416742	145
Mock_P03_2	4	416742	36
Mock_P03_2	4	416742	80
Mock_P03_2	4	416742	60
Mock_P03_2	4	416742	75
Mock_P03_2	4	416742	117
Mock_P03_2	4	416742	166
Mock_P03_2	4	416742	121
Mock_P03_2	4	416742	230
Mock_P03_2	4	416742	112
Mock_P03_2	4	416742	65
Mock_P03_2	4	416742	54
Mock_P03_2	4	416742	49
Mock_P03_2	4	416742	91
Mock_P03_2	4	416742	76
Mock_P03_2	4	416742	63
Mock_P03_2	4	416742	56
Mock_P03_2	4	416742	121
Mock_P03_2	4	416742	117
Mock_P03_2	4	416742	57
Mock_P03_2	4	416742	80
Mock_P03_2	4	416742	98
Mock_P03_2	4	416742	11
Mock_P03_2	4	416742	71
Mock_P03_2	4	416742	106
Mock_P03_2	4	416742	181
Mock_P03_2	4	416742	53
Mock_P03_2	4	416742	78
Mock_P03_2	4	416742	62
Mock_P03_2	4	416742	171
Mock_P03_2	4	416742	58
Mock_P03_2	4	416742	115
Mock_P03_2	4	416742	22
Mock_P03_2	4	416742	70
Mock_P03_2	4	416742	77
Mock_P03_2	4	416742	60
Mock_P03_2	4	416742	95
Mock_P03_2	4	416742	78
Mock_P03_2	4	416742	202
Mock_P03_2	4	416742	115
Mock_P03_2	4	416742	104
Mock_P03_2	4	416742	102
Mock_P03_2	4	416742	83
Mock_P03_2	4	416742	230
Mock_P03_2	4	416742	86
Mock_P03_2	4	416742	52
Mock_P03_2	4	416742	23
Mock_P03_2	4	416742	99
Mock_P03_2	4	416742	102
Mock_P03_2	4	416742	99
Mock_P03_2	4	416742	135
Mock_P03_2	4	416742	64
Mock_P03_2	4	416742	79
Mock_P03_2	4	416742	68
Mock_P03_2	4	416742	20
Mock_P03_2	4	416742	76
Mock_P03_2	4	416742	1371
Mock_P03_2	4	416742	132
Mock_P03_2	4	416742	108
Mock_P03_2	4	416742	36
Mock_P03_2	4	416742	99
Mock_P03_2	4	416742	46
Mock_P03_2	4	416742	130
Mock_P03_2	4	416742	141
Mock_P03_2	4	416742	57
Mock_P03_2	4	416742	36
Mock_P03_2	4	416742	116
Mock_P03_2	4	416742	73
Mock_P03_2	4	416742	80
Mock_P03_2	4	416742	82
Mock_P03_2	4	416742	20
Mock_P03_2	4	416742	153
Mock_P03_2	4	416742	62
Mock_P03_2	4	416742	87
Mock_P03_2	4	416742	180
Mock_P03_2	4	416742	140
Mock_P03_2	4	416742	47
Mock_P03_2	4	416742	40
Mock_P03_2	4	416742	53
Mock_P03_2	4	416742	104
Mock_P03_2	4	416742	72
Mock_P03_2	4	416742	156
Mock_P03_2	4	416742	146
Mock_P03_2	4	416742	34
Mock_P03_2	4	416742	113
Mock_P03_2	4	416742	13
Mock_P03_2	4	416742	64
Mock_P03_2	4	416742	24
Mock_P03_2	4	416742	86
Mock_P03_2	4	416742	73
Mock_P03_2	4	416742	59
Mock_P03_2	4	416742	59
Mock_P03_2	4	416742	33
Mock_P03_2	5	310088	11
Mock_P03_2	5	310088	19
Mock_P03_2	5	310088	43
Mock_P03_2	5	310088	56
Mock_P03_2	5	310088	71
Mock_P03_2	5	310088	71
Mock_P03_2	5	310088	65
Mock_P03_2	5	310088	99
Mock_P03_2	5	310088	184
Mock_P03_2	5	310088	94
Mock_P03_2	5	310088	77
Mock_P03_2	5	310088	48
Mock_P03_2	5	310088	101
Mock_P03_2	5	310088	98
Mock_P03_2	5	310088	91
Mock_P03_2	5	310088	96
Mock_P03_2	5	310088	94
Mock_P03_2	5	310088	75
Mock_P03_2	5	310088	97
Mock_P03_2	5	310088	86
Mock_P03_2	5	310088	109
Mock_P03_2	5	310088	115
Mock_P03_2	5	310088	97
Mock_P03_2	5	310088	41
Mock_P03_2	5	310088	111
Mock_P03_2	5	310088	102
Mock_P03_2	5	310088	78
Mock_P03_2	5	310088	465
Mock_P03_2	5	310088	66
Mock_P03_2	5	310088	71
Mock_P03_2	5	310088	59
Mock_P03_2	5	310088	67
Mock_P03_2	5	310088	100
Mock_P03_2	5	310088	62
Mock_P03_2	5	310088	62
Mock_P03_2	5	310088	138
Mock_P03_2	5	310088	105
Mock_P03_2	5	310088	70
Mock_P03_2	5	310088	59
Mock_P03_2	5	310088	139
Mock_P03_2	5	310088	169
Mock_P03_2	5	310088	118
Mock_P03_2	5	310088	93
Mock_P03_2	5	310088	40
Mock_P03_2	5	310088	56
Mock_P03_2	5	310088	64
Mock_P03_2	5	310088	43
Mock_P03_2	5	310088	156
Mock_P03_2	5	310088	227
Mock_P03_2	5	310088	66
Mock_P03_2	5	310088	79
Mock_P03_2	5	310088	103
Mock_P03_2	5	310088	90
Mock_P03_2	5	310088	178
Mock_P03_2	5	310088	85
Mock_P03_2	5	310088	107
Mock_P03_2	5	310088	113
Mock_P03_2	5	310088	39
Mock_P03_2	5	310088	82
Mock_P03_2	5	310088	69
Mock_P03_2	5	310088	27
Mock_P03_2	5	310088	77
Mock_P03_2	5	310088	23
Mock_P03_2	5	310088	68
Mock_P03_2	5	310088	14
Mock_P03_2	5	310088	85
Mock_P03_2	5	310088	57
Mock_P03_2	5	310088	35
Mock_P03_2	5	310088	50
Mock_P03_2	5	310088	45
Mock_P03_2	5	310088	44
Mock_P03_2	5	310088	64
Mock_P03_2	5	310088	65
Mock_P03_2	5	310088	35
Mock_P03_2	5	310088	93
Mock_P03_2	5	310088	53
Mock_P03_2	5	310088	59
Mock_P03_2	5	310088	82
Mock_P03_2	5	310088	102
Mock_P03_2	5	310088	77
Mock_P03_2	5	310088	93
Mock_P03_2	5	310088	108
Mock_P03_2	5	310088	72
Mock_P03_2	5	310088	114
Mock_P03_2	5	310088	114
Mock_P03_2	5	310088	54
Mock_P03_2	5	310088	59
Mock_P03_2	5	310088	93
Mock_P03_2	5	310088	40
Mock_P03_2	5	310088	103
Mock_P03_2	5	310088	88
Mock_P03_2	5	310088	122
Mock_P03_2	5	310088	62
Mock_P03_2	5	310088	132
Mock_P03_2	5	310088	103
Mock_P03_2	5	310088	59
Mock_P03_2	5	310088	178
Mock_P03_2	5	310088	66
Mock_P03_2	5	310088	79
Mock_P03_2	5	310088	100
Mock_P03_2	5	310088	92
Mock_P03_2	5	310088	53
Mock_P03_2	5	310088	48
Mock_P03_2	5	310088	42
Mock_P03_2	5	310088	73
Mock_P03_2	5	310088	47
Mock_P03_2	5	310088	90
Mock_P03_2	5	310088	97
Mock_P03_2	5	310088	97
Mock_P03_2	5	310088	74
Mock_P03_2	5	310088	79
Mock_P03_2	5	310088	81
Mock_P03_2	5	310088	56
Mock_P03_2	5	310088	56
Mock_P03_2	5	310088	100
Mock_P03_2	5	310088	62
Mock_P03_2	5	310088	90
Mock_P03_2	5	310088	67
Mock_P03_2	5	310088	107
Mock_P03_2	5	310088	70
Mock_P03_2	5	310088	112
Mock_P03_2	5	310088	61
Mock_P03_2	5	310088	78
Mock_P03_2	5	310088	54
Mock_P03_2	5	310088	187
Mock_P03_2	5	310088	103
Mock_P03_2	5	310088	61
Mock_P03_2	5	310088	103
Mock_P03_2	5	310088	117
Mock_P03_2	5	310088	53
Mock_P03_2	5	310088	95
Mock_P03_2	5	310088	20
Mock_P03_2	5	310088	64
Mock_P03_2	5	310088	74
Mock_P03_2	5	310088	38
Mock_P03_2	5	310088	86
Mock_P03_2	5	310088	10
Mock_P03_2	5	310088	15
Mock_P03_2	5	310088	62
Mock_P03_2	5	310088	18
Mock_P03_2	5	310088	78
Mock_P03_2	5	310088	67
Mock_P03_2	5	310088	67
Mock_P03_2	5	310088	75
Mock_P03_2	5	310088	49
Mock_P03_2	5	310088	11
Mock_P03_2	5	310088	76
Mock_P03_2	5	310088	103
Mock_P03_2	5	310088	34
Mock_P03_2	5	310088	28
Mock_P03_2	5	310088	33
Mock_P03_2	5	310088	44
Mock_P03_2	5	310088	62
Mock_P03_2	5	310088	24
Mock_P03_2	5	310088	94
Mock_P03_2	5	310088	25
Mock_P03_2	5	310088	46
Mock_P03_2	5	310088	44
Mock_P03_2	5	310088	64
Mock_P03_2	5	310088	77
Mock_P03_2	5	310088	143
Mock_P03_2	5	310088	101
Mock_P03_2	5	310088	41
Mock_P03_2	5	310088	34
Mock_P03_2	5	310088	245
Mock_P03_2	5	310088	43
Mock_P03_2	5	310088	85
Mock_P03_2	5	310088	91
Mock_P03_2	5	310088	52
Mock_P03_2	5	310088	74
Mock_P03_2	5	310088	60
Mock_P03_2	5	310088	132
Mock_P03_2	5	310088	73
Mock_P03_2	5	310088	69
Mock_P03_2	5	310088	92
Mock_P03_2	5	310088	14
Mock_P03_2	5	310088	129
Mock_P03_2	5	310088	75
Mock_P03_2	5	310088	91
Mock_P03_2	5	310088	72
Mock_P03_2	5	310088	35
Mock_P03_2	5	310088	88
Mock_P03_2	5	310088	121
Mock_P03_2	5	310088	98
Mock_P03_2	5	310088	110
Mock_P03_2	5	310088	104
Mock_P03_2	5	310088	118
Mock_P03_2	5	310088	107
Mock_P03_2	5	310088	67
Mock_P03_2	5	310088	44
Mock_P03_2	5	310088	194
Mock_P03_2	5	310088	83
Mock_P03_2	5	310088	111
Mock_P03_2	5	310088	87
Mock_P03_2	5	310088	234
Mock_P03_2	5	310088	72
Mock_P03_2	5	310088	94
Mock_P03_2	5	310088	55
Mock_P03_2	5	310088	97
Mock_P03_2	5	310088	48
Mock_P03_2	5	310088	123
Mock_P03_2	5	310088	58
Mock_P03_2	5	310088	119
Mock_P03_2	5	310088	344
Mock_P03_2	5	310088	125
Mock_P03_2	5	310088	90
Mock_P03_2	5	310088	117
Mock_P03_2	5	310088	158
Mock_P03_2	5	310088	72
Mock_P03_2	5	310088	89
Mock_P03_2	5	310088	468
Mock_P03_2	5	310088	50
Mock_P03_2	5	310088	137
Mock_P03_2	5	310088	24
Mock_P03_2	5	310088	41
Mock_P03_2	5	310088	70
Mock_P03_2	5	310088	10
Mock_P03_2	5	310088	86
Mock_P03_2	5	310088	39
Mock_P03_2	5	310088	62
Mock_P03_2	5	310088	36
Mock_P03_2	5	310088	55
Mock_P03_2	5	310088	15
Mock_P03_2	5	310088	113
Mock_P03_2	5	310088	59
Mock_P03_2	5	310088	86
Mock_P03_2	5	310088	53
Mock_P03_2	5	310088	36
Mock_P03_2	5	310088	98
Mock_P03_2	5	310088	45
Mock_P03_2	6	392697	89
Mock_P03_2	6	392697	139
Mock_P03_2	6	392697	77
Mock_P03_2	6	392697	201
Mock_P03_2	6	392697	48
Mock_P03_2	6	392697	81
Mock_P03_2	6	392697	122
Mock_P03_2	6	392697	81
Mock_P03_2	6	392697	96
Mock_P03_2	6	392697	54
Mock_P03_2	6	392697	123
Mock_P03_2	6	392697	144
Mock_P03_2	6	392697	100
Mock_P03_2	6	392697	110
Mock_P03_2	6	392697	190
Mock_P03_2	6	392697	140
Mock_P03_2	6	392697	78
Mock_P03_2	6	392697	99
Mock_P03_2	6	392697	98
Mock_P03_2	6	392697	92
Mock_P03_2	6	392697	106
Mock_P03_2	6	392697	63
Mock_P03_2	6	392697	93
Mock_P03_2	6	392697	106
Mock_P03_2	6	392697	95
Mock_P03_2	6	392697	99
Mock_P03_2	6	392697	94
Mock_P03_2	6	392697	78
Mock_P03_2	6	392697	93
Mock_P03_2	6	392697	117
Mock_P03_2	6	392697	144
Mock_P03_2	6	392697	58
Mock_P03_2	6	392697	89
Mock_P03_2	6	392697	111
Mock_P03_2	6	392697	63
Mock_P03_2	6	392697	116
Mock_P03_2	6	392697	89
Mock_P03_2	6	392697	93
Mock_P03_2	6	392697	72
Mock_P03_2	6	392697	88
Mock_P03_2	6	392697	124
Mock_P03_2	6	392697	157
Mock_P03_2	6	392697	137
Mock_P03_2	6	392697	101
Mock_P03_2	6	392697	46
Mock_P03_2	6	392697	183
Mock_P03_2	6	392697	85
Mock_P03_2	6	392697	215
Mock_P03_2	6	392697	102
Mock_P03_2	6	392697	330
Mock_P03_2	6	392697	111
Mock_P03_2	6	392697	84
Mock_P03_2	6	392697	53
Mock_P03_2	6	392697	123
Mock_P03_2	6	392697	102
Mock_P03_2	6	392697	179
Mock_P03_2	6	392697	95
Mock_P03_2	6	392697	55
Mock_P03_2	6	392697	45
Mock_P03_2	6	392697	74
Mock_P03_2	6	392697	144
Mock_P03_2	6	392697	97
Mock_P03_2	6	392697	127
Mock_P03_2	6	392697	105
Mock_P03_2	6	392697	82
Mock_P03_2	6	392697	13
Mock_P03_2	6	392697	288
Mock_P03_2	6	392697	110
Mock_P03_2	6	392697	145
Mock_P03_2	6	392697	103
Mock_P03_2	6	392697	121
Mock_P03_2	6	392697	55
Mock_P03_2	6	392697	112
Mock_P03_2	6	392697	93
Mock_P03_2	6	392697	117
Mock_P03_2	6	392697	103
Mock_P03_2	6	392697	106
Mock_P03_2	6	392697	91
Mock_P03_2	6	392697	131
Mock_P03_2	6	392697	132
Mock_P03_2	6	392697	98
Mock_P03_2	6	392697	142
Mock_P03_2	6	392697	278
Mock_P03_2	6	392697	94
Mock_P03_2	6	392697	156
Mock_P03_2	6	392697	206
Mock_P03_2	6	392697	138
Mock_P03_2	6	392697	144
Mock_P03_2	6	392697	117
Mock_P03_2	6	392697	137
Mock_P03_2	6	392697	155
Mock_P03_2	6	392697	26
Mock_P03_2	6	392697	122
Mock_P03_2	6	392697	90
Mock_P03_2	6	392697	47
Mock_P03_2	6	392697	121
Mock_P03_2	6	392697	41
Mock_P03_2	6	392697	137
Mock_P03_2	6	392697	66
Mock_P03_2	6	392697	138
Mock_P03_2	6	392697	72
Mock_P03_2	6	392697	95
Mock_P03_2	6	392697	130
Mock_P03_2	6	392697	77
Mock_P03_2	6	392697	97
Mock_P03_2	6	392697	252
Mock_P03_2	6	392697	90
Mock_P03_2	6	392697	156
Mock_P03_2	6	392697	172
Mock_P03_2	6	392697	10
Mock_P03_2	6	392697	204
Mock_P03_2	6	392697	137
Mock_P03_2	6	392697	90
Mock_P03_2	6	392697	74
Mock_P03_2	6	392697	134
Mock_P03_2	6	392697	69
Mock_P03_2	6	392697	126
Mock_P03_2	6	392697	165
Mock_P03_2	6	392697	25
Mock_P03_2	6	392697	39
Mock_P03_2	6	392697	109
Mock_P03_2	6	392697	90
Mock_P03_2	6	392697	178
Mock_P03_2	6	392697	133
Mock_P03_2	6	392697	11
Mock_P03_2	6	392697	85
Mock_P03_2	6	392697	61
Mock_P03_2	6	392697	74
Mock_P03_2	6	392697	100
Mock_P03_2	6	392697	107
Mock_P03_2	6	392697	301
Mock_P03_2	6	392697	117
Mock_P03_2	6	392697	166
Mock_P03_2	6	392697	250
Mock_P03_2	6	392697	81
Mock_P03_2	6	392697	112
Mock_P03_2	6	392697	156
Mock_P03_2	6	392697	40
Mock_P03_2	6	392697	91
Mock_P03_2	6	392697	128
Mock_P03_2	6	392697	102
Mock_P03_2	6	392697	88
Mock_P03_2	6	392697	134
Mock_P03_2	6	392697	132
Mock_P03_2	6	392697	123
Mock_P03_2	6	392697	52
Mock_P03_2	6	392697	32
Mock_P03_2	6	392697	35
Mock_P03_2	6	392697	118
Mock_P03_2	6	392697	130
Mock_P03_2	6	392697	72
Mock_P03_2	6	392697	99
Mock_P03_2	6	392697	22
Mock_P03_2	6	392697	114
Mock_P03_2	6	392697	101
Mock_P03_2	6	392697	104
Mock_P03_2	6	392697	80
Mock_P03_2	6	392697	121
Mock_P03_2	6	392697	76
Mock_P03_2	6	392697	143
Mock_P03_2	6	392697	72
Mock_P03_2	6	392697	163
Mock_P03_2	6	392697	98
Mock_P03_2	6	392697	68
Mock_P03_2	6	392697	128
Mock_P03_2	6	392697	90
Mock_P03_2	6	392697	154
Mock_P03_2	6	392697	106
Mock_P03_2	6	392697	58
Mock_P03_2	6	392697	94
Mock_P03_2	6	392697	106
Mock_P03_2	6	392697	11
Mock_P03_2	6	392697	99
Mock_P03_2	6	392697	119
Mock_P03_2	6	392697	97
Mock_P03_2	6	392697	85
Mock_P03_2	6	392697	286
Mock_P03_2	6	392697	166
Mock_P03_2	6	392697	86
Mock_P03_2	6	392697	84
Mock_P03_2	6	392697	83
Mock_P03_2	6	392697	65
Mock_P03_2	6	392697	74
Mock_P03_2	6	392697	59
Mock_P03_2	6	392697	142
Mock_P03_2	6	392697	39
Mock_P03_2	6	392697	231
Mock_P03_2	6	392697	35
Mock_P03_2	6	392697	83
Mock_P03_2	6	392697	90
Mock_P03_2	6	392697	132
Mock_P03_2	6	392697	108
Mock_P03_2	6	392697	18
Mock_P03_2	6	392697	95
Mock_P03_2	6	392697	32
Mock_P03_2	6	392697	97
Mock_P03_2	6	392697	78
Mock_P03_2	6	392697	116
Mock_P03_2	6	392697	70
Mock_P03_2	6	392697	78
Mock_P03_2	6	392697	88
Mock_P03_2	6	392697	83
Mock_P03_2	6	392697	144
Mock_P03_2	6	392697	186
Mock_P03_2	6	392697	57
Mock_P03_2	6	392697	41
Mock_P03_2	6	392697	130
Mock_P03_2	6	392697	86
Mock_P03_2	6	392697	76
Mock_P03_2	6	392697	202
Mock_P03_2	6	392697	134
Mock_P03_2	6	392697	82
Mock_P03_2	6	392697	73
Mock_P03_2	6	392697	213
Mock_P03_2	6	392697	99
Mock_P03_2	6	392697	70
Mock_P03_2	6	392697	108
Mock_P03_2	6	392697	26
Mock_P03_2	6	392697	143
Mock_P03_2	6	392697	294
Mock_P03_2	6	392697	79
Mock_P03_2	6	392697	92
Mock_P03_2	6	392697	89
Mock_P03_2	6	392697	10
Mock_P03_2	7	263566	28
Mock_P03_2	7	263566	45
Mock_P03_2	7	263566	24
Mock_P03_2	7	263566	28
Mock_P03_2	7	263566	53
Mock_P03_2	7	263566	15
Mock_P03_2	7	263566	32
Mock_P03_2	7	263566	36
Mock_P03_2	7	263566	60
Mock_P03_2	7	263566	12
Mock_P03_2	7	263566	48
Mock_P03_2	7	263566	136
Mock_P03_2	7	263566	40
Mock_P03_2	7	263566	87
Mock_P03_2	7	263566	51
Mock_P03_2	7	263566	99
Mock_P03_2	7	263566	14
Mock_P03_2	7	263566	67
Mock_P03_2	7	263566	45
Mock_P03_2	7	263566	50
Mock_P03_2	7	263566	146
Mock_P03_2	7	263566	75
Mock_P03_2	7	263566	72
Mock_P03_2	7	263566	73
Mock_P03_2	7	263566	82
Mock_P03_2	7	263566	41
Mock_P03_2	7	263566	74
Mock_P03_2	7	263566	71
Mock_P03_2	7	263566	138
Mock_P03_2	7	263566	43
Mock_P03_2	7	263566	71
Mock_P03_2	7	263566	121
Mock_P03_2	7	263566	66
Mock_P03_2	7	263566	60
Mock_P03_2	7	263566	34
Mock_P03_2	7	263566	68
Mock_P03_2	7	263566	44
Mock_P03_2	7	263566	65
Mock_P03_2	7	263566	73
Mock_P03_2	7	263566	20
Mock_P03_2	7	263566	55
Mock_P03_2	7	263566	44
Mock_P03_2	7	263566	34
Mock_P03_2	7	263566	58
Mock_P03_2	7	263566	54
Mock_P03_2	7	263566	73
Mock_P03_2	7	263566	72
Mock_P03_2	7	263566	47
Mock_P03_2	7	263566	56
Mock_P03_2	7	263566	106
Mock_P03_2	7	263566	49
Mock_P03_2	7	263566	70
Mock_P03_2	7	263566	38
Mock_P03_2	7	263566	26
Mock_P03_2	7	263566	65
Mock_P03_2	7	263566	64
Mock_P03_2	7	263566	66
Mock_P03_2	7	263566	65
Mock_P03_2	7	263566	68
Mock_P03_2	7	263566	91
Mock_P03_2	7	263566	53
Mock_P03_2	7	263566	81
Mock_P03_2	7	263566	73
Mock_P03_2	7	263566	73
Mock_P03_2	7	263566	36
Mock_P03_2	7	263566	131
Mock_P03_2	7	263566	23
Mock_P03_2	7	263566	53
Mock_P03_2	7	263566	97
Mock_P03_2	7	263566	81
Mock_P03_2	7	263566	182
Mock_P03_2	7	263566	43
Mock_P03_2	7	263566	166
Mock_P03_2	7	263566	73
Mock_P03_2	7	263566	77
Mock_P03_2	7	263566	57
Mock_P03_2	7	263566	226
Mock_P03_2	7	263566	113
Mock_P03_2	7	263566	98
Mock_P03_2	7	263566	161
Mock_P03_2	7	263566	67
Mock_P03_2	7	263566	219
Mock_P03_2	7	263566	52
Mock_P03_2	7	263566	171
Mock_P03_2	7	263566	104
Mock_P03_2	7	263566	45
Mock_P03_2	7	263566	31
Mock_P03_2	7	263566	137
Mock_P03_2	7	263566	66
Mock_P03_2	7	263566	51
Mock_P03_2	7	263566	34
Mock_P03_2	7	263566	88
Mock_P03_2	7	263566	72
Mock_P03_2	7	263566	56
Mock_P03_2	7	263566	192
Mock_P03_2	7	263566	23
Mock_P03_2	7	263566	76
Mock_P03_2	7	263566	38
Mock_P03_2	7	263566	87
Mock_P03_2	7	263566	96
Mock_P03_2	7	263566	62
Mock_P03_2	7	263566	69
Mock_P03_2	7	263566	237
Mock_P03_2	7	263566	55
Mock_P03_2	7	263566	56
Mock_P03_2	7	263566	56
Mock_P03_2	7	263566	51
Mock_P03_2	7	263566	205
Mock_P03_2	7	263566	48
Mock_P03_2	7	263566	66
Mock_P03_2	7	263566	60
Mock_P03_2	7	263566	41
Mock_P03_2	7	263566	91
Mock_P03_2	7	263566	37
Mock_P03_2	7	263566	63
Mock_P03_2	7	263566	49
Mock_P03_2	7	263566	72
Mock_P03_2	7	263566	161
Mock_P03_2	7	263566	54
Mock_P03_2	7	263566	92
Mock_P03_2	7	263566	63
Mock_P03_2	7	263566	17
Mock_P03_2	7	263566	69
Mock_P03_2	7	263566	44
Mock_P03_2	7	263566	14
Mock_P03_2	7	263566	87
Mock_P03_2	7	263566	95
Mock_P03_2	7	263566	116
Mock_P03_2	7	263566	73
Mock_P03_2	7	263566	79
Mock_P03_2	7	263566	67
Mock_P03_2	7	263566	67
Mock_P03_2	7	263566	81
Mock_P03_2	7	263566	36
Mock_P03_2	7	263566	123
Mock_P03_2	7	263566	24
Mock_P03_2	7	263566	77
Mock_P03_2	7	263566	75
Mock_P03_2	7	263566	36
Mock_P03_2	7	263566	83
Mock_P03_2	7	263566	12
Mock_P03_2	7	263566	110
Mock_P03_2	7	263566	53
Mock_P03_2	7	263566	81
Mock_P03_2	7	263566	87
Mock_P03_2	7	263566	93
Mock_P03_2	7	263566	76
Mock_P03_2	7	263566	128
Mock_P03_2	8	342572	62
Mock_P03_2	8	342572	67
Mock_P03_2	8	342572	35
Mock_P03_2	8	342572	68
Mock_P03_2	8	342572	36
Mock_P03_2	8	342572	64
Mock_P03_2	8	342572	39
Mock_P03_2	8	342572	43
Mock_P03_2	8	342572	45
Mock_P03_2	8	342572	49
Mock_P03_2	8	342572	61
Mock_P03_2	8	342572	144
Mock_P03_2	8	342572	74
Mock_P03_2	8	342572	30
Mock_P03_2	8	342572	30
Mock_P03_2	8	342572	69
Mock_P03_2	8	342572	104
Mock_P03_2	8	342572	31
Mock_P03_2	8	342572	99
Mock_P03_2	8	342572	93
Mock_P03_2	8	342572	20
Mock_P03_2	8	342572	80
Mock_P03_2	8	342572	90
Mock_P03_2	8	342572	19
Mock_P03_2	8	342572	122
Mock_P03_2	8	342572	72
Mock_P03_2	8	342572	37
Mock_P03_2	8	342572	31
Mock_P03_2	8	342572	34
Mock_P03_2	8	342572	26
Mock_P03_2	8	342572	76
Mock_P03_2	8	342572	106
Mock_P03_2	8	342572	46
Mock_P03_2	8	342572	78
Mock_P03_2	8	342572	62
Mock_P03_2	8	342572	42
Mock_P03_2	8	342572	101
Mock_P03_2	8	342572	157
Mock_P03_2	8	342572	150
Mock_P03_2	8	342572	228
Mock_P03_2	8	342572	60
Mock_P03_2	8	342572	193
Mock_P03_2	8	342572	121
Mock_P03_2	8	342572	48
Mock_P03_2	8	342572	100
Mock_P03_2	8	342572	64
Mock_P03_2	8	342572	107
Mock_P03_2	8	342572	84
Mock_P03_2	8	342572	59
Mock_P03_2	8	342572	26
Mock_P03_2	8	342572	148
Mock_P03_2	8	342572	194
Mock_P03_2	8	342572	58
Mock_P03_2	8	342572	75
Mock_P03_2	8	342572	54
Mock_P03_2	8	342572	56
Mock_P03_2	8	342572	74
Mock_P03_2	8	342572	34
Mock_P03_2	8	342572	44
Mock_P03_2	8	342572	87
Mock_P03_2	8	342572	47
Mock_P03_2	8	342572	43
Mock_P03_2	8	342572	28
Mock_P03_2	8	342572	56
Mock_P03_2	8	342572	139
Mock_P03_2	8	342572	21
Mock_P03_2	8	342572	11
Mock_P03_2	8	342572	42
Mock_P03_2	8	342572	36
Mock_P03_2	8	342572	15
Mock_P03_2	8	342572	57
Mock_P03_2	8	342572	43
Mock_P03_2	8	342572	52
Mock_P03_2	8	342572	43
Mock_P03_2	8	342572	12
Mock_P03_2	8	342572	48
Mock_P03_2	8	342572	53
Mock_P03_2	8	342572	15
Mock_P03_2	8	342572	26
Mock_P03_2	8	342572	84
Mock_P03_2	8	342572	19
Mock_P03_2	8	342572	69
Mock_P03_2	8	342572	58
Mock_P03_2	8	342572	20
Mock_P03_2	8	342572	50
Mock_P03_2	8	342572	74
Mock_P03_2	8	342572	25
Mock_P03_2	8	342572	43
Mock_P03_2	8	342572	23
Mock_P03_2	8	342572	60
Mock_P03_2	8	342572	54
Mock_P03_2	8	342572	105
Mock_P03_2	9	335864	10
Mock_P03_2	9	335864	76
Mock_P03_2	9	335864	59
Mock_P03_2	9	335864	68
Mock_P03_2	9	335864	41
Mock_P03_2	9	335864	26
Mock_P03_2	9	335864	110
Mock_P03_2	9	335864	43
Mock_P03_2	9	335864	244
Mock_P03_2	9	335864	69
Mock_P03_2	9	335864	74
Mock_P03_2	9	335864	93
Mock_P03_2	9	335864	176
Mock_P03_2	9	335864	85
Mock_P03_2	9	335864	356
Mock_P03_2	9	335864	78
Mock_P03_2	9	335864	103
Mock_P03_2	9	335864	88
Mock_P03_2	9	335864	92
Mock_P03_2	9	335864	112
Mock_P03_2	9	335864	90
Mock_P03_2	9	335864	88
Mock_P03_2	9	335864	59
Mock_P03_2	9	335864	48
Mock_P03_2	9	335864	68
Mock_P03_2	9	335864	10
Mock_P03_2	9	335864	52
Mock_P03_2	9	335864	72
Mock_P03_2	9	335864	53
Mock_P03_2	9	335864	27
Mock_P03_2	9	335864	33
Mock_P03_2	9	335864	71
Mock_P03_2	9	335864	71
Mock_P03_2	9	335864	44
Mock_P03_2	9	335864	157
Mock_P03_2	9	335864	75
Mock_P03_2	9	335864	54
Mock_P03_2	9	335864	102
Mock_P03_2	9	335864	50
Mock_P03_2	9	335864	86
Mock_P03_2	9	335864	135
Mock_P03_2	9	335864	100
Mock_P03_2	9	335864	228
Mock_P03_2	9	335864	51
Mock_P03_2	9	335864	121
Mock_P03_2	9	335864	18
Mock_P03_2	9	335864	115
Mock_P03_2	9	335864	120
Mock_P03_2	9	335864	10
Mock_P03_2	9	335864	138
Mock_P03_2	9	335864	59
Mock_P03_2	9	335864	65
Mock_P03_2	9	335864	90
Mock_P03_2	9	335864	93
Mock_P03_2	9	335864	137
Mock_P03_2	9	335864	49
Mock_P03_2	9	335864	59
Mock_P03_2	9	335864	30
Mock_P03_2	9	335864	39
Mock_P03_2	9	335864	93
Mock_P03_2	9	335864	119
Mock_P03_2	9	335864	136
Mock_P03_2	9	335864	98
Mock_P03_2	9	335864	113
Mock_P03_2	9	335864	44
Mock_P03_2	9	335864	68
Mock_P03_2	9	335864	22
Mock_P03_2	9	335864	98
Mock_P03_2	9	335864	90
Mock_P03_2	9	335864	105
Mock_P03_2	9	335864	97
Mock_P03_2	9	335864	26
Mock_P03_2	9	335864	16
Mock_P03_2	9	335864	95
Mock_P03_2	9	335864	64
Mock_P03_2	9	335864	124
Mock_P03_2	9	335864	32
Mock_P03_2	9	335864	59
Mock_P03_2	9	335864	59
Mock_P03_2	9	335864	62
Mock_P03_2	9	335864	67
Mock_P03_2	9	335864	108
Mock_P03_2	9	335864	138
Mock_P03_2	9	335864	109
Mock_P03_2	9	335864	107
Mock_P03_2	9	335864	57
Mock_P03_2	9	335864	147
Mock_P03_2	9	335864	76
Mock_P03_2	9	335864	91
Mock_P03_2	9	335864	100
Mock_P03_2	9	335864	119
Mock_P03_2	9	335864	106
Mock_P03_2	9	335864	82
Mock_P03_2	9	335864	74
Mock_P03_2	9	335864	235
Mock_P03_2	9	335864	128
Mock_P03_2	9	335864	41
Mock_P03_2	9	335864	100
Mock_P03_2	9	335864	41
Mock_P03_2	9	335864	110
Mock_P03_2	9	335864	12
Mock_P03_2	9	335864	142
Mock_P03_2	9	335864	75
Mock_P03_2	9	335864	124
Mock_P03_2	9	335864	87
Mock_P03_2	9	335864	101
Mock_P03_2	9	335864	76
Mock_P03_2	9	335864	90
Mock_P03_2	9	335864	86
Mock_P03_2	9	335864	139
Mock_P03_2	9	335864	61
Mock_P03_2	9	335864	117
Mock_P03_2	9	335864	109
Mock_P03_2	9	335864	134
Mock_P03_2	9	335864	71
Mock_P03_2	9	335864	82
Mock_P03_2	9	335864	36
Mock_P03_2	9	335864	61
Mock_P03_2	9	335864	37
Mock_P03_2	9	335864	75
Mock_P03_2	9	335864	54
Mock_P03_2	9	335864	107
Mock_P03_2	9	335864	70
Mock_P03_2	9	335864	55
Mock_P03_2	9	335864	59
Mock_P03_2	9	335864	105
Mock_P03_2	9	335864	177
Mock_P03_2	9	335864	54
Mock_P03_2	9	335864	79
Mock_P03_2	9	335864	71
Mock_P03_2	9	335864	112
Mock_P03_2	9	335864	94
Mock_P03_2	9	335864	92
Mock_P03_2	9	335864	11
Mock_P03_2	9	335864	87
Mock_P03_2	9	335864	103
Mock_P03_2	9	335864	96
Mock_P03_2	9	335864	28
Mock_P03_2	9	335864	21
Mock_P03_2	9	335864	89
Mock_P03_2	9	335864	92
Mock_P03_2	9	335864	73
Mock_P03_2	9	335864	118
Mock_P03_2	9	335864	38
Mock_P03_2	9	335864	89
Mock_P03_2	9	335864	11
Mock_P03_2	9	335864	129
Mock_P03_2	10	230941	51
Mock_P03_2	10	230941	21
Mock_P03_2	10	230941	95
Mock_P03_2	10	230941	52
Mock_P03_2	10	230941	55
Mock_P03_2	10	230941	21
Mock_P03_2	10	230941	74
Mock_P03_2	10	230941	28
Mock_P03_2	10	230941	98
Mock_P03_2	10	230941	98
Mock_P03_2	10	230941	30
Mock_P03_2	10	230941	77
Mock_P03_2	10	230941	102
Mock_P03_2	10	230941	27
Mock_P03_2	10	230941	119
Mock_P03_2	10	230941	94
Mock_P03_2	10	230941	62
Mock_P03_2	10	230941	117
Mock_P03_2	10	230941	42
Mock_P03_2	10	230941	42
Mock_P03_2	10	230941	65
Mock_P03_2	10	230941	75
Mock_P03_2	10	230941	110
Mock_P03_2	10	230941	100
Mock_P03_2	10	230941	88
Mock_P03_2	10	230941	101
Mock_P03_2	10	230941	85
Mock_P03_2	10	230941	37
Mock_P03_2	10	230941	84
Mock_P03_2	10	230941	87
Mock_P03_2	10	230941	81
Mock_P03_2	10	230941	218
Mock_P03_2	10	230941	166
Mock_P03_2	10	230941	83
Mock_P03_2	10	230941	60
Mock_P03_2	10	230941	102
Mock_P03_2	10	230941	45
Mock_P03_2	10	230941	131
Mock_P03_2	10	230941	74
Mock_P03_2	10	230941	103
Mock_P03_2	10	230941	58
Mock_P03_2	10	230941	136
Mock_P03_2	10	230941	160
Mock_P03_2	10	230941	173
Mock_P03_2	10	230941	166
Mock_P03_2	10	230941	85
Mock_P03_2	10	230941	108
Mock_P03_2	10	230941	105
Mock_P03_2	10	230941	79
Mock_P03_2	10	230941	247
Mock_P03_2	10	230941	105
Mock_P03_2	10	230941	94
Mock_P03_2	10	230941	226
Mock_P03_2	10	230941	51
Mock_P03_2	10	230941	35
Mock_P03_2	10	230941	87
Mock_P03_2	10	230941	88
Mock_P03_2	10	230941	64
Mock_P03_2	10	230941	104
Mock_P03_2	10	230941	87
Mock_P03_2	10	230941	27
Mock_P03_2	10	230941	79
Mock_P03_2	10	230941	225
Mock_P03_2	10	230941	42
Mock_P03_2	10	230941	79
Mock_P03_2	10	230941	236
Mock_P03_2	10	230941	76
Mock_P03_2	10	230941	131
Mock_P03_2	10	230941	73
Mock_P03_2	10	230941	51
Mock_P03_2	10	230941	122
Mock_P03_2	10	230941	107
Mock_P03_2	10	230941	77
Mock_P03_2	10	230941	135
Mock_P03_2	10	230941	31
Mock_P03_2	10	230941	92
Mock_P03_2	10	230941	152
Mock_P03_2	10	230941	137
Mock_P03_2	10	230941	56
Mock_P03_2	10	230941	52
Mock_P03_2	10	230941	112
Mock_P03_2	10	230941	122
Mock_P03_2	10	230941	50
Mock_P03_2	10	230941	96
Mock_P03_2	10	230941	246
Mock_P03_2	10	230941	48
Mock_P03_2	10	230941	39
Mock_P03_2	10	230941	90
Mock_P03_2	10	230941	261
Mock_P03_2	10	230941	28
Mock_P03_2	10	230941	104
Mock_P03_2	11	315120	34
Mock_P03_2	11	315120	19
Mock_P03_2	11	315120	15
Mock_P03_2	11	315120	41
Mock_P03_2	11	315120	12
Mock_P03_2	11	315120	58
Mock_P03_2	11	315120	19
Mock_P03_2	11	315120	74
Mock_P03_2	11	315120	62
Mock_P03_2	11	315120	124
Mock_P03_2	11	315120	70
Mock_P03_2	11	315120	54
Mock_P03_2	11	315120	93
Mock_P03_2	11	315120	211
Mock_P03_2	11	315120	32
Mock_P03_2	11	315120	52
Mock_P03_2	11	315120	103
Mock_P03_2	11	315120	143
Mock_P03_2	11	315120	330
Mock_P03_2	11	315120	84
Mock_P03_2	11	315120	82
Mock_P03_2	11	315120	46
Mock_P03_2	11	315120	29
Mock_P03_2	11	315120	48
Mock_P03_2	11	315120	53
Mock_P03_2	11	315120	171
Mock_P03_2	11	315120	30
Mock_P03_2	11	315120	30
Mock_P03_2	11	315120	109
Mock_P03_2	11	315120	146
Mock_P03_2	11	315120	39
Mock_P03_2	11	315120	44
Mock_P03_2	11	315120	42
Mock_P03_2	11	315120	134
Mock_P03_2	11	315120	209
Mock_P03_2	11	315120	61
Mock_P03_2	11	315120	98
Mock_P03_2	11	315120	13
Mock_P03_2	11	315120	90
Mock_P03_2	11	315120	152
Mock_P03_2	11	315120	60
Mock_P03_2	11	315120	127
Mock_P03_2	11	315120	75
Mock_P03_2	11	315120	37
Mock_P03_2	11	315120	34
Mock_P03_2	11	315120	62
Mock_P03_2	11	315120	110
Mock_P03_2	11	315120	58
Mock_P03_2	11	315120	12
Mock_P03_2	11	315120	101
Mock_P03_2	11	315120	17
Mock_P03_2	11	315120	70
Mock_P03_2	11	315120	99
Mock_P03_2	11	315120	34
Mock_P03_2	11	315120	79
Mock_P03_2	11	315120	88
Mock_P03_2	11	315120	108
Mock_P03_2	11	315120	49
Mock_P03_2	11	315120	80
Mock_P03_2	11	315120	142
Mock_P03_2	11	315120	74
Mock_P03_2	11	315120	62
Mock_P03_2	11	315120	83
Mock_P03_2	11	315120	66
Mock_P03_2	11	315120	94
Mock_P03_2	11	315120	82
Mock_P03_2	11	315120	95
Mock_P03_2	11	315120	94
Mock_P03_2	11	315120	76
Mock_P03_2	11	315120	43
Mock_P03_2	11	315120	102
Mock_P03_2	11	315120	83
Mock_P03_2	11	315120	59
Mock_P03_2	11	315120	106
Mock_P03_2	11	315120	113
Mock_P03_2	11	315120	14
Mock_P03_2	11	315120	125
Mock_P03_2	11	315120	60
Mock_P03_2	11	315120	111
Mock_P03_2	11	315120	42
Mock_P03_2	11	315120	88
Mock_P03_2	11	315120	60
Mock_P03_2	11	315120	93
Mock_P03_2	11	315120	32
Mock_P03_2	11	315120	25
Mock_P03_2	11	315120	126
Mock_P03_2	11	315120	75
Mock_P03_2	11	315120	46
Mock_P03_2	11	315120	36
Mock_P03_2	11	315120	172
Mock_P03_2	11	315120	54
Mock_P03_2	11	315120	100
Mock_P03_2	11	315120	11
Mock_P03_2	12	305007	61
Mock_P03_2	12	305007	37
Mock_P03_2	12	305007	77
Mock_P03_2	12	305007	76
Mock_P03_2	12	305007	141
Mock_P03_2	12	305007	100
Mock_P03_2	12	305007	171
Mock_P03_2	12	305007	72
Mock_P03_2	12	305007	43
Mock_P03_2	12	305007	67
Mock_P03_2	12	305007	58
Mock_P03_2	12	305007	81
Mock_P03_2	12	305007	79
Mock_P03_2	12	305007	63
Mock_P03_2	12	305007	212
Mock_P03_2	12	305007	68
Mock_P03_2	12	305007	107
Mock_P03_2	12	305007	67
Mock_P03_2	12	305007	48
Mock_P03_2	12	305007	65
Mock_P03_2	12	305007	56
Mock_P03_2	12	305007	74
Mock_P03_2	12	305007	78
Mock_P03_2	12	305007	218
Mock_P03_2	12	305007	93
Mock_P03_2	12	305007	79
Mock_P03_2	12	305007	95
Mock_P03_2	12	305007	262
Mock_P03_2	12	305007	158
Mock_P03_2	12	305007	120
Mock_P03_2	12	305007	103
Mock_P03_2	12	305007	112
Mock_P03_2	12	305007	136
Mock_P03_2	12	305007	60
Mock_P03_2	12	305007	80
Mock_P03_2	12	305007	119
Mock_P03_2	12	305007	111
Mock_P03_2	12	305007	17
Mock_P03_2	12	305007	75
Mock_P03_2	12	305007	206
Mock_P03_2	12	305007	125
Mock_P03_2	12	305007	120
Mock_P03_2	12	305007	190
Mock_P03_2	12	305007	125
Mock_P03_2	12	305007	96
Mock_P03_2	12	305007	139
Mock_P03_2	12	305007	78
Mock_P03_2	12	305007	112
Mock_P03_2	12	305007	209
Mock_P03_2	12	305007	176
Mock_P03_2	12	305007	124
Mock_P03_2	12	305007	126
Mock_P03_2	12	305007	133
Mock_P03_2	12	305007	59
Mock_P03_2	12	305007	127
Mock_P03_2	12	305007	118
Mock_P03_2	12	305007	372
Mock_P03_2	12	305007	109
Mock_P03_2	12	305007	129
Mock_P03_2	12	305007	158
Mock_P03_2	12	305007	168
Mock_P03_2	12	305007	94
Mock_P03_2	12	305007	143
Mock_P03_2	12	305007	130
Mock_P03_2	12	305007	142
Mock_P03_2	12	305007	153
Mock_P03_2	12	305007	84
Mock_P03_2	12	305007	104
Mock_P03_2	12	305007	145
Mock_P03_2	12	305007	136
Mock_P03_2	12	305007	84
Mock_P03_2	12	305007	89
Mock_P03_2	12	305007	99
Mock_P03_2	12	305007	153
Mock_P03_2	12	305007	87
Mock_P03_2	12	305007	218
Mock_P03_2	12	305007	60
Mock_P03_2	12	305007	109
Mock_P03_2	12	305007	127
Mock_P03_2	12	305007	111
Mock_P03_2	12	305007	92
Mock_P03_2	12	305007	159
Mock_P03_2	12	305007	144
Mock_P03_2	12	305007	153
Mock_P03_2	12	305007	99
Mock_P03_2	12	305007	201
Mock_P03_2	12	305007	171
Mock_P03_2	12	305007	101
Mock_P03_2	12	305007	93
Mock_P03_2	12	305007	101
Mock_P03_2	12	305007	72
Mock_P03_2	12	305007	88
Mock_P03_2	12	305007	94
Mock_P03_2	12	305007	89
Mock_P03_2	12	305007	108
Mock_P03_2	12	305007	85
Mock_P03_2	12	305007	136
Mock_P03_2	12	305007	93
Mock_P03_2	12	305007	114
Mock_P03_2	12	305007	109
Mock_P03_2	12	305007	151
Mock_P03_2	12	305007	54
Mock_P03_2	12	305007	91
Mock_P03_2	12	305007	71
Mock_P03_2	12	305007	130
Mock_P03_2	12	305007	70
Mock_P03_2	12	305007	80
Mock_P03_2	12	305007	81
Mock_P03_2	12	305007	70
Mock_P03_2	12	305007	232
Mock_P03_2	12	305007	139
Mock_P03_2	12	305007	128
Mock_P03_2	12	305007	77
Mock_P03_2	12	305007	95
Mock_P03_2	12	305007	29
Mock_P03_2	12	305007	206
Mock_P03_2	12	305007	129
Mock_P03_2	12	305007	157
Mock_P03_2	12	305007	163
Mock_P03_2	12	305007	56
Mock_P03_2	12	305007	126
Mock_P03_2	12	305007	96
Mock_P03_2	12	305007	97
Mock_P03_2	12	305007	85
Mock_P03_2	12	305007	305
Mock_P03_2	12	305007	200
Mock_P03_2	12	305007	117
Mock_P03_2	13	359355	57
Mock_P03_2	13	359355	32
Mock_P03_2	13	359355	126
Mock_P03_2	13	359355	82
Mock_P03_2	13	359355	55
Mock_P03_2	13	359355	55
Mock_P03_2	13	359355	108
Mock_P03_2	13	359355	64
Mock_P03_2	13	359355	103
Mock_P03_2	13	359355	74
Mock_P03_2	13	359355	173
Mock_P03_2	13	359355	73
Mock_P03_2	13	359355	148
Mock_P03_2	13	359355	62
Mock_P03_2	13	359355	41
Mock_P03_2	13	359355	72
Mock_P03_2	13	359355	52
Mock_P03_2	13	359355	110
Mock_P03_2	13	359355	122
Mock_P03_2	13	359355	69
Mock_P03_2	13	359355	75
Mock_P03_2	13	359355	95
Mock_P03_2	13	359355	75
Mock_P03_2	13	359355	163
Mock_P03_2	13	359355	91
Mock_P03_2	13	359355	82
Mock_P03_2	13	359355	18
Mock_P03_2	13	359355	86
Mock_P03_2	13	359355	37
Mock_P03_2	13	359355	31
Mock_P03_2	13	359355	51
Mock_P03_2	13	359355	18
Mock_P03_2	13	359355	127
Mock_P03_2	13	359355	69
Mock_P03_2	13	359355	121
Mock_P03_2	13	359355	89
Mock_P03_2	13	359355	58
Mock_P03_2	13	359355	50
Mock_P03_2	13	359355	49
Mock_P03_2	13	359355	48
Mock_P03_2	13	359355	65
Mock_P03_2	13	359355	133
Mock_P03_2	13	359355	107
Mock_P03_2	13	359355	41
Mock_P03_2	13	359355	72
Mock_P03_2	13	359355	79
Mock_P03_2	13	359355	84
Mock_P03_2	13	359355	56
Mock_P03_2	13	359355	63
Mock_P03_2	13	359355	74
Mock_P03_2	13	359355	82
Mock_P03_2	13	359355	30
Mock_P03_2	13	359355	66
Mock_P03_2	13	359355	83
Mock_P03_2	13	359355	21
Mock_P03_2	13	359355	61
Mock_P03_2	13	359355	80
Mock_P03_2	13	359355	114
Mock_P03_2	13	359355	74
Mock_P03_2	13	359355	99
Mock_P03_2	13	359355	49
Mock_P03_2	13	359355	77
Mock_P03_2	13	359355	22
Mock_P03_2	13	359355	96
Mock_P03_2	13	359355	19
Mock_P03_2	13	359355	71
Mock_P03_2	13	359355	146
Mock_P03_2	13	359355	107
Mock_P03_2	13	359355	46
Mock_P03_2	13	359355	107
Mock_P03_2	13	359355	106
Mock_P03_2	13	359355	74
Mock_P03_2	13	359355	77
Mock_P03_2	13	359355	92
Mock_P03_2	13	359355	78
Mock_P03_2	13	359355	31
Mock_P03_2	13	359355	97
Mock_P03_2	13	359355	84
Mock_P03_2	13	359355	109
Mock_P03_2	13	359355	70
Mock_P03_2	13	359355	35
Mock_P03_2	13	359355	68
Mock_P03_2	13	359355	113
Mock_P03_2	13	359355	41
Mock_P03_2	13	359355	84
Mock_P03_2	13	359355	77
Mock_P03_2	13	359355	48
Mock_P03_2	13	359355	58
Mock_P03_2	13	359355	64
Mock_P03_2	13	359355	84
Mock_P03_2	13	359355	36
Mock_P03_2	13	359355	97
Mock_P03_2	13	359355	76
Mock_P03_2	13	359355	113
Mock_P03_2	13	359355	202
Mock_P03_2	13	359355	59
Mock_P03_2	13	359355	65
Mock_P03_2	13	359355	75
Mock_P03_2	13	359355	61
Mock_P03_2	13	359355	50
Mock_P03_2	13	359355	97
Mock_P03_2	13	359355	75
Mock_P03_2	13	359355	74
Mock_P03_2	13	359355	59
Mock_P03_2	13	359355	154
Mock_P03_2	13	359355	77
Mock_P03_2	13	359355	69
Mock_P03_2	13	359355	58
Mock_P03_2	13	359355	85
Mock_P03_2	13	359355	77
Mock_P03_2	13	359355	142
Mock_P03_2	13	359355	72
Mock_P03_2	13	359355	102
Mock_P03_2	13	359355	45
Mock_P03_2	13	359355	129
Mock_P03_2	13	359355	46
Mock_P03_2	13	359355	162
Mock_P03_2	13	359355	59
Mock_P03_2	13	359355	50
Mock_P03_2	13	359355	45
Mock_P03_2	13	359355	60
Mock_P03_2	13	359355	19
Mock_P03_2	13	359355	79
Mock_P03_2	13	359355	162
Mock_P03_2	13	359355	58
Mock_P03_2	13	359355	137
Mock_P03_2	13	359355	49
Mock_P03_2	13	359355	239
Mock_P03_2	13	359355	69
Mock_P03_2	13	359355	136
Mock_P03_2	13	359355	148
Mock_P03_2	13	359355	44
Mock_P03_2	13	359355	192
Mock_P03_2	13	359355	168
Mock_P03_2	13	359355	90
Mock_P03_2	13	359355	62
Mock_P03_2	13	359355	183
Mock_P03_2	13	359355	106
Mock_P03_2	13	359355	203
Mock_P03_2	13	359355	102
Mock_P03_2	13	359355	85
Mock_P03_2	13	359355	84
Mock_P03_2	13	359355	36
Mock_P03_2	13	359355	128
Mock_P03_2	13	359355	163
Mock_P03_2	13	359355	113
Mock_P03_2	13	359355	78
Mock_P03_2	13	359355	21
Mock_P03_2	13	359355	71
Mock_P03_2	13	359355	19
Mock_P03_2	13	359355	46
Mock_P03_2	13	359355	105
Mock_P03_2	13	359355	44
Mock_P03_2	13	359355	67
Mock_P03_2	13	359355	43
Mock_P03_2	13	359355	204
Mock_P03_2	13	359355	87
Mock_P03_2	13	359355	66
Mock_P03_2	13	359355	166
Mock_P03_2	13	359355	77
Mock_P03_2	13	359355	81
Mock_P03_2	13	359355	96
Mock_P03_2	13	359355	26
Mock_P03_2	13	359355	165
Mock_P03_2	13	359355	132
Mock_P03_2	13	359355	171
Mock_P03_2	13	359355	98
Mock_P03_2	14	354091	153
Mock_P03_2	14	354091	149
Mock_P03_2	14	354091	125
Mock_P03_2	14	354091	81
Mock_P03_2	14	354091	85
Mock_P03_2	14	354091	76
Mock_P03_2	14	354091	71
Mock_P03_2	14	354091	64
Mock_P03_2	14	354091	76
Mock_P03_2	14	354091	101
Mock_P03_2	14	354091	90
Mock_P03_2	14	354091	85
Mock_P03_2	14	354091	87
Mock_P03_2	14	354091	89
Mock_P03_2	14	354091	74
Mock_P03_2	14	354091	128
Mock_P03_2	14	354091	78
Mock_P03_2	14	354091	74
Mock_P03_2	14	354091	183
Mock_P03_2	14	354091	126
Mock_P03_2	14	354091	76
Mock_P03_2	14	354091	79
Mock_P03_2	14	354091	108
Mock_P03_2	14	354091	247
Mock_P03_2	14	354091	110
Mock_P03_2	14	354091	119
Mock_P03_2	14	354091	116
Mock_P03_2	14	354091	117
Mock_P03_2	14	354091	75
Mock_P03_2	14	354091	91
Mock_P03_2	14	354091	120
Mock_P03_2	14	354091	99
Mock_P03_2	14	354091	92
Mock_P03_2	14	354091	176
Mock_P03_2	14	354091	193
Mock_P03_2	14	354091	64
Mock_P03_2	14	354091	111
Mock_P03_2	14	354091	173
Mock_P03_2	14	354091	140
Mock_P03_2	14	354091	117
Mock_P03_2	14	354091	103
Mock_P03_2	14	354091	132
Mock_P03_2	14	354091	91
Mock_P03_2	14	354091	436
Mock_P03_2	14	354091	114
Mock_P03_2	14	354091	74
Mock_P03_2	14	354091	15
Mock_P03_2	14	354091	33
Mock_P03_2	14	354091	118
Mock_P03_2	14	354091	83
Mock_P03_2	14	354091	118
Mock_P03_2	14	354091	98
Mock_P03_2	14	354091	38
Mock_P03_2	14	354091	192
Mock_P03_2	14	354091	283
Mock_P03_2	14	354091	66
Mock_P03_2	14	354091	54
Mock_P03_2	14	354091	38
Mock_P03_2	14	354091	94
Mock_P03_2	14	354091	90
Mock_P03_2	14	354091	131
Mock_P03_2	14	354091	136
Mock_P03_2	14	354091	154
Mock_P03_2	14	354091	76
Mock_P03_2	14	354091	143
Mock_P03_2	14	354091	119
Mock_P03_2	14	354091	105
Mock_P03_2	14	354091	94
Mock_P03_2	14	354091	98
Mock_P03_2	14	354091	43
Mock_P03_2	14	354091	41
Mock_P03_2	14	354091	98
Mock_P03_2	14	354091	133
Mock_P03_2	14	354091	173
Mock_P03_2	14	354091	94
Mock_P03_2	14	354091	60
Mock_P03_2	14	354091	84
Mock_P03_2	14	354091	106
Mock_P03_2	14	354091	76
Mock_P03_2	14	354091	90
Mock_P03_2	14	354091	32
Mock_P03_2	14	354091	203
Mock_P03_2	14	354091	88
Mock_P03_2	14	354091	213
Mock_P03_2	14	354091	151
Mock_P03_2	14	354091	197
Mock_P03_2	14	354091	179
Mock_P03_2	14	354091	203
Mock_P03_2	14	354091	93
Mock_P03_2	14	354091	98
Mock_P03_2	14	354091	166
Mock_P03_2	14	354091	56
Mock_P03_2	14	354091	448
Mock_P03_2	14	354091	84
Mock_P03_2	14	354091	136
Mock_P03_2	14	354091	76
Mock_P03_2	14	354091	143
Mock_P03_2	14	354091	119
Mock_P03_2	14	354091	21
Mock_P03_2	14	354091	39
Mock_P03_2	14	354091	21
Mock_P03_2	14	354091	24
Mock_P03_2	14	354091	78
Mock_P03_2	14	354091	151
Mock_P03_2	14	354091	240
Mock_P03_2	14	354091	92
Mock_P03_2	14	354091	291
Mock_P03_2	14	354091	104
Mock_P03_2	14	354091	103
Mock_P03_2	14	354091	82
Mock_P03_2	15	340882	10
Mock_P03_2	15	340882	101
Mock_P03_2	15	340882	120
Mock_P03_2	15	340882	53
Mock_P03_2	15	340882	98
Mock_P03_2	15	340882	72
Mock_P03_2	15	340882	179
Mock_P03_2	15	340882	78
Mock_P03_2	15	340882	162
Mock_P03_2	15	340882	86
Mock_P03_2	15	340882	121
Mock_P03_2	15	340882	134
Mock_P03_2	15	340882	52
Mock_P03_2	15	340882	47
Mock_P03_2	15	340882	20
Mock_P03_2	15	340882	44
Mock_P03_2	15	340882	94
Mock_P03_2	15	340882	90
Mock_P03_2	15	340882	52
Mock_P03_2	15	340882	49
Mock_P03_2	15	340882	93
Mock_P03_2	15	340882	85
Mock_P03_2	15	340882	99
Mock_P03_2	15	340882	67
Mock_P03_2	15	340882	62
Mock_P03_2	15	340882	65
Mock_P03_2	15	340882	66
Mock_P03_2	15	340882	71
Mock_P03_2	15	340882	84
Mock_P03_2	15	340882	90
Mock_P03_2	15	340882	52
Mock_P03_2	15	340882	102
Mock_P03_2	15	340882	103
Mock_P03_2	15	340882	67
Mock_P03_2	15	340882	70
Mock_P03_2	15	340882	129
Mock_P03_2	15	340882	35
Mock_P03_2	15	340882	75
Mock_P03_2	15	340882	117
Mock_P03_2	15	340882	164
Mock_P03_2	15	340882	49
Mock_P03_2	15	340882	49
Mock_P03_2	15	340882	27
Mock_P03_2	15	340882	91
Mock_P03_2	15	340882	107
Mock_P03_2	15	340882	88
Mock_P03_2	15	340882	80
Mock_P03_2	15	340882	104
Mock_P03_2	15	340882	118
Mock_P03_2	15	340882	66
Mock_P03_2	15	340882	128
Mock_P03_2	15	340882	126
Mock_P03_2	15	340882	81
Mock_P03_2	15	340882	142
Mock_P03_2	15	340882	137
Mock_P03_2	15	340882	180
Mock_P03_2	15	340882	89
Mock_P03_2	15	340882	94
Mock_P03_2	15	340882	277
Mock_P03_2	15	340882	159
Mock_P03_2	15	340882	55
Mock_P03_2	15	340882	116
Mock_P03_2	15	340882	158
Mock_P03_2	15	340882	88
Mock_P03_2	15	340882	372
Mock_P03_2	15	340882	64
Mock_P03_2	15	340882	233
Mock_P03_2	15	340882	180
Mock_P03_2	15	340882	19
Mock_P03_2	15	340882	231
Mock_P03_2	15	340882	158
Mock_P03_2	15	340882	106
Mock_P03_2	15	340882	180
Mock_P03_2	15	340882	176
Mock_P03_2	15	340882	200
Mock_P03_2	15	340882	141
Mock_P03_2	15	340882	155
Mock_P03_2	15	340882	128
Mock_P03_2	15	340882	83
Mock_P03_2	15	340882	42
Mock_P03_2	15	340882	153
Mock_P03_2	15	340882	67
Mock_P03_2	15	340882	173
Mock_P03_2	15	340882	321
Mock_P03_2	15	340882	165
Mock_P03_2	15	340882	103
Mock_P03_2	15	340882	132
Mock_P03_2	15	340882	92
Mock_P03_2	15	340882	117
Mock_P03_2	15	340882	105
Mock_P03_2	15	340882	99
Mock_P03_2	15	340882	72
Mock_P03_2	15	340882	557
Mock_P03_2	15	340882	93
Mock_P03_2	15	340882	72
Mock_P03_2	15	340882	46
Mock_P03_2	15	340882	208
Mock_P03_2	15	340882	98
Mock_P03_2	15	340882	219
Mock_P03_2	15	340882	58
Mock_P03_2	15	340882	67
Mock_P03_2	15	340882	251
Mock_P03_2	15	340882	106
Mock_P03_2	15	340882	245
Mock_P03_2	15	340882	110
Mock_P03_2	15	340882	310
Mock_P03_2	15	340882	58
Mock_P03_2	15	340882	81
Mock_P03_2	15	340882	78
Mock_P03_2	15	340882	91
Mock_P03_2	15	340882	41
Mock_P03_2	15	340882	53
Mock_P03_2	15	340882	316
Mock_P03_2	15	340882	134
Mock_P03_2	15	340882	166
Mock_P03_2	15	340882	83
Mock_P03_2	15	340882	54
Mock_P03_2	15	340882	156
Mock_P03_2	15	340882	99
Mock_P03_2	15	340882	93
Mock_P03_2	15	340882	127
Mock_P03_2	15	340882	96
Mock_P03_2	15	340882	212
Mock_P03_2	15	340882	72
Mock_P03_2	15	340882	167
Mock_P03_2	15	340882	92
Mock_P03_2	15	340882	211
Mock_P03_2	15	340882	80
Mock_P03_2	15	340882	94
Mock_P03_2	15	340882	79
Mock_P03_2	15	340882	141
Mock_P03_2	15	340882	104
Mock_P03_2	15	340882	79
Mock_P03_2	15	340882	65
Mock_P03_2	15	340882	104
Mock_P03_2	15	340882	58
Mock_P03_2	15	340882	147
Mock_P03_2	15	340882	93
Mock_P03_2	15	340882	11
Mock_P03_2	15	340882	10
Mock_P03_2	15	340882	44
Mock_P03_2	15	340882	78
Mock_P03_2	15	340882	109
Mock_P03_2	15	340882	140
Mock_P03_2	15	340882	173
Mock_P03_2	15	340882	41
Mock_P03_2	15	340882	132
Mock_P03_2	15	340882	60
Mock_P03_2	15	340882	76
Mock_P03_2	15	340882	95
Mock_P03_2	15	340882	99
Mock_P03_2	15	340882	51
Mock_P03_2	15	340882	85
Mock_P03_2	15	340882	103
Mock_P03_2	15	340882	100
Mock_P03_2	15	340882	119
Mock_P03_2	15	340882	49
Mock_P03_2	15	340882	245
Mock_P03_2	15	340882	102
Mock_P03_2	15	340882	155
Mock_P03_2	15	340882	73
Mock_P03_2	15	340882	88
Mock_P03_2	15	340882	19
Mock_P03_2	15	340882	117
Mock_P03_2	15	340882	91
Mock_P03_2	15	340882	54
Mock_P03_2	16	357253	56
Mock_P03_2	16	357253	94
Mock_P03_2	16	357253	66
Mock_P03_2	16	357253	44
Mock_P03_2	16	357253	25
Mock_P03_2	16	357253	113
Mock_P03_2	16	357253	25
Mock_P03_2	16	357253	127
Mock_P03_2	16	357253	58
Mock_P03_2	16	357253	66
Mock_P03_2	16	357253	80
Mock_P03_2	16	357253	74
Mock_P03_2	16	357253	79
Mock_P03_2	16	357253	74
Mock_P03_2	16	357253	116
Mock_P03_2	16	357253	70
Mock_P03_2	16	357253	36
Mock_P03_2	16	357253	60
Mock_P03_2	16	357253	124
Mock_P03_2	16	357253	33
Mock_P03_2	16	357253	113
Mock_P03_2	16	357253	164
Mock_P03_2	16	357253	88
Mock_P03_2	16	357253	72
Mock_P03_2	16	357253	277
Mock_P03_2	16	357253	125
Mock_P03_2	16	357253	98
Mock_P03_2	16	357253	73
Mock_P03_2	16	357253	91
Mock_P03_2	16	357253	39
Mock_P03_2	16	357253	101
Mock_P03_2	16	357253	78
Mock_P03_2	16	357253	114
Mock_P03_2	16	357253	79
Mock_P03_2	16	357253	22
Mock_P03_2	16	357253	238
Mock_P03_2	16	357253	59
Mock_P03_2	16	357253	122
Mock_P03_2	16	357253	94
Mock_P03_2	16	357253	93
Mock_P03_2	16	357253	97
Mock_P03_2	16	357253	86
Mock_P03_2	16	357253	191
Mock_P03_2	16	357253	167
Mock_P03_2	16	357253	64
Mock_P03_2	16	357253	129
Mock_P03_2	16	357253	103
Mock_P03_2	16	357253	25
Mock_P03_2	16	357253	54
Mock_P03_2	16	357253	85
Mock_P03_2	16	357253	51
Mock_P03_2	16	357253	166
Mock_P03_2	16	357253	100
Mock_P03_2	16	357253	94
Mock_P03_2	16	357253	31
Mock_P03_2	16	357253	136
Mock_P03_2	16	357253	85
Mock_P03_2	16	357253	76
Mock_P03_2	16	357253	69
Mock_P03_2	16	357253	112
Mock_P03_2	16	357253	185
Mock_P03_2	16	357253	80
Mock_P03_2	16	357253	116
Mock_P03_2	16	357253	90
Mock_P03_2	16	357253	116
Mock_P03_2	16	357253	103
Mock_P03_2	16	357253	146
Mock_P03_2	16	357253	11
Mock_P03_2	16	357253	79
Mock_P03_2	16	357253	210
Mock_P03_2	17	374692	89
Mock_P03_2	17	374692	53
Mock_P03_2	17	374692	55
Mock_P03_2	17	374692	131
Mock_P03_2	17	374692	99
Mock_P03_2	17	374692	80
Mock_P03_2	17	374692	161
Mock_P03_2	17	374692	125
Mock_P03_2	17	374692	225
Mock_P03_2	17	374692	19
Mock_P03_2	17	374692	49
Mock_P03_2	17	374692	154
Mock_P03_2	17	374692	66
Mock_P03_2	17	374692	135
Mock_P03_2	17	374692	70
Mock_P03_2	17	374692	126
Mock_P03_2	17	374692	79
Mock_P03_2	17	374692	76
Mock_P03_2	17	374692	95
Mock_P03_2	17	374692	60
Mock_P03_2	17	374692	86
Mock_P03_2	17	374692	94
Mock_P03_2	17	374692	81
Mock_P03_2	17	374692	139
Mock_P03_2	17	374692	181
Mock_P03_2	17	374692	125
Mock_P03_2	17	374692	147
Mock_P03_2	17	374692	104
Mock_P03_2	17	374692	181
Mock_P03_2	17	374692	200
Mock_P03_2	17	374692	90
Mock_P03_2	17	374692	196
Mock_P03_2	17	374692	105
Mock_P03_2	17	374692	158
Mock_P03_2	17	374692	112
Mock_P03_2	17	374692	83
Mock_P03_2	17	374692	107
Mock_P03_2	17	374692	138
Mock_P03_2	17	374692	117
Mock_P03_2	17	374692	78
Mock_P03_2	17	374692	157
Mock_P03_2	17	374692	197
Mock_P03_2	17	374692	22
Mock_P03_2	17	374692	116
Mock_P03_2	17	374692	110
Mock_P03_2	17	374692	124
Mock_P03_2	17	374692	114
Mock_P03_2	17	374692	71
Mock_P03_2	17	374692	54
Mock_P03_2	17	374692	120
Mock_P03_2	17	374692	144
Mock_P03_2	17	374692	55
Mock_P03_2	17	374692	43
Mock_P03_2	17	374692	82
Mock_P03_2	17	374692	49
Mock_P03_2	17	374692	190
Mock_P03_2	17	374692	167
Mock_P03_2	17	374692	12
Mock_P03_2	17	374692	38
Mock_P03_2	17	374692	92
Mock_P03_2	17	374692	141
Mock_P03_2	17	374692	70
Mock_P03_2	17	374692	120
Mock_P03_2	17	374692	101
Mock_P03_2	17	374692	58
Mock_P03_2	17	374692	99
Mock_P03_2	17	374692	132
Mock_P03_2	17	374692	163
Mock_P03_2	17	374692	138
Mock_P03_2	17	374692	93
Mock_P03_2	17	374692	89
Mock_P03_2	17	374692	10
Mock_P03_2	17	374692	150
Mock_P03_2	17	374692	121
Mock_P03_2	17	374692	132
Mock_P03_2	17	374692	310
Mock_P03_2	17	374692	114
Mock_P03_2	17	374692	11
Mock_P03_2	17	374692	195
Mock_P03_2	17	374692	224
Mock_P03_2	17	374692	47
Mock_P03_2	17	374692	70
Mock_P03_2	17	374692	39
Mock_P03_2	17	374692	81
Mock_P03_2	17	374692	62
Mock_P03_2	17	374692	147
Mock_P03_2	17	374692	42
Mock_P03_2	17	374692	44
Mock_P03_2	17	374692	109
Mock_P03_2	17	374692	18
Mock_P03_2	17	374692	97
Mock_P03_2	17	374692	68
Mock_P03_2	17	374692	158
Mock_P03_2	17	374692	112
Mock_P03_2	17	374692	131
Mock_P03_2	17	374692	112
Mock_P03_2	17	374692	69
Mock_P03_2	17	374692	36
Mock_P03_2	17	374692	63
Mock_P03_2	17	374692	85
Mock_P03_2	17	374692	35
Mock_P03_2	17	374692	149
Mock_P03_2	17	374692	85
Mock_P03_2	17	374692	129
Mock_P03_2	17	374692	21
Mock_P03_2	17	374692	35
Mock_P03_2	17	374692	77
Mock_P03_2	17	374692	22
Mock_P03_2	17	374692	79
Mock_P03_2	17	374692	69
Mock_P03_2	17	374692	28
Mock_P03_2	17	374692	41
Mock_P03_2	17	374692	68
Mock_P03_2	17	374692	155
Mock_P03_2	17	374692	23
Mock_P03_2	17	374692	89
Mock_P03_2	17	374692	51
Mock_P03_2	17	374692	52
Mock_P03_2	17	374692	45
Mock_P03_2	17	374692	68
Mock_P03_2	17	374692	124
Mock_P03_2	17	374692	47
Mock_P03_2	17	374692	67
Mock_P03_2	17	374692	24
Mock_P03_2	17	374692	202
Mock_P03_2	17	374692	84
Mock_P03_2	17	374692	81
Mock_P03_2	17	374692	45
Mock_P03_2	17	374692	19
Mock_P03_2	17	374692	131
Mock_P03_2	17	374692	36
Mock_P03_2	17	374692	91
Mock_P03_2	17	374692	93
Mock_P03_2	17	374692	179
Mock_P03_2	17	374692	203
Mock_P03_2	17	374692	98
Mock_P03_2	17	374692	77
Mock_P03_2	17	374692	39
Mock_P03_2	17	374692	46
Mock_P03_2	17	374692	43
Mock_P03_2	17	374692	57
Mock_P03_2	17	374692	61
Mock_P03_2	17	374692	51
Mock_P03_2	17	374692	66
Mock_P03_2	17	374692	68
Mock_P03_2	17	374692	54
Mock_P03_2	17	374692	13
Mock_P03_2	17	374692	18
Mock_P03_2	17	374692	39
Mock_P03_2	17	374692	45
Mock_P03_2	17	374692	14
Mock_P03_2	17	374692	133
Mock_P03_2	17	374692	91
Mock_P03_2	17	374692	36
Mock_P03_2	17	374692	53
Mock_P03_2	17	374692	25
Mock_P03_2	17	374692	79
Mock_P03_2	17	374692	58
Mock_P03_2	17	374692	75
Mock_P03_2	17	374692	49
Mock_P03_2	17	374692	74
Mock_P03_2	17	374692	19
Mock_P03_2	17	374692	39
Mock_P03_2	17	374692	54
Mock_P03_2	17	374692	70
Mock_P03_2	17	374692	93
Mock_P03_2	17	374692	50
Mock_P03_2	17	374692	49
Mock_P03_2	17	374692	54
Mock_P03_2	17	374692	90
Mock_P03_2	17	374692	66
Mock_P03_2	17	374692	101
Mock_P03_2	17	374692	39
Mock_P03_2	17	374692	65
Mock_P03_2	17	374692	84
Mock_P03_2	17	374692	53
Mock_P03_2	17	374692	63
Mock_P03_2	17	374692	57
Mock_P03_2	17	374692	70
Mock_P03_2	17	374692	100
Mock_P03_2	17	374692	207
Mock_P03_2	17	374692	79
Mock_P03_2	17	374692	131
Mock_P03_2	17	374692	30
Mock_P03_2	17	374692	57
Mock_P03_2	18	368310	176
Mock_P03_2	18	368310	37
Mock_P03_2	18	368310	195
Mock_P03_2	18	368310	164
Mock_P03_2	18	368310	93
Mock_P03_2	18	368310	65
Mock_P03_2	18	368310	103
Mock_P03_2	18	368310	103
Mock_P03_2	18	368310	87
Mock_P03_2	18	368310	78
Mock_P03_2	18	368310	253
Mock_P03_2	18	368310	104
Mock_P03_2	18	368310	234
Mock_P03_2	18	368310	174
Mock_P03_2	18	368310	60
Mock_P03_2	18	368310	50
Mock_P03_2	18	368310	63
Mock_P03_2	18	368310	93
Mock_P03_2	18	368310	132
Mock_P03_2	18	368310	152
Mock_P03_2	18	368310	77
Mock_P03_2	18	368310	17
Mock_P03_2	18	368310	81
Mock_P03_2	18	368310	74
Mock_P03_2	18	368310	69
Mock_P03_2	18	368310	66
Mock_P03_2	18	368310	20
Mock_P03_2	18	368310	76
Mock_P03_2	18	368310	131
Mock_P03_2	18	368310	86
Mock_P03_2	18	368310	137
Mock_P03_2	18	368310	11
Mock_P03_2	18	368310	81
Mock_P03_2	18	368310	58
Mock_P03_2	18	368310	112
Mock_P03_2	18	368310	19
Mock_P03_2	18	368310	61
Mock_P03_2	18	368310	96
Mock_P03_2	18	368310	99
Mock_P03_2	18	368310	103
Mock_P03_2	18	368310	74
Mock_P03_2	18	368310	48
Mock_P03_2	18	368310	37
Mock_P03_2	18	368310	69
Mock_P03_2	18	368310	41
Mock_P03_2	18	368310	44
Mock_P03_2	18	368310	62
Mock_P03_2	18	368310	57
Mock_P03_2	18	368310	70
Mock_P03_2	18	368310	62
Mock_P03_2	18	368310	22
Mock_P03_2	18	368310	97
Mock_P03_2	18	368310	64
Mock_P03_2	18	368310	30
Mock_P03_2	18	368310	52
Mock_P03_2	18	368310	66
Mock_P03_2	18	368310	61
Mock_P03_2	18	368310	51
Mock_P03_2	18	368310	71
Mock_P03_2	18	368310	52
Mock_P03_2	18	368310	80
Mock_P03_2	18	368310	57
Mock_P03_2	18	368310	140
Mock_P03_2	18	368310	99
Mock_P03_2	18	368310	75
Mock_P03_2	18	368310	135
Mock_P03_2	18	368310	82
Mock_P03_2	18	368310	143
Mock_P03_2	18	368310	305
Mock_P03_2	18	368310	169
Mock_P03_2	18	368310	61
Mock_P03_2	18	368310	127
Mock_P03_2	18	368310	94
Mock_P03_2	18	368310	79
Mock_P03_2	18	368310	50
Mock_P03_2	18	368310	90
Mock_P03_2	18	368310	66
Mock_P03_2	18	368310	182
Mock_P03_2	18	368310	60
Mock_P03_2	18	368310	52
Mock_P03_2	18	368310	82
Mock_P03_2	18	368310	51
Mock_P03_2	18	368310	94
Mock_P03_2	18	368310	168
Mock_P03_2	18	368310	162
Mock_P03_2	18	368310	71
Mock_P03_2	18	368310	16
Mock_P03_2	18	368310	80
Mock_P03_2	18	368310	87
Mock_P03_2	18	368310	62
Mock_P03_2	18	368310	20
Mock_P03_2	18	368310	81
Mock_P03_2	18	368310	110
Mock_P03_2	18	368310	136
Mock_P03_2	18	368310	30
Mock_P03_2	18	368310	43
Mock_P03_2	18	368310	157
Mock_P03_2	18	368310	32
Mock_P03_2	18	368310	18
Mock_P03_2	18	368310	118
Mock_P03_2	18	368310	91
Mock_P03_2	18	368310	86
Mock_P03_2	18	368310	64
Mock_P03_2	18	368310	49
Mock_P03_2	18	368310	34
Mock_P03_2	18	368310	168
Mock_P03_2	18	368310	91
Mock_P03_2	18	368310	65
Mock_P03_2	18	368310	15
Mock_P03_2	18	368310	10
Mock_P03_2	18	368310	63
Mock_P03_2	18	368310	64
Mock_P03_2	18	368310	19
Mock_P03_2	18	368310	51
Mock_P03_2	18	368310	12
Mock_P03_2	18	368310	90
Mock_P03_2	18	368310	165
Mock_P03_2	18	368310	55
Mock_P03_2	18	368310	45
Mock_P03_2	18	368310	36
Mock_P03_2	18	368310	48
Mock_P03_2	18	368310	87
Mock_P03_2	18	368310	169
Mock_P03_2	18	368310	67
Mock_P03_2	18	368310	98
Mock_P03_2	18	368310	25
Mock_P03_2	18	368310	93
Mock_P03_2	18	368310	42
Mock_P03_2	18	368310	10
Mock_P03_2	18	368310	112
Mock_P03_2	18	368310	62
Mock_P03_2	18	368310	30
Mock_P03_2	18	368310	56
Mock_P03_2	18	368310	112
Mock_P03_2	18	368310	107
Mock_P03_2	18	368310	61
Mock_P03_2	18	368310	162
Mock_P03_2	18	368310	24
Mock_P03_2	18	368310	80
Mock_P03_2	18	368310	81
Mock_P03_2	18	368310	64
Mock_P03_2	18	368310	115
Mock_P03_2	18	368310	198
Mock_P03_2	18	368310	97
Mock_P03_2	18	368310	80
Mock_P03_2	18	368310	21
Mock_P03_2	18	368310	109
Mock_P03_2	18	368310	82
Mock_P03_2	18	368310	45
Mock_P03_2	18	368310	61
Mock_P03_2	18	368310	58
Mock_P03_2	18	368310	109
Mock_P03_2	18	368310	88
Mock_P03_2	18	368310	49
Mock_P03_2	18	368310	99
Mock_P03_2	18	368310	21
Mock_P03_2	18	368310	162
Mock_P03_2	18	368310	146
Mock_P03_2	18	368310	45
Mock_P03_2	18	368310	102
Mock_P03_2	18	368310	110
Mock_P03_2	18	368310	28
Mock_P03_2	18	368310	25
Mock_P03_2	18	368310	32
Mock_P03_2	18	368310	60
Mock_P03_2	18	368310	75
Mock_P03_2	18	368310	128
Mock_P03_2	18	368310	90
Mock_P03_2	18	368310	33
Mock_P03_2	18	368310	167
Mock_P03_2	18	368310	141
Mock_P03_2	18	368310	22
Mock_P03_2	18	368310	59
Mock_P03_2	18	368310	113
Mock_P03_2	18	368310	89
Mock_P03_2	18	368310	186
Mock_P03_2	18	368310	127
Mock_P03_2	18	368310	77
Mock_P03_2	18	368310	103
Mock_P03_2	18	368310	65
Mock_P03_2	18	368310	331
Mock_P03_2	18	368310	66
Mock_P03_2	18	368310	96
Mock_P03_2	18	368310	75
Mock_P03_2	18	368310	76
Mock_P03_2	18	368310	24
Mock_P03_2	18	368310	133
Mock_P03_2	18	368310	103
Mock_P03_2	18	368310	49
Mock_P03_2	18	368310	13
Mock_P03_2	18	368310	88
Mock_P03_2	18	368310	57
Mock_P03_2	18	368310	27
Mock_P03_2	18	368310	104
Mock_P03_2	18	368310	94
Mock_P03_2	18	368310	54
Mock_P03_2	18	368310	108
Mock_P03_2	18	368310	48
Mock_P03_2	18	368310	117
Mock_P03_2	18	368310	54
Mock_P03_2	18	368310	32
Mock_P03_2	18	368310	94
Mock_P03_2	18	368310	71
Mock_P03_2	18	368310	79
Mock_P03_2	18	368310	74
Mock_P03_2	18	368310	24
Mock_P03_2	18	368310	65
Mock_P03_2	18	368310	37
Mock_P03_2	18	368310	95
Mock_P03_2	18	368310	58
Mock_P03_2	18	368310	23
Mock_P03_2	18	368310	36
Mock_P03_2	18	368310	38
Mock_P03_2	18	368310	66
Mock_P03_2	18	368310	19
Mock_P03_2	18	368310	112
Mock_P03_2	18	368310	36
Mock_P03_2	18	368310	88
Mock_P03_2	19	340793	69
Mock_P03_2	19	340793	122
Mock_P03_2	19	340793	121
Mock_P03_2	19	340793	55
Mock_P03_2	19	340793	83
Mock_P03_2	19	340793	272
Mock_P03_2	19	340793	113
Mock_P03_2	19	340793	86
Mock_P03_2	19	340793	286
Mock_P03_2	19	340793	114
Mock_P03_2	19	340793	122
Mock_P03_2	19	340793	31
Mock_P03_2	19	340793	51
Mock_P03_2	19	340793	163
Mock_P03_2	19	340793	47
Mock_P03_2	19	340793	87
Mock_P03_2	19	340793	72
Mock_P03_2	19	340793	29
Mock_P03_2	19	340793	89
Mock_P03_2	19	340793	76
Mock_P03_2	19	340793	133
Mock_P03_2	19	340793	121
Mock_P03_2	19	340793	135
Mock_P03_2	19	340793	272
Mock_P03_2	19	340793	163
Mock_P03_2	19	340793	77
Mock_P03_2	19	340793	91
Mock_P03_2	19	340793	122
Mock_P03_2	19	340793	128
Mock_P03_2	19	340793	94
Mock_P03_2	19	340793	106
Mock_P03_2	19	340793	34
Mock_P03_2	19	340793	60
Mock_P03_2	19	340793	42
Mock_P03_2	19	340793	150
Mock_P03_2	19	340793	167
Mock_P03_2	19	340793	188
Mock_P03_2	19	340793	66
Mock_P03_2	19	340793	115
Mock_P03_2	19	340793	91
Mock_P03_2	19	340793	98
Mock_P03_2	19	340793	243
Mock_P03_2	19	340793	101
Mock_P03_2	19	340793	201
Mock_P03_2	19	340793	88
Mock_P03_2	19	340793	113
Mock_P03_2	19	340793	94
Mock_P03_2	19	340793	118
Mock_P03_2	19	340793	93
Mock_P03_2	19	340793	68
Mock_P03_2	19	340793	137
Mock_P03_2	19	340793	89
Mock_P03_2	19	340793	250
Mock_P03_2	19	340793	92
Mock_P03_2	19	340793	59
Mock_P03_2	19	340793	96
Mock_P03_2	19	340793	151
Mock_P03_2	19	340793	107
Mock_P03_2	19	340793	97
Mock_P03_2	19	340793	86
Mock_P03_2	19	340793	76
Mock_P03_2	19	340793	64
Mock_P03_2	19	340793	112
Mock_P03_2	19	340793	59
Mock_P03_2	19	340793	35
Mock_P03_2	19	340793	70
Mock_P03_2	19	340793	50
Mock_P03_2	19	340793	97
Mock_P03_2	19	340793	67
Mock_P03_2	19	340793	117
Mock_P03_2	19	340793	80
Mock_P03_2	19	340793	97
Mock_P03_2	19	340793	71
Mock_P03_2	19	340793	138
Mock_P03_2	19	340793	66
Mock_P03_2	19	340793	51
Mock_P03_2	19	340793	23
Mock_P03_2	19	340793	58
Mock_P03_2	19	340793	56
Mock_P03_2	19	340793	30
Mock_P03_2	19	340793	108
Mock_P03_2	19	340793	122
Mock_P03_2	19	340793	104
Mock_P03_2	19	340793	64
Mock_P03_2	19	340793	108
Mock_P03_2	19	340793	34
Mock_P03_2	19	340793	70
Mock_P03_2	19	340793	42
Mock_P03_2	19	340793	32
Mock_P03_2	19	340793	104
Mock_P03_2	19	340793	46
Mock_P03_2	19	340793	84
Mock_P03_2	19	340793	147
Mock_P03_2	19	340793	29
Mock_P03_2	19	340793	66
Mock_P03_2	19	340793	93
Mock_P03_2	19	340793	130
Mock_P03_2	19	340793	144
Mock_P03_2	19	340793	60
Mock_P03_2	19	340793	62
Mock_P03_2	19	340793	152
Mock_P03_2	19	340793	63
Mock_P03_2	19	340793	79
Mock_P03_2	19	340793	48
Mock_P03_2	19	340793	62
Mock_P03_2	19	340793	132
Mock_P03_2	19	340793	82
Mock_P03_2	19	340793	110
Mock_P03_2	19	340793	68
Mock_P03_2	19	340793	76
Mock_P03_2	19	340793	142
Mock_P03_2	19	340793	42
Mock_P03_2	19	340793	88
Mock_P03_2	19	340793	53
Mock_P03_2	19	340793	130
Mock_P03_2	19	340793	94
Mock_P03_2	19	340793	42
Mock_P03_2	19	340793	20
Mock_P03_2	19	340793	14
Mock_P03_2	19	340793	81
Mock_P03_2	19	340793	65
Mock_P03_2	19	340793	151
Mock_P03_2	19	340793	47
Mock_P03_2	19	340793	95
Mock_P03_2	19	340793	84
Mock_P03_2	19	340793	74
Mock_P03_2	19	340793	76
Mock_P03_2	19	340793	92
Mock_P03_2	19	340793	83
Mock_P03_2	19	340793	55
Mock_P03_2	19	340793	30
Mock_P03_2	19	340793	67
Mock_P03_2	19	340793	153
Mock_P03_2	19	340793	68
Mock_P03_2	19	340793	45
Mock_P03_2	19	340793	59
Mock_P03_2	19	340793	56
Mock_P03_2	19	340793	32
Mock_P03_2	19	340793	46
Mock_P03_2	19	340793	85
Mock_P03_2	19	340793	31
Mock_P03_2	19	340793	182
Mock_P03_2	19	340793	68
Mock_P03_2	19	340793	26
Mock_P03_2	19	340793	30
Mock_P03_2	19	340793	38
Mock_P03_2	19	340793	64
Mock_P03_2	19	340793	21
Mock_P03_2	19	340793	46
Mock_P03_2	19	340793	14
Mock_P03_2	19	340793	29
Mock_P03_2	19	340793	41
Mock_P03_2	19	340793	37
Mock_P03_2	19	340793	69
Mock_P03_2	19	340793	147
Mock_P03_2	19	340793	123
Mock_P03_2	19	340793	40
Mock_P03_2	19	340793	69
Mock_P03_2	19	340793	50
Mock_P03_2	19	340793	157
Mock_P03_2	19	340793	15
Mock_P03_2	19	340793	106
Mock_P03_2	19	340793	57
Mock_P03_2	19	340793	20
Mock_P03_2	19	340793	58
Mock_P03_2	19	340793	47
Mock_P03_2	19	340793	64
Mock_P03_2	19	340793	53
Mock_P03_2	19	340793	150
Mock_P03_2	19	340793	77
Mock_P03_2	19	340793	68
Mock_P03_2	19	340793	139
Mock_P03_2	19	340793	82
Mock_P03_2	19	340793	100
Mock_P03_2	19	340793	92
Mock_P03_2	19	340793	41
Mock_P03_2	19	340793	201
Mock_P03_2	19	340793	31
Mock_P03_2	20	350456	145
Mock_P03_2	20	350456	154
Mock_P03_2	20	350456	247
Mock_P03_2	20	350456	128
Mock_P03_2	20	350456	59
Mock_P03_2	20	350456	165
Mock_P03_2	20	350456	121
Mock_P03_2	20	350456	135
Mock_P03_2	20	350456	158
Mock_P03_2	20	350456	354
Mock_P03_2	20	350456	136
Mock_P03_2	20	350456	145
Mock_P03_2	20	350456	70
Mock_P03_2	20	350456	300
Mock_P03_2	20	350456	142
Mock_P03_2	20	350456	104
Mock_P03_2	20	350456	87
Mock_P03_2	20	350456	55
Mock_P03_2	20	350456	64
Mock_P03_2	20	350456	62
Mock_P03_2	20	350456	95
Mock_P03_2	20	350456	170
Mock_P03_2	20	350456	109
Mock_P03_2	20	350456	224
Mock_P03_2	20	350456	77
Mock_P03_2	20	350456	131
Mock_P03_2	20	350456	113
Mock_P03_2	20	350456	246
Mock_P03_2	20	350456	88
Mock_P03_2	20	350456	98
Mock_P03_2	20	350456	117
Mock_P03_2	20	350456	263
Mock_P03_2	20	350456	248
Mock_P03_2	20	350456	215
Mock_P03_2	20	350456	175
Mock_P03_2	20	350456	116
Mock_P03_2	20	350456	75
Mock_P03_2	20	350456	170
Mock_P03_2	20	350456	177
Mock_P03_2	20	350456	75
Mock_P03_2	20	350456	190
Mock_P03_2	20	350456	77
Mock_P03_2	20	350456	112
Mock_P03_2	20	350456	237
Mock_P03_2	20	350456	66
Mock_P03_2	20	350456	65
Mock_P03_2	20	350456	81
Mock_P03_2	20	350456	63
Mock_P03_2	20	350456	199
Mock_P03_2	20	350456	79
Mock_P03_2	20	350456	125
Mock_P03_2	20	350456	141
Mock_P03_2	20	350456	71
Mock_P03_2	20	350456	71
Mock_P03_2	20	350456	197
Mock_P03_2	20	350456	43
Mock_P03_2	20	350456	82
Mock_P03_2	20	350456	76
Mock_P03_2	20	350456	138
Mock_P03_2	20	350456	147
Mock_P03_2	20	350456	119
Mock_P03_2	20	350456	76
Mock_P03_2	20	350456	154
Mock_P03_2	20	350456	94
Mock_P03_2	20	350456	105
Mock_P03_2	20	350456	195
Mock_P03_2	20	350456	68
Mock_P03_2	20	350456	24
Mock_P03_2	20	350456	174
Mock_P03_2	20	350456	101
Mock_P03_2	20	350456	169
Mock_P03_2	20	350456	149
Mock_P03_2	20	350456	112
Mock_P03_2	20	350456	78
Mock_P03_2	20	350456	146
Mock_P03_2	20	350456	140
Mock_P03_2	20	350456	60
Mock_P03_2	20	350456	142
Mock_P03_2	20	350456	67
Mock_P03_2	20	350456	120
Mock_P03_2	20	350456	247
Mock_P03_2	20	350456	126
Mock_P03_2	20	350456	103
Mock_P03_2	20	350456	150
Mock_P03_2	20	350456	71
Mock_P03_2	20	350456	138
Mock_P03_2	20	350456	107
Mock_P03_2	20	350456	72
Mock_P03_2	20	350456	127
Mock_P03_2	20	350456	91
Mock_P03_2	20	350456	93
Mock_P03_2	20	350456	78
Mock_P03_2	20	350456	72
Mock_P03_2	20	350456	185
Mock_P03_2	20	350456	104
Mock_P03_2	20	350456	23
Mock_P03_2	20	350456	76
Mock_P03_2	20	350456	137
Mock_P03_2	20	350456	77
Mock_P03_2	20	350456	48
Mock_P03_2	20	350456	102
Mock_P03_2	20	350456	116
Mock_P03_2	20	350456	85
Mock_P03_2	20	350456	99
Mock_P03_2	20	350456	37
Mock_P03_2	20	350456	77
Mock_P03_2	20	350456	10
Mock_P03_2	20	350456	118
Mock_P03_2	20	350456	83
Mock_P03_2	20	350456	178
Mock_P03_2	20	350456	65
Mock_P03_2	20	350456	111
Mock_P03_2	20	350456	176
Mock_P03_2	20	350456	87
Mock_P03_2	20	350456	177
Mock_P03_2	20	350456	71
Mock_P03_2	20	350456	44
Mock_P03_2	20	350456	82
Mock_P03_2	20	350456	35
Mock_P03_2	20	350456	53
Mock_P03_2	20	350456	81
Mock_P03_2	20	350456	97
Mock_P03_2	20	350456	104
Mock_P03_2	20	350456	88
Mock_P03_2	20	350456	115
Mock_P03_2	20	350456	28
Mock_P03_2	20	350456	39
Mock_P03_2	20	350456	91
Mock_P03_2	20	350456	75
Mock_P03_2	20	350456	66
Mock_P03_2	20	350456	398
Mock_P03_2	20	350456	69
Mock_P03_2	20	350456	73
Mock_P03_2	20	350456	69
Mock_P03_2	20	350456	50
Mock_P03_2	20	350456	116
Mock_P03_2	20	350456	328
Mock_P03_2	20	350456	71
Mock_P03_2	20	350456	60
Mock_P03_2	20	350456	143
Mock_P03_2	20	350456	42
Mock_P03_2	20	350456	54
Mock_P03_2	20	350456	14
Mock_P03_2	20	350456	99
Mock_P03_2	20	350456	37
Mock_P03_2	20	350456	60
Mock_P03_2	20	350456	91
Mock_P03_2	20	350456	116
Mock_P03_2	20	350456	95
Mock_P03_2	20	350456	67
Mock_P03_2	20	350456	60
Mock_P03_2	20	350456	42
Mock_P03_2	20	350456	56
Mock_P03_2	20	350456	51
Mock_P03_2	20	350456	34
Mock_P03_2	20	350456	105
Mock_P03_2	20	350456	107
Mock_P03_2	20	350456	106
Mock_P03_2	20	350456	121
Mock_P03_2	20	350456	190
Mock_P03_2	20	350456	110
Mock_P03_2	20	350456	42
Mock_P03_2	20	350456	59
Mock_P03_2	20	350456	145
Mock_P03_2	20	350456	242
Mock_P03_2	20	350456	41
Mock_P03_2	20	350456	50
Mock_P03_2	20	350456	71
Mock_P03_2	20	350456	134
Mock_P03_2	20	350456	123
Mock_P03_2	20	350456	74
Mock_P03_2	20	350456	264
Mock_P03_2	20	350456	89
Mock_P03_2	20	350456	111
Mock_P03_2	20	350456	89
Mock_P03_2	20	350456	118
Mock_P03_2	20	350456	13
Mock_P03_2	20	350456	312
Mock_P03_2	20	350456	294
Mock_P03_2	20	350456	83
Mock_P03_2	20	350456	46
Mock_P03_2	20	350456	79
Mock_P03_2	20	350456	49
Mock_P03_2	20	350456	95
Mock_P03_2	20	350456	39
Mock_P03_2	20	350456	140
Mock_P03_2	20	350456	28
Mock_P03_2	20	350456	95
Mock_P03_2	20	350456	272
Mock_P03_2	20	350456	63
Mock_P03_2	20	350456	29
Mock_P03_2	20	350456	207
Mock_P03_2	20	350456	108
Mock_P03_2	20	350456	160
Mock_P03_2	20	350456	85
Mock_P03_2	20	350456	52
Mock_P03_2	20	350456	38
Mock_P03_2	20	350456	45
Mock_P03_2	20	350456	78
Mock_P03_2	20	350456	121
Mock_P03_2	20	350456	50
Mock_P03_2	20	350456	88
Mock_P03_2	20	350456	50
Mock_P03_2	20	350456	39
Mock_P03_2	20	350456	178
Mock_P03_2	20	350456	58
Mock_P03_2	20	350456	46
Mock_P03_2	20	350456	134
Mock_P03_2	20	350456	83
Mock_P03_2	20	350456	253
Mock_P03_2	20	350456	130
Mock_P03_2	20	350456	293
Mock_P03_2	20	350456	14
Mock_P03_2	20	350456	58
Mock_P03_2	20	350456	59
