fichier	leaf	surfaceLeaf	surfaceLesion
Mock_P10_1	1	310977	45
Mock_P10_1	1	310977	103
Mock_P10_1	1	310977	87
Mock_P10_1	1	310977	152
Mock_P10_1	1	310977	69
Mock_P10_1	1	310977	41
Mock_P10_1	1	310977	55
Mock_P10_1	1	310977	113
Mock_P10_1	1	310977	204
Mock_P10_1	1	310977	71
Mock_P10_1	1	310977	115
Mock_P10_1	1	310977	98
Mock_P10_1	1	310977	73
Mock_P10_1	1	310977	53
Mock_P10_1	1	310977	79
Mock_P10_1	1	310977	70
Mock_P10_1	1	310977	43
Mock_P10_1	1	310977	92
Mock_P10_1	1	310977	160
Mock_P10_1	1	310977	93
Mock_P10_1	1	310977	118
Mock_P10_1	1	310977	102
Mock_P10_1	1	310977	62
Mock_P10_1	1	310977	122
Mock_P10_1	1	310977	133
Mock_P10_1	1	310977	61
Mock_P10_1	1	310977	76
Mock_P10_1	1	310977	62
Mock_P10_1	1	310977	44
Mock_P10_1	1	310977	46
Mock_P10_1	1	310977	89
Mock_P10_1	1	310977	90
Mock_P10_1	1	310977	186
Mock_P10_1	1	310977	73
Mock_P10_1	1	310977	85
Mock_P10_1	1	310977	60
Mock_P10_1	1	310977	79
Mock_P10_1	1	310977	36
Mock_P10_1	1	310977	45
Mock_P10_1	1	310977	79
Mock_P10_1	1	310977	40
Mock_P10_1	1	310977	71
Mock_P10_1	1	310977	105
Mock_P10_1	1	310977	45
Mock_P10_1	1	310977	29
Mock_P10_1	1	310977	72
Mock_P10_1	1	310977	35
Mock_P10_1	1	310977	86
Mock_P10_1	1	310977	51
Mock_P10_1	1	310977	63
Mock_P10_1	1	310977	62
Mock_P10_1	1	310977	88
Mock_P10_1	1	310977	102
Mock_P10_1	1	310977	202
Mock_P10_1	1	310977	41
Mock_P10_1	1	310977	135
Mock_P10_1	1	310977	87
Mock_P10_1	1	310977	128
Mock_P10_1	1	310977	59
Mock_P10_1	1	310977	83
Mock_P10_1	1	310977	37
Mock_P10_1	1	310977	28
Mock_P10_1	1	310977	54
Mock_P10_1	1	310977	76
Mock_P10_1	1	310977	73
Mock_P10_1	1	310977	44
Mock_P10_1	1	310977	82
Mock_P10_1	1	310977	57
Mock_P10_1	1	310977	14
Mock_P10_1	1	310977	41
Mock_P10_1	1	310977	79
Mock_P10_1	1	310977	72
Mock_P10_1	1	310977	43
Mock_P10_1	1	310977	25
Mock_P10_1	1	310977	31
Mock_P10_1	1	310977	57
Mock_P10_1	1	310977	81
Mock_P10_1	1	310977	91
Mock_P10_1	1	310977	169
Mock_P10_1	1	310977	104
Mock_P10_1	1	310977	93
Mock_P10_1	1	310977	62
Mock_P10_1	1	310977	59
Mock_P10_1	1	310977	112
Mock_P10_1	1	310977	55
Mock_P10_1	1	310977	31
Mock_P10_1	1	310977	116
Mock_P10_1	1	310977	92
Mock_P10_1	1	310977	278
Mock_P10_1	1	310977	78
Mock_P10_1	1	310977	70
Mock_P10_1	1	310977	79
Mock_P10_1	1	310977	45
Mock_P10_1	1	310977	65
Mock_P10_1	1	310977	34
Mock_P10_1	1	310977	168
Mock_P10_1	1	310977	89
Mock_P10_1	1	310977	53
Mock_P10_1	1	310977	117
Mock_P10_1	1	310977	77
Mock_P10_1	1	310977	94
Mock_P10_1	1	310977	30
Mock_P10_1	1	310977	37
Mock_P10_1	1	310977	30
Mock_P10_1	1	310977	74
Mock_P10_1	1	310977	212
Mock_P10_1	1	310977	76
Mock_P10_1	1	310977	77
Mock_P10_1	1	310977	20
Mock_P10_1	1	310977	128
Mock_P10_1	1	310977	86
Mock_P10_1	1	310977	141
Mock_P10_1	1	310977	67
Mock_P10_1	1	310977	66
Mock_P10_1	1	310977	140
Mock_P10_1	1	310977	61
Mock_P10_1	1	310977	162
Mock_P10_1	1	310977	38
Mock_P10_1	1	310977	53
Mock_P10_1	1	310977	133
Mock_P10_1	1	310977	130
Mock_P10_1	1	310977	139
Mock_P10_1	1	310977	71
Mock_P10_1	1	310977	145
Mock_P10_1	1	310977	110
Mock_P10_1	1	310977	57
Mock_P10_1	1	310977	114
Mock_P10_1	1	310977	146
Mock_P10_1	1	310977	125
Mock_P10_1	1	310977	37
Mock_P10_1	1	310977	126
Mock_P10_1	1	310977	79
Mock_P10_1	1	310977	39
Mock_P10_1	1	310977	91
Mock_P10_1	1	310977	104
Mock_P10_1	1	310977	124
Mock_P10_1	1	310977	54
Mock_P10_1	1	310977	109
Mock_P10_1	1	310977	30
Mock_P10_1	1	310977	32
Mock_P10_1	1	310977	49
Mock_P10_1	2	317833	127
Mock_P10_1	2	317833	60
Mock_P10_1	2	317833	146
Mock_P10_1	2	317833	42
Mock_P10_1	2	317833	46
Mock_P10_1	2	317833	77
Mock_P10_1	2	317833	95
Mock_P10_1	2	317833	88
Mock_P10_1	2	317833	140
Mock_P10_1	2	317833	59
Mock_P10_1	2	317833	88
Mock_P10_1	2	317833	44
Mock_P10_1	2	317833	33
Mock_P10_1	2	317833	101
Mock_P10_1	2	317833	235
Mock_P10_1	2	317833	144
Mock_P10_1	2	317833	81
Mock_P10_1	2	317833	97
Mock_P10_1	2	317833	88
Mock_P10_1	2	317833	86
Mock_P10_1	2	317833	80
Mock_P10_1	2	317833	100
Mock_P10_1	2	317833	81
Mock_P10_1	2	317833	305
Mock_P10_1	2	317833	148
Mock_P10_1	2	317833	121
Mock_P10_1	2	317833	116
Mock_P10_1	2	317833	289
Mock_P10_1	2	317833	100
Mock_P10_1	2	317833	81
Mock_P10_1	2	317833	81
Mock_P10_1	2	317833	105
Mock_P10_1	2	317833	89
Mock_P10_1	2	317833	140
Mock_P10_1	2	317833	84
Mock_P10_1	2	317833	153
Mock_P10_1	2	317833	128
Mock_P10_1	2	317833	92
Mock_P10_1	2	317833	49
Mock_P10_1	2	317833	68
Mock_P10_1	2	317833	132
Mock_P10_1	2	317833	112
Mock_P10_1	2	317833	114
Mock_P10_1	2	317833	155
Mock_P10_1	2	317833	73
Mock_P10_1	2	317833	93
Mock_P10_1	2	317833	114
Mock_P10_1	2	317833	106
Mock_P10_1	2	317833	115
Mock_P10_1	2	317833	89
Mock_P10_1	2	317833	16
Mock_P10_1	2	317833	48
Mock_P10_1	2	317833	85
Mock_P10_1	2	317833	123
Mock_P10_1	2	317833	94
Mock_P10_1	2	317833	73
Mock_P10_1	2	317833	277
Mock_P10_1	2	317833	57
Mock_P10_1	2	317833	90
Mock_P10_1	2	317833	200
Mock_P10_1	2	317833	117
Mock_P10_1	2	317833	75
Mock_P10_1	2	317833	207
Mock_P10_1	2	317833	82
Mock_P10_1	2	317833	94
Mock_P10_1	2	317833	124
Mock_P10_1	2	317833	100
Mock_P10_1	2	317833	122
Mock_P10_1	2	317833	14
Mock_P10_1	2	317833	86
Mock_P10_1	2	317833	116
Mock_P10_1	2	317833	72
Mock_P10_1	2	317833	78
Mock_P10_1	2	317833	63
Mock_P10_1	2	317833	113
Mock_P10_1	2	317833	112
Mock_P10_1	2	317833	132
Mock_P10_1	2	317833	81
Mock_P10_1	2	317833	81
Mock_P10_1	2	317833	93
Mock_P10_1	2	317833	112
Mock_P10_1	2	317833	103
Mock_P10_1	2	317833	109
Mock_P10_1	2	317833	117
Mock_P10_1	2	317833	125
Mock_P10_1	2	317833	235
Mock_P10_1	2	317833	109
Mock_P10_1	2	317833	101
Mock_P10_1	2	317833	53
Mock_P10_1	2	317833	93
Mock_P10_1	2	317833	92
Mock_P10_1	2	317833	213
Mock_P10_1	2	317833	96
Mock_P10_1	2	317833	108
Mock_P10_1	2	317833	164
Mock_P10_1	2	317833	109
Mock_P10_1	2	317833	203
Mock_P10_1	2	317833	204
Mock_P10_1	2	317833	110
Mock_P10_1	2	317833	73
Mock_P10_1	2	317833	134
Mock_P10_1	2	317833	186
Mock_P10_1	2	317833	115
Mock_P10_1	2	317833	181
Mock_P10_1	2	317833	131
Mock_P10_1	2	317833	221
Mock_P10_1	2	317833	199
Mock_P10_1	2	317833	81
Mock_P10_1	2	317833	100
Mock_P10_1	2	317833	127
Mock_P10_1	2	317833	120
Mock_P10_1	2	317833	169
Mock_P10_1	2	317833	122
Mock_P10_1	2	317833	102
Mock_P10_1	2	317833	108
Mock_P10_1	2	317833	322
Mock_P10_1	2	317833	89
Mock_P10_1	2	317833	96
Mock_P10_1	2	317833	72
Mock_P10_1	2	317833	101
Mock_P10_1	2	317833	172
Mock_P10_1	2	317833	124
Mock_P10_1	2	317833	73
Mock_P10_1	2	317833	158
Mock_P10_1	2	317833	100
Mock_P10_1	2	317833	128
Mock_P10_1	2	317833	55
Mock_P10_1	2	317833	47
Mock_P10_1	2	317833	84
Mock_P10_1	2	317833	171
Mock_P10_1	2	317833	76
Mock_P10_1	2	317833	15
Mock_P10_1	2	317833	56
Mock_P10_1	2	317833	57
Mock_P10_1	2	317833	98
Mock_P10_1	2	317833	130
Mock_P10_1	2	317833	56
Mock_P10_1	2	317833	89
Mock_P10_1	2	317833	99
Mock_P10_1	2	317833	87
Mock_P10_1	2	317833	102
Mock_P10_1	2	317833	167
Mock_P10_1	2	317833	154
Mock_P10_1	2	317833	95
Mock_P10_1	2	317833	59
Mock_P10_1	2	317833	93
Mock_P10_1	2	317833	115
Mock_P10_1	2	317833	99
Mock_P10_1	2	317833	21
Mock_P10_1	2	317833	137
Mock_P10_1	2	317833	21
Mock_P10_1	2	317833	87
Mock_P10_1	2	317833	67
Mock_P10_1	2	317833	65
Mock_P10_1	2	317833	81
Mock_P10_1	2	317833	61
Mock_P10_1	2	317833	28
Mock_P10_1	2	317833	102
Mock_P10_1	2	317833	182
Mock_P10_1	2	317833	43
Mock_P10_1	2	317833	114
Mock_P10_1	2	317833	59
Mock_P10_1	2	317833	133
Mock_P10_1	2	317833	78
Mock_P10_1	2	317833	70
Mock_P10_1	2	317833	137
Mock_P10_1	2	317833	117
Mock_P10_1	2	317833	108
Mock_P10_1	2	317833	88
Mock_P10_1	2	317833	91
Mock_P10_1	2	317833	61
Mock_P10_1	2	317833	76
Mock_P10_1	2	317833	41
Mock_P10_1	2	317833	81
Mock_P10_1	2	317833	54
Mock_P10_1	3	167570	14
Mock_P10_1	3	167570	24
Mock_P10_1	3	167570	15
Mock_P10_1	3	167570	47
Mock_P10_1	3	167570	70
Mock_P10_1	3	167570	43
Mock_P10_1	3	167570	93
Mock_P10_1	3	167570	49
Mock_P10_1	3	167570	26
Mock_P10_1	3	167570	43
Mock_P10_1	3	167570	90
Mock_P10_1	3	167570	112
Mock_P10_1	3	167570	75
Mock_P10_1	3	167570	57
Mock_P10_1	3	167570	119
Mock_P10_1	3	167570	48
Mock_P10_1	3	167570	105
Mock_P10_1	3	167570	41
Mock_P10_1	3	167570	133
Mock_P10_1	3	167570	59
Mock_P10_1	3	167570	70
Mock_P10_1	3	167570	162
Mock_P10_1	3	167570	90
Mock_P10_1	3	167570	73
Mock_P10_1	3	167570	110
Mock_P10_1	3	167570	108
Mock_P10_1	3	167570	87
Mock_P10_1	3	167570	67
Mock_P10_1	3	167570	98
Mock_P10_1	3	167570	90
Mock_P10_1	3	167570	106
Mock_P10_1	3	167570	92
Mock_P10_1	3	167570	88
Mock_P10_1	3	167570	111
Mock_P10_1	3	167570	127
Mock_P10_1	3	167570	93
Mock_P10_1	3	167570	209
Mock_P10_1	3	167570	96
Mock_P10_1	3	167570	89
Mock_P10_1	3	167570	85
Mock_P10_1	3	167570	132
Mock_P10_1	3	167570	102
Mock_P10_1	3	167570	130
Mock_P10_1	3	167570	86
Mock_P10_1	3	167570	82
Mock_P10_1	3	167570	145
Mock_P10_1	3	167570	87
Mock_P10_1	3	167570	50
Mock_P10_1	3	167570	22
Mock_P10_1	3	167570	65
Mock_P10_1	3	167570	50
Mock_P10_1	3	167570	84
Mock_P10_1	3	167570	67
Mock_P10_1	3	167570	54
Mock_P10_1	3	167570	211
Mock_P10_1	3	167570	26
Mock_P10_1	3	167570	102
Mock_P10_1	3	167570	128
Mock_P10_1	3	167570	10
Mock_P10_1	3	167570	63
Mock_P10_1	3	167570	74
Mock_P10_1	3	167570	112
Mock_P10_1	3	167570	135
Mock_P10_1	3	167570	129
Mock_P10_1	3	167570	92
Mock_P10_1	3	167570	121
Mock_P10_1	3	167570	67
Mock_P10_1	3	167570	47
Mock_P10_1	3	167570	183
Mock_P10_1	4	190354	16
Mock_P10_1	4	190354	16
Mock_P10_1	4	190354	121
Mock_P10_1	4	190354	33
Mock_P10_1	4	190354	57
Mock_P10_1	4	190354	152
Mock_P10_1	4	190354	114
Mock_P10_1	4	190354	22
Mock_P10_1	4	190354	75
Mock_P10_1	4	190354	19
Mock_P10_1	4	190354	95
Mock_P10_1	4	190354	74
Mock_P10_1	4	190354	83
Mock_P10_1	4	190354	96
Mock_P10_1	4	190354	99
Mock_P10_1	4	190354	79
Mock_P10_1	4	190354	47
Mock_P10_1	4	190354	141
Mock_P10_1	4	190354	83
Mock_P10_1	4	190354	88
Mock_P10_1	4	190354	77
Mock_P10_1	4	190354	169
Mock_P10_1	4	190354	66
Mock_P10_1	4	190354	92
Mock_P10_1	4	190354	53
Mock_P10_1	4	190354	64
Mock_P10_1	4	190354	96
Mock_P10_1	4	190354	45
Mock_P10_1	4	190354	166
Mock_P10_1	4	190354	48
Mock_P10_1	4	190354	77
Mock_P10_1	4	190354	58
Mock_P10_1	4	190354	53
Mock_P10_1	4	190354	50
Mock_P10_1	4	190354	83
Mock_P10_1	4	190354	106
Mock_P10_1	4	190354	62
Mock_P10_1	4	190354	79
Mock_P10_1	4	190354	80
Mock_P10_1	4	190354	108
Mock_P10_1	4	190354	73
Mock_P10_1	4	190354	67
Mock_P10_1	4	190354	77
Mock_P10_1	4	190354	93
Mock_P10_1	4	190354	88
Mock_P10_1	4	190354	65
Mock_P10_1	4	190354	147
Mock_P10_1	4	190354	71
Mock_P10_1	4	190354	84
Mock_P10_1	4	190354	109
Mock_P10_1	4	190354	49
Mock_P10_1	4	190354	50
Mock_P10_1	4	190354	88
Mock_P10_1	4	190354	62
Mock_P10_1	4	190354	58
Mock_P10_1	4	190354	51
Mock_P10_1	4	190354	92
Mock_P10_1	4	190354	91
Mock_P10_1	4	190354	98
Mock_P10_1	4	190354	75
Mock_P10_1	4	190354	84
Mock_P10_1	4	190354	186
Mock_P10_1	4	190354	102
Mock_P10_1	4	190354	19
Mock_P10_1	5	308348	48
Mock_P10_1	5	308348	46
Mock_P10_1	5	308348	73
Mock_P10_1	5	308348	67
Mock_P10_1	5	308348	33
Mock_P10_1	5	308348	215
Mock_P10_1	5	308348	99
Mock_P10_1	5	308348	68
Mock_P10_1	5	308348	53
Mock_P10_1	5	308348	37
Mock_P10_1	5	308348	88
Mock_P10_1	5	308348	47
Mock_P10_1	5	308348	31
Mock_P10_1	5	308348	14
Mock_P10_1	5	308348	86
Mock_P10_1	5	308348	71
Mock_P10_1	5	308348	43
Mock_P10_1	5	308348	104
Mock_P10_1	5	308348	120
Mock_P10_1	5	308348	23
Mock_P10_1	5	308348	119
Mock_P10_1	5	308348	36
Mock_P10_1	5	308348	94
Mock_P10_1	5	308348	58
Mock_P10_1	5	308348	58
Mock_P10_1	5	308348	72
Mock_P10_1	5	308348	58
Mock_P10_1	5	308348	58
Mock_P10_1	5	308348	78
Mock_P10_1	5	308348	70
Mock_P10_1	5	308348	37
Mock_P10_1	5	308348	80
Mock_P10_1	5	308348	127
Mock_P10_1	5	308348	92
Mock_P10_1	5	308348	87
Mock_P10_1	5	308348	70
Mock_P10_1	5	308348	157
Mock_P10_1	5	308348	85
Mock_P10_1	5	308348	106
Mock_P10_1	5	308348	36
Mock_P10_1	5	308348	38
Mock_P10_1	5	308348	77
Mock_P10_1	5	308348	277
Mock_P10_1	5	308348	34
Mock_P10_1	5	308348	74
Mock_P10_1	5	308348	51
Mock_P10_1	5	308348	79
Mock_P10_1	5	308348	292
Mock_P10_1	5	308348	62
Mock_P10_1	5	308348	120
Mock_P10_1	5	308348	63
Mock_P10_1	5	308348	64
Mock_P10_1	5	308348	92
Mock_P10_1	5	308348	119
Mock_P10_1	5	308348	123
Mock_P10_1	5	308348	83
Mock_P10_1	5	308348	66
Mock_P10_1	5	308348	102
Mock_P10_1	5	308348	37
Mock_P10_1	5	308348	121
Mock_P10_1	5	308348	53
Mock_P10_1	5	308348	79
Mock_P10_1	5	308348	63
Mock_P10_1	5	308348	54
Mock_P10_1	5	308348	113
Mock_P10_1	5	308348	148
Mock_P10_1	5	308348	84
Mock_P10_1	5	308348	207
Mock_P10_1	5	308348	43
Mock_P10_1	5	308348	61
Mock_P10_1	5	308348	100
Mock_P10_1	5	308348	50
Mock_P10_1	5	308348	141
Mock_P10_1	5	308348	253
Mock_P10_1	5	308348	45
Mock_P10_1	5	308348	71
Mock_P10_1	5	308348	86
Mock_P10_1	5	308348	80
Mock_P10_1	5	308348	107
Mock_P10_1	5	308348	136
Mock_P10_1	5	308348	91
Mock_P10_1	5	308348	144
Mock_P10_1	5	308348	135
Mock_P10_1	5	308348	227
Mock_P10_1	5	308348	73
Mock_P10_1	5	308348	74
Mock_P10_1	5	308348	100
Mock_P10_1	5	308348	154
Mock_P10_1	5	308348	115
Mock_P10_1	5	308348	137
Mock_P10_1	5	308348	143
Mock_P10_1	5	308348	80
Mock_P10_1	5	308348	114
Mock_P10_1	5	308348	49
Mock_P10_1	5	308348	71
Mock_P10_1	5	308348	70
Mock_P10_1	5	308348	64
Mock_P10_1	5	308348	54
Mock_P10_1	5	308348	193
Mock_P10_1	5	308348	51
Mock_P10_1	5	308348	80
Mock_P10_1	5	308348	116
Mock_P10_1	5	308348	58
Mock_P10_1	5	308348	394
Mock_P10_1	5	308348	122
Mock_P10_1	5	308348	96
Mock_P10_1	5	308348	87
Mock_P10_1	5	308348	140
Mock_P10_1	5	308348	86
Mock_P10_1	5	308348	59
Mock_P10_1	5	308348	129
Mock_P10_1	5	308348	109
Mock_P10_1	5	308348	343
Mock_P10_1	5	308348	155
Mock_P10_1	5	308348	301
Mock_P10_1	5	308348	55
Mock_P10_1	5	308348	67
Mock_P10_1	5	308348	59
Mock_P10_1	5	308348	13
Mock_P10_1	5	308348	31
Mock_P10_1	5	308348	98
Mock_P10_1	5	308348	86
Mock_P10_1	5	308348	132
Mock_P10_1	5	308348	129
Mock_P10_1	5	308348	49
Mock_P10_1	5	308348	90
Mock_P10_1	5	308348	57
Mock_P10_1	5	308348	125
Mock_P10_1	5	308348	161
Mock_P10_1	5	308348	131
Mock_P10_1	5	308348	75
Mock_P10_1	5	308348	63
Mock_P10_1	5	308348	42
Mock_P10_1	5	308348	80
Mock_P10_1	5	308348	84
Mock_P10_1	5	308348	135
Mock_P10_1	5	308348	103
Mock_P10_1	5	308348	33
Mock_P10_1	5	308348	81
Mock_P10_1	5	308348	106
Mock_P10_1	5	308348	35
Mock_P10_1	5	308348	100
Mock_P10_1	5	308348	71
Mock_P10_1	5	308348	113
Mock_P10_1	5	308348	50
Mock_P10_1	5	308348	13
Mock_P10_1	5	308348	69
Mock_P10_1	5	308348	44
Mock_P10_1	5	308348	169
Mock_P10_1	5	308348	98
Mock_P10_1	5	308348	167
Mock_P10_1	5	308348	84
Mock_P10_1	5	308348	64
Mock_P10_1	5	308348	163
Mock_P10_1	5	308348	98
Mock_P10_1	5	308348	128
Mock_P10_1	5	308348	348
Mock_P10_1	5	308348	202
Mock_P10_1	5	308348	12
Mock_P10_1	5	308348	55
Mock_P10_1	5	308348	76
Mock_P10_1	5	308348	76
Mock_P10_1	5	308348	92
Mock_P10_1	5	308348	69
Mock_P10_1	5	308348	20
Mock_P10_1	5	308348	99
Mock_P10_1	5	308348	126
Mock_P10_1	5	308348	107
Mock_P10_1	5	308348	72
Mock_P10_1	5	308348	115
Mock_P10_1	5	308348	53
Mock_P10_1	5	308348	20
Mock_P10_1	5	308348	163
Mock_P10_1	5	308348	50
Mock_P10_1	5	308348	145
Mock_P10_1	5	308348	45
Mock_P10_1	5	308348	79
Mock_P10_1	5	308348	56
Mock_P10_1	5	308348	123
Mock_P10_1	5	308348	18
Mock_P10_1	5	308348	54
Mock_P10_1	6	316968	139
Mock_P10_1	6	316968	82
Mock_P10_1	6	316968	154
Mock_P10_1	6	316968	35
Mock_P10_1	6	316968	51
Mock_P10_1	6	316968	69
Mock_P10_1	6	316968	81
Mock_P10_1	6	316968	206
Mock_P10_1	6	316968	62
Mock_P10_1	6	316968	45
Mock_P10_1	6	316968	82
Mock_P10_1	6	316968	59
Mock_P10_1	6	316968	51
Mock_P10_1	6	316968	82
Mock_P10_1	6	316968	81
Mock_P10_1	6	316968	68
Mock_P10_1	6	316968	110
Mock_P10_1	6	316968	55
Mock_P10_1	6	316968	79
Mock_P10_1	6	316968	154
Mock_P10_1	6	316968	225
Mock_P10_1	6	316968	10
Mock_P10_1	6	316968	64
Mock_P10_1	6	316968	91
Mock_P10_1	6	316968	105
Mock_P10_1	6	316968	48
Mock_P10_1	6	316968	80
Mock_P10_1	6	316968	96
Mock_P10_1	6	316968	179
Mock_P10_1	6	316968	92
Mock_P10_1	6	316968	52
Mock_P10_1	6	316968	45
Mock_P10_1	6	316968	117
Mock_P10_1	6	316968	71
Mock_P10_1	6	316968	29
Mock_P10_1	6	316968	70
Mock_P10_1	6	316968	82
Mock_P10_1	6	316968	28
Mock_P10_1	6	316968	135
Mock_P10_1	6	316968	70
Mock_P10_1	6	316968	67
Mock_P10_1	6	316968	140
Mock_P10_1	6	316968	81
Mock_P10_1	6	316968	50
Mock_P10_1	6	316968	58
Mock_P10_1	6	316968	34
Mock_P10_1	6	316968	61
Mock_P10_1	6	316968	65
Mock_P10_1	6	316968	69
Mock_P10_1	6	316968	118
Mock_P10_1	6	316968	82
Mock_P10_1	6	316968	19
Mock_P10_1	6	316968	104
Mock_P10_1	6	316968	42
Mock_P10_1	6	316968	102
Mock_P10_1	6	316968	47
Mock_P10_1	6	316968	83
Mock_P10_1	6	316968	59
Mock_P10_1	6	316968	230
Mock_P10_1	6	316968	69
Mock_P10_1	6	316968	96
Mock_P10_1	6	316968	116
Mock_P10_1	6	316968	69
Mock_P10_1	6	316968	90
Mock_P10_1	6	316968	81
Mock_P10_1	6	316968	89
Mock_P10_1	6	316968	59
Mock_P10_1	6	316968	80
Mock_P10_1	6	316968	173
Mock_P10_1	6	316968	103
Mock_P10_1	6	316968	29
Mock_P10_1	6	316968	66
Mock_P10_1	6	316968	122
Mock_P10_1	6	316968	104
Mock_P10_1	6	316968	97
Mock_P10_1	6	316968	124
Mock_P10_1	6	316968	189
Mock_P10_1	6	316968	113
Mock_P10_1	6	316968	83
Mock_P10_1	6	316968	95
Mock_P10_1	6	316968	106
Mock_P10_1	6	316968	69
Mock_P10_1	6	316968	199
Mock_P10_1	6	316968	75
Mock_P10_1	6	316968	94
Mock_P10_1	6	316968	238
Mock_P10_1	6	316968	122
Mock_P10_1	6	316968	180
Mock_P10_1	6	316968	69
Mock_P10_1	6	316968	178
Mock_P10_1	6	316968	97
Mock_P10_1	6	316968	78
Mock_P10_1	6	316968	57
Mock_P10_1	6	316968	87
Mock_P10_1	6	316968	137
Mock_P10_1	6	316968	138
Mock_P10_1	6	316968	82
Mock_P10_1	6	316968	33
Mock_P10_1	6	316968	61
Mock_P10_1	6	316968	56
Mock_P10_1	6	316968	111
Mock_P10_1	6	316968	148
Mock_P10_1	6	316968	97
Mock_P10_1	6	316968	120
Mock_P10_1	6	316968	68
Mock_P10_1	6	316968	81
Mock_P10_1	6	316968	73
Mock_P10_1	6	316968	123
Mock_P10_1	6	316968	195
Mock_P10_1	6	316968	120
Mock_P10_1	6	316968	87
Mock_P10_1	6	316968	24
Mock_P10_1	6	316968	121
Mock_P10_1	6	316968	64
Mock_P10_1	6	316968	133
Mock_P10_1	6	316968	134
Mock_P10_1	6	316968	128
Mock_P10_1	6	316968	169
Mock_P10_1	6	316968	146
Mock_P10_1	6	316968	72
Mock_P10_1	6	316968	40
Mock_P10_1	6	316968	119
Mock_P10_1	6	316968	64
Mock_P10_1	6	316968	123
Mock_P10_1	6	316968	115
Mock_P10_1	6	316968	52
Mock_P10_1	6	316968	93
Mock_P10_1	6	316968	171
Mock_P10_1	6	316968	67
Mock_P10_1	6	316968	111
Mock_P10_1	6	316968	168
Mock_P10_1	6	316968	114
Mock_P10_1	6	316968	45
Mock_P10_1	6	316968	72
Mock_P10_1	6	316968	115
Mock_P10_1	6	316968	124
Mock_P10_1	6	316968	180
Mock_P10_1	6	316968	93
Mock_P10_1	6	316968	331
Mock_P10_1	6	316968	181
Mock_P10_1	6	316968	59
Mock_P10_1	6	316968	100
Mock_P10_1	6	316968	69
Mock_P10_1	6	316968	42
Mock_P10_1	6	316968	123
Mock_P10_1	6	316968	67
Mock_P10_1	6	316968	77
Mock_P10_1	6	316968	42
Mock_P10_1	6	316968	242
Mock_P10_1	6	316968	197
Mock_P10_1	6	316968	144
Mock_P10_1	6	316968	64
Mock_P10_1	6	316968	98
Mock_P10_1	6	316968	99
Mock_P10_1	6	316968	64
Mock_P10_1	6	316968	96
Mock_P10_1	6	316968	145
Mock_P10_1	6	316968	42
Mock_P10_1	6	316968	303
Mock_P10_1	6	316968	72
Mock_P10_1	6	316968	75
Mock_P10_1	6	316968	55
Mock_P10_1	6	316968	99
Mock_P10_1	6	316968	105
Mock_P10_1	6	316968	123
Mock_P10_1	6	316968	80
Mock_P10_1	7	265698	34
Mock_P10_1	7	265698	24
Mock_P10_1	7	265698	60
Mock_P10_1	7	265698	51
Mock_P10_1	7	265698	42
Mock_P10_1	7	265698	39
Mock_P10_1	7	265698	71
Mock_P10_1	7	265698	47
Mock_P10_1	7	265698	65
Mock_P10_1	7	265698	66
Mock_P10_1	7	265698	51
Mock_P10_1	7	265698	35
Mock_P10_1	7	265698	29
Mock_P10_1	7	265698	24
Mock_P10_1	7	265698	145
Mock_P10_1	7	265698	10
Mock_P10_1	7	265698	27
Mock_P10_1	7	265698	74
Mock_P10_1	7	265698	33
Mock_P10_1	7	265698	58
Mock_P10_1	7	265698	87
Mock_P10_1	7	265698	89
Mock_P10_1	7	265698	106
Mock_P10_1	7	265698	54
Mock_P10_1	7	265698	92
Mock_P10_1	7	265698	49
Mock_P10_1	7	265698	61
Mock_P10_1	7	265698	86
Mock_P10_1	7	265698	81
Mock_P10_1	7	265698	73
Mock_P10_1	7	265698	90
Mock_P10_1	7	265698	66
Mock_P10_1	7	265698	90
Mock_P10_1	7	265698	78
Mock_P10_1	7	265698	68
Mock_P10_1	7	265698	158
Mock_P10_1	7	265698	108
Mock_P10_1	7	265698	55
Mock_P10_1	7	265698	78
Mock_P10_1	7	265698	45
Mock_P10_1	7	265698	63
Mock_P10_1	7	265698	72
Mock_P10_1	7	265698	48
Mock_P10_1	7	265698	50
Mock_P10_1	7	265698	42
Mock_P10_1	7	265698	91
Mock_P10_1	7	265698	65
Mock_P10_1	7	265698	56
Mock_P10_1	7	265698	112
Mock_P10_1	7	265698	19
Mock_P10_1	7	265698	46
Mock_P10_1	7	265698	49
Mock_P10_1	7	265698	99
Mock_P10_1	7	265698	98
Mock_P10_1	7	265698	91
Mock_P10_1	7	265698	39
Mock_P10_1	7	265698	11
Mock_P10_1	7	265698	58
Mock_P10_1	7	265698	86
Mock_P10_1	7	265698	67
Mock_P10_1	7	265698	23
Mock_P10_1	7	265698	86
Mock_P10_1	7	265698	71
Mock_P10_1	7	265698	103
Mock_P10_1	7	265698	55
Mock_P10_1	7	265698	94
Mock_P10_1	7	265698	34
Mock_P10_1	7	265698	41
Mock_P10_1	7	265698	105
Mock_P10_1	7	265698	92
Mock_P10_1	7	265698	61
Mock_P10_1	7	265698	108
Mock_P10_1	7	265698	65
Mock_P10_1	7	265698	57
Mock_P10_1	7	265698	229
Mock_P10_1	7	265698	101
Mock_P10_1	7	265698	64
Mock_P10_1	7	265698	63
Mock_P10_1	7	265698	45
Mock_P10_1	7	265698	54
Mock_P10_1	7	265698	120
Mock_P10_1	7	265698	49
Mock_P10_1	7	265698	87
Mock_P10_1	7	265698	82
Mock_P10_1	7	265698	58
Mock_P10_1	7	265698	44
Mock_P10_1	7	265698	100
Mock_P10_1	7	265698	42
Mock_P10_1	7	265698	164
Mock_P10_1	7	265698	91
Mock_P10_1	7	265698	117
Mock_P10_1	7	265698	99
Mock_P10_1	7	265698	137
Mock_P10_1	7	265698	140
Mock_P10_1	7	265698	110
Mock_P10_1	7	265698	123
Mock_P10_1	7	265698	50
Mock_P10_1	7	265698	225
Mock_P10_1	7	265698	72
Mock_P10_1	7	265698	105
Mock_P10_1	7	265698	97
Mock_P10_1	7	265698	86
Mock_P10_1	7	265698	95
Mock_P10_1	7	265698	109
Mock_P10_1	7	265698	135
Mock_P10_1	7	265698	84
Mock_P10_1	7	265698	54
Mock_P10_1	7	265698	118
Mock_P10_1	7	265698	73
Mock_P10_1	7	265698	99
Mock_P10_1	7	265698	125
Mock_P10_1	7	265698	128
Mock_P10_1	7	265698	55
Mock_P10_1	7	265698	69
Mock_P10_1	7	265698	129
Mock_P10_1	7	265698	59
Mock_P10_1	7	265698	82
Mock_P10_1	7	265698	299
Mock_P10_1	7	265698	181
Mock_P10_1	7	265698	53
Mock_P10_1	7	265698	117
Mock_P10_1	7	265698	69
Mock_P10_1	7	265698	105
Mock_P10_1	7	265698	126
Mock_P10_1	7	265698	76
Mock_P10_1	7	265698	135
Mock_P10_1	7	265698	88
Mock_P10_1	7	265698	123
Mock_P10_1	7	265698	66
Mock_P10_1	7	265698	73
Mock_P10_1	7	265698	102
Mock_P10_1	7	265698	71
Mock_P10_1	7	265698	114
Mock_P10_1	7	265698	89
Mock_P10_1	7	265698	79
Mock_P10_1	7	265698	138
Mock_P10_1	7	265698	106
Mock_P10_1	7	265698	145
Mock_P10_1	7	265698	81
Mock_P10_1	7	265698	57
Mock_P10_1	7	265698	138
Mock_P10_1	7	265698	55
Mock_P10_1	7	265698	117
Mock_P10_1	7	265698	72
Mock_P10_1	7	265698	19
Mock_P10_1	7	265698	97
Mock_P10_1	7	265698	96
Mock_P10_1	7	265698	115
Mock_P10_1	7	265698	62
Mock_P10_1	7	265698	54
Mock_P10_1	8	276391	170
Mock_P10_1	8	276391	82
Mock_P10_1	8	276391	44
Mock_P10_1	8	276391	64
Mock_P10_1	8	276391	62
Mock_P10_1	8	276391	54
Mock_P10_1	8	276391	81
Mock_P10_1	8	276391	23
Mock_P10_1	8	276391	57
Mock_P10_1	8	276391	79
Mock_P10_1	8	276391	101
Mock_P10_1	8	276391	158
Mock_P10_1	8	276391	42
Mock_P10_1	8	276391	32
Mock_P10_1	8	276391	27
Mock_P10_1	8	276391	15
Mock_P10_1	8	276391	130
Mock_P10_1	8	276391	60
Mock_P10_1	8	276391	102
Mock_P10_1	8	276391	77
Mock_P10_1	8	276391	81
Mock_P10_1	8	276391	96
Mock_P10_1	8	276391	35
Mock_P10_1	8	276391	45
Mock_P10_1	8	276391	74
Mock_P10_1	8	276391	73
Mock_P10_1	8	276391	57
Mock_P10_1	8	276391	66
Mock_P10_1	8	276391	182
Mock_P10_1	8	276391	42
Mock_P10_1	8	276391	51
Mock_P10_1	8	276391	186
Mock_P10_1	8	276391	94
Mock_P10_1	8	276391	66
Mock_P10_1	8	276391	36
Mock_P10_1	8	276391	42
Mock_P10_1	8	276391	93
Mock_P10_1	8	276391	68
Mock_P10_1	8	276391	109
Mock_P10_1	8	276391	45
Mock_P10_1	8	276391	49
Mock_P10_1	8	276391	59
Mock_P10_1	8	276391	65
Mock_P10_1	8	276391	202
Mock_P10_1	8	276391	67
Mock_P10_1	8	276391	61
Mock_P10_1	8	276391	55
Mock_P10_1	8	276391	92
Mock_P10_1	8	276391	86
Mock_P10_1	8	276391	60
Mock_P10_1	8	276391	16
Mock_P10_1	8	276391	65
Mock_P10_1	8	276391	73
Mock_P10_1	8	276391	57
Mock_P10_1	8	276391	88
Mock_P10_1	8	276391	46
Mock_P10_1	8	276391	63
Mock_P10_1	8	276391	52
Mock_P10_1	8	276391	76
Mock_P10_1	8	276391	81
Mock_P10_1	8	276391	31
Mock_P10_1	8	276391	34
Mock_P10_1	8	276391	48
Mock_P10_1	8	276391	67
Mock_P10_1	8	276391	80
Mock_P10_1	8	276391	88
Mock_P10_1	8	276391	60
Mock_P10_1	8	276391	71
Mock_P10_1	8	276391	43
Mock_P10_1	8	276391	72
Mock_P10_1	8	276391	147
Mock_P10_1	8	276391	155
Mock_P10_1	8	276391	89
Mock_P10_1	8	276391	43
Mock_P10_1	8	276391	98
Mock_P10_1	8	276391	73
Mock_P10_1	8	276391	83
Mock_P10_1	8	276391	34
Mock_P10_1	8	276391	59
Mock_P10_1	8	276391	51
Mock_P10_1	8	276391	89
Mock_P10_1	8	276391	71
Mock_P10_1	8	276391	109
Mock_P10_1	8	276391	52
Mock_P10_1	8	276391	69
Mock_P10_1	8	276391	84
Mock_P10_1	8	276391	87
Mock_P10_1	8	276391	155
Mock_P10_1	8	276391	81
Mock_P10_1	8	276391	79
Mock_P10_1	8	276391	90
Mock_P10_1	8	276391	87
Mock_P10_1	8	276391	79
Mock_P10_1	8	276391	68
Mock_P10_1	8	276391	30
Mock_P10_1	8	276391	121
Mock_P10_1	8	276391	10
Mock_P10_1	8	276391	33
Mock_P10_1	8	276391	31
Mock_P10_1	8	276391	97
Mock_P10_1	8	276391	94
Mock_P10_1	8	276391	94
Mock_P10_1	8	276391	76
Mock_P10_1	8	276391	56
Mock_P10_1	8	276391	270
Mock_P10_1	8	276391	177
Mock_P10_1	8	276391	41
Mock_P10_1	8	276391	194
Mock_P10_1	8	276391	66
Mock_P10_1	8	276391	78
Mock_P10_1	8	276391	51
Mock_P10_1	8	276391	76
Mock_P10_1	8	276391	108
Mock_P10_1	8	276391	192
Mock_P10_1	8	276391	15
Mock_P10_1	8	276391	63
Mock_P10_1	8	276391	14
Mock_P10_1	8	276391	31
Mock_P10_1	8	276391	107
Mock_P10_1	8	276391	172
Mock_P10_1	8	276391	87
Mock_P10_1	8	276391	85
Mock_P10_1	8	276391	78
Mock_P10_1	8	276391	126
Mock_P10_1	8	276391	100
Mock_P10_1	8	276391	112
Mock_P10_1	8	276391	167
Mock_P10_1	8	276391	95
Mock_P10_1	8	276391	67
Mock_P10_1	8	276391	80
Mock_P10_1	8	276391	72
Mock_P10_1	8	276391	125
Mock_P10_1	8	276391	18
Mock_P10_1	8	276391	145
Mock_P10_1	8	276391	91
Mock_P10_1	8	276391	91
Mock_P10_1	8	276391	97
Mock_P10_1	8	276391	115
Mock_P10_1	8	276391	86
Mock_P10_1	8	276391	78
Mock_P10_1	8	276391	174
Mock_P10_1	8	276391	123
Mock_P10_1	8	276391	105
Mock_P10_1	8	276391	85
Mock_P10_1	8	276391	92
Mock_P10_1	8	276391	73
Mock_P10_1	8	276391	65
Mock_P10_1	8	276391	62
Mock_P10_1	8	276391	115
Mock_P10_1	8	276391	62
Mock_P10_1	8	276391	89
Mock_P10_1	8	276391	72
Mock_P10_1	8	276391	76
Mock_P10_1	8	276391	116
Mock_P10_1	8	276391	205
Mock_P10_1	8	276391	112
Mock_P10_1	8	276391	92
Mock_P10_1	8	276391	101
Mock_P10_1	8	276391	76
Mock_P10_1	8	276391	93
Mock_P10_1	9	298925	36
Mock_P10_1	9	298925	114
Mock_P10_1	9	298925	82
Mock_P10_1	9	298925	194
Mock_P10_1	9	298925	219
Mock_P10_1	9	298925	90
Mock_P10_1	9	298925	117
Mock_P10_1	9	298925	160
Mock_P10_1	9	298925	168
Mock_P10_1	9	298925	82
Mock_P10_1	9	298925	163
Mock_P10_1	9	298925	95
Mock_P10_1	9	298925	116
Mock_P10_1	9	298925	81
Mock_P10_1	9	298925	106
Mock_P10_1	9	298925	60
Mock_P10_1	9	298925	97
Mock_P10_1	9	298925	109
Mock_P10_1	9	298925	148
Mock_P10_1	9	298925	93
Mock_P10_1	9	298925	114
Mock_P10_1	9	298925	71
Mock_P10_1	9	298925	159
Mock_P10_1	9	298925	68
Mock_P10_1	9	298925	214
Mock_P10_1	9	298925	112
Mock_P10_1	9	298925	116
Mock_P10_1	9	298925	97
Mock_P10_1	9	298925	117
Mock_P10_1	9	298925	64
Mock_P10_1	9	298925	45
Mock_P10_1	9	298925	86
Mock_P10_1	9	298925	113
Mock_P10_1	9	298925	90
Mock_P10_1	9	298925	78
Mock_P10_1	9	298925	90
Mock_P10_1	9	298925	190
Mock_P10_1	9	298925	164
Mock_P10_1	9	298925	211
Mock_P10_1	9	298925	159
Mock_P10_1	9	298925	86
Mock_P10_1	9	298925	73
Mock_P10_1	9	298925	89
Mock_P10_1	9	298925	330
Mock_P10_1	9	298925	84
Mock_P10_1	9	298925	235
Mock_P10_1	9	298925	100
Mock_P10_1	9	298925	70
Mock_P10_1	9	298925	106
Mock_P10_1	9	298925	175
Mock_P10_1	9	298925	90
Mock_P10_1	9	298925	114
Mock_P10_1	9	298925	74
Mock_P10_1	9	298925	228
Mock_P10_1	9	298925	125
Mock_P10_1	9	298925	55
Mock_P10_1	9	298925	247
Mock_P10_1	9	298925	53
Mock_P10_1	9	298925	80
Mock_P10_1	9	298925	110
Mock_P10_1	9	298925	64
Mock_P10_1	9	298925	140
Mock_P10_1	9	298925	107
Mock_P10_1	9	298925	163
Mock_P10_1	9	298925	61
Mock_P10_1	9	298925	101
Mock_P10_1	9	298925	81
Mock_P10_1	9	298925	115
Mock_P10_1	9	298925	113
Mock_P10_1	9	298925	50
Mock_P10_1	9	298925	103
Mock_P10_1	9	298925	87
Mock_P10_1	9	298925	98
Mock_P10_1	9	298925	301
Mock_P10_1	9	298925	47
Mock_P10_1	9	298925	79
Mock_P10_1	9	298925	168
Mock_P10_1	9	298925	127
Mock_P10_1	9	298925	185
Mock_P10_1	9	298925	100
Mock_P10_1	9	298925	18
Mock_P10_1	9	298925	45
Mock_P10_1	9	298925	161
Mock_P10_1	9	298925	57
Mock_P10_1	9	298925	184
Mock_P10_1	9	298925	11
Mock_P10_1	9	298925	78
Mock_P10_1	9	298925	111
Mock_P10_1	9	298925	151
Mock_P10_1	9	298925	47
Mock_P10_1	9	298925	57
Mock_P10_1	9	298925	119
Mock_P10_1	9	298925	71
Mock_P10_1	9	298925	118
Mock_P10_1	9	298925	28
Mock_P10_1	9	298925	128
Mock_P10_1	9	298925	249
Mock_P10_1	9	298925	48
Mock_P10_1	9	298925	177
Mock_P10_1	9	298925	134
Mock_P10_1	9	298925	92
Mock_P10_1	9	298925	112
Mock_P10_1	9	298925	77
Mock_P10_1	9	298925	94
Mock_P10_1	9	298925	193
Mock_P10_1	9	298925	56
Mock_P10_1	9	298925	186
Mock_P10_1	9	298925	21
Mock_P10_1	9	298925	188
Mock_P10_1	9	298925	165
Mock_P10_1	9	298925	76
Mock_P10_1	9	298925	216
Mock_P10_1	9	298925	59
Mock_P10_1	9	298925	133
Mock_P10_1	9	298925	80
Mock_P10_1	9	298925	181
Mock_P10_1	9	298925	81
Mock_P10_1	9	298925	81
Mock_P10_1	9	298925	94
Mock_P10_1	9	298925	128
Mock_P10_1	9	298925	236
Mock_P10_1	9	298925	207
Mock_P10_1	9	298925	123
Mock_P10_1	9	298925	145
Mock_P10_1	9	298925	65
Mock_P10_1	9	298925	113
Mock_P10_1	9	298925	129
Mock_P10_1	9	298925	74
Mock_P10_1	9	298925	108
Mock_P10_1	9	298925	34
Mock_P10_1	9	298925	60
Mock_P10_1	9	298925	136
Mock_P10_1	9	298925	50
Mock_P10_1	9	298925	142
Mock_P10_1	9	298925	134
Mock_P10_1	9	298925	74
Mock_P10_1	9	298925	86
Mock_P10_1	9	298925	24
Mock_P10_1	9	298925	109
Mock_P10_1	9	298925	149
Mock_P10_1	9	298925	139
Mock_P10_1	9	298925	22
Mock_P10_1	9	298925	83
Mock_P10_1	9	298925	70
Mock_P10_1	9	298925	78
Mock_P10_1	9	298925	109
Mock_P10_1	9	298925	78
Mock_P10_1	9	298925	76
Mock_P10_1	9	298925	82
Mock_P10_1	9	298925	172
Mock_P10_1	9	298925	74
Mock_P10_1	9	298925	519
Mock_P10_1	9	298925	23
Mock_P10_1	9	298925	53
Mock_P10_1	9	298925	147
Mock_P10_1	9	298925	71
Mock_P10_1	9	298925	91
Mock_P10_1	9	298925	290
Mock_P10_1	9	298925	66
Mock_P10_1	9	298925	16
Mock_P10_1	9	298925	133
Mock_P10_1	9	298925	103
Mock_P10_1	9	298925	64
Mock_P10_1	9	298925	54
Mock_P10_1	9	298925	68
Mock_P10_1	9	298925	74
Mock_P10_1	10	303631	94
Mock_P10_1	10	303631	301
Mock_P10_1	10	303631	52
Mock_P10_1	10	303631	79
Mock_P10_1	10	303631	136
Mock_P10_1	10	303631	90
Mock_P10_1	10	303631	59
Mock_P10_1	10	303631	386
Mock_P10_1	10	303631	47
Mock_P10_1	10	303631	38
Mock_P10_1	10	303631	45
Mock_P10_1	10	303631	11
Mock_P10_1	10	303631	108
Mock_P10_1	10	303631	20
Mock_P10_1	10	303631	118
Mock_P10_1	10	303631	86
Mock_P10_1	10	303631	34
Mock_P10_1	10	303631	55
Mock_P10_1	10	303631	68
Mock_P10_1	10	303631	476
Mock_P10_1	10	303631	51
Mock_P10_1	10	303631	78
Mock_P10_1	10	303631	159
Mock_P10_1	10	303631	75
Mock_P10_1	10	303631	87
Mock_P10_1	10	303631	80
Mock_P10_1	10	303631	80
Mock_P10_1	10	303631	206
Mock_P10_1	10	303631	30
Mock_P10_1	10	303631	188
Mock_P10_1	10	303631	74
Mock_P10_1	10	303631	117
Mock_P10_1	10	303631	96
Mock_P10_1	10	303631	129
Mock_P10_1	10	303631	50
Mock_P10_1	10	303631	173
Mock_P10_1	10	303631	56
Mock_P10_1	10	303631	106
Mock_P10_1	10	303631	137
Mock_P10_1	10	303631	123
Mock_P10_1	10	303631	93
Mock_P10_1	10	303631	14
Mock_P10_1	10	303631	131
Mock_P10_1	10	303631	160
Mock_P10_1	10	303631	141
Mock_P10_1	10	303631	79
Mock_P10_1	10	303631	81
Mock_P10_1	10	303631	551
Mock_P10_1	10	303631	652
Mock_P10_1	10	303631	102
Mock_P10_1	10	303631	87
Mock_P10_1	10	303631	81
Mock_P10_1	10	303631	535
Mock_P10_1	10	303631	89
Mock_P10_1	10	303631	86
Mock_P10_1	10	303631	132
Mock_P10_1	10	303631	77
Mock_P10_1	10	303631	175
Mock_P10_1	10	303631	18
Mock_P10_1	10	303631	138
Mock_P10_1	10	303631	97
Mock_P10_1	10	303631	141
Mock_P10_1	10	303631	114
Mock_P10_1	10	303631	345
Mock_P10_1	10	303631	39
Mock_P10_1	10	303631	77
Mock_P10_1	10	303631	85
Mock_P10_1	10	303631	93
Mock_P10_1	10	303631	106
Mock_P10_1	10	303631	108
Mock_P10_1	10	303631	201
Mock_P10_1	10	303631	143
Mock_P10_1	10	303631	228
Mock_P10_1	10	303631	204
Mock_P10_1	10	303631	124
Mock_P10_1	10	303631	96
Mock_P10_1	10	303631	126
Mock_P10_1	10	303631	109
Mock_P10_1	10	303631	44
Mock_P10_1	10	303631	248
Mock_P10_1	10	303631	95
Mock_P10_1	10	303631	102
Mock_P10_1	10	303631	98
Mock_P10_1	10	303631	23
Mock_P10_1	10	303631	150
Mock_P10_1	10	303631	127
Mock_P10_1	10	303631	40
Mock_P10_1	10	303631	60
Mock_P10_1	10	303631	88
Mock_P10_1	10	303631	96
Mock_P10_1	10	303631	172
Mock_P10_1	10	303631	106
Mock_P10_1	10	303631	170
Mock_P10_1	10	303631	22
Mock_P10_1	10	303631	79
Mock_P10_1	10	303631	92
Mock_P10_1	10	303631	107
Mock_P10_1	10	303631	136
Mock_P10_1	10	303631	108
Mock_P10_1	10	303631	213
Mock_P10_1	10	303631	97
Mock_P10_1	10	303631	151
Mock_P10_1	10	303631	226
Mock_P10_1	10	303631	98
Mock_P10_1	10	303631	209
Mock_P10_1	10	303631	48
Mock_P10_1	10	303631	80
Mock_P10_1	10	303631	144
Mock_P10_1	10	303631	158
Mock_P10_1	10	303631	231
Mock_P10_1	10	303631	155
Mock_P10_1	10	303631	176
Mock_P10_1	10	303631	105
Mock_P10_1	10	303631	117
Mock_P10_1	10	303631	111
Mock_P10_1	10	303631	188
Mock_P10_1	10	303631	181
Mock_P10_1	10	303631	114
Mock_P10_1	10	303631	154
Mock_P10_1	10	303631	123
Mock_P10_1	10	303631	98
Mock_P10_1	10	303631	93
Mock_P10_1	10	303631	99
Mock_P10_1	10	303631	107
Mock_P10_1	10	303631	140
Mock_P10_1	10	303631	157
Mock_P10_1	10	303631	158
Mock_P10_1	10	303631	208
Mock_P10_1	10	303631	123
Mock_P10_1	10	303631	369
Mock_P10_1	10	303631	169
Mock_P10_1	10	303631	82
Mock_P10_1	10	303631	72
Mock_P10_1	10	303631	95
Mock_P10_1	10	303631	85
Mock_P10_1	10	303631	137
Mock_P10_1	10	303631	212
Mock_P10_1	10	303631	103
Mock_P10_1	10	303631	29
Mock_P10_1	10	303631	100
Mock_P10_1	10	303631	118
Mock_P10_1	10	303631	142
Mock_P10_1	10	303631	81
Mock_P10_1	10	303631	244
Mock_P10_1	10	303631	141
Mock_P10_1	10	303631	87
Mock_P10_1	10	303631	78
Mock_P10_1	10	303631	76
Mock_P10_1	10	303631	122
Mock_P10_1	10	303631	95
Mock_P10_1	10	303631	193
Mock_P10_1	10	303631	142
Mock_P10_1	10	303631	87
Mock_P10_1	10	303631	177
Mock_P10_1	10	303631	204
Mock_P10_1	10	303631	95
Mock_P10_1	10	303631	126
Mock_P10_1	10	303631	129
Mock_P10_1	10	303631	65
Mock_P10_1	10	303631	71
Mock_P10_1	10	303631	123
Mock_P10_1	10	303631	126
Mock_P10_1	10	303631	68
Mock_P10_1	10	303631	60
Mock_P10_1	10	303631	69
Mock_P10_1	10	303631	101
Mock_P10_1	10	303631	144
Mock_P10_1	10	303631	111
Mock_P10_1	10	303631	22
Mock_P10_1	10	303631	131
Mock_P10_1	10	303631	91
Mock_P10_1	10	303631	41
Mock_P10_1	10	303631	54
Mock_P10_1	10	303631	254
Mock_P10_1	10	303631	47
Mock_P10_1	10	303631	150
Mock_P10_1	10	303631	122
Mock_P10_1	10	303631	123
Mock_P10_1	10	303631	96
Mock_P10_1	10	303631	74
Mock_P10_1	10	303631	101
Mock_P10_1	10	303631	187
Mock_P10_1	10	303631	205
Mock_P10_1	10	303631	85
Mock_P10_1	10	303631	123
Mock_P10_1	10	303631	254
Mock_P10_1	10	303631	53
Mock_P10_1	10	303631	79
Mock_P10_1	10	303631	249
Mock_P10_1	10	303631	34
Mock_P10_1	10	303631	65
Mock_P10_1	11	317997	38
Mock_P10_1	11	317997	35
Mock_P10_1	11	317997	126
Mock_P10_1	11	317997	147
Mock_P10_1	11	317997	154
Mock_P10_1	11	317997	90
Mock_P10_1	11	317997	134
Mock_P10_1	11	317997	105
Mock_P10_1	11	317997	148
Mock_P10_1	11	317997	39
Mock_P10_1	11	317997	38
Mock_P10_1	11	317997	124
Mock_P10_1	11	317997	109
Mock_P10_1	11	317997	74
Mock_P10_1	11	317997	339
Mock_P10_1	11	317997	115
Mock_P10_1	11	317997	129
Mock_P10_1	11	317997	183
Mock_P10_1	11	317997	176
Mock_P10_1	11	317997	119
Mock_P10_1	11	317997	99
Mock_P10_1	11	317997	166
Mock_P10_1	11	317997	81
Mock_P10_1	11	317997	89
Mock_P10_1	11	317997	319
Mock_P10_1	11	317997	288
Mock_P10_1	11	317997	122
Mock_P10_1	11	317997	119
Mock_P10_1	11	317997	133
Mock_P10_1	11	317997	115
Mock_P10_1	11	317997	223
Mock_P10_1	11	317997	162
Mock_P10_1	11	317997	131
Mock_P10_1	11	317997	86
Mock_P10_1	11	317997	214
Mock_P10_1	11	317997	210
Mock_P10_1	11	317997	272
Mock_P10_1	11	317997	113
Mock_P10_1	11	317997	137
Mock_P10_1	11	317997	161
Mock_P10_1	11	317997	107
Mock_P10_1	11	317997	166
Mock_P10_1	11	317997	90
Mock_P10_1	11	317997	120
Mock_P10_1	11	317997	116
Mock_P10_1	11	317997	79
Mock_P10_1	11	317997	281
Mock_P10_1	11	317997	117
Mock_P10_1	11	317997	112
Mock_P10_1	11	317997	95
Mock_P10_1	11	317997	96
Mock_P10_1	11	317997	108
Mock_P10_1	11	317997	210
Mock_P10_1	11	317997	141
Mock_P10_1	11	317997	159
Mock_P10_1	11	317997	173
Mock_P10_1	11	317997	99
Mock_P10_1	11	317997	179
Mock_P10_1	11	317997	30
Mock_P10_1	11	317997	121
Mock_P10_1	11	317997	124
Mock_P10_1	11	317997	111
Mock_P10_1	11	317997	101
Mock_P10_1	11	317997	122
Mock_P10_1	11	317997	101
Mock_P10_1	11	317997	201
Mock_P10_1	11	317997	75
Mock_P10_1	11	317997	390
Mock_P10_1	11	317997	141
Mock_P10_1	11	317997	125
Mock_P10_1	11	317997	137
Mock_P10_1	11	317997	114
Mock_P10_1	11	317997	173
Mock_P10_1	11	317997	155
Mock_P10_1	11	317997	135
Mock_P10_1	11	317997	165
Mock_P10_1	11	317997	171
Mock_P10_1	11	317997	169
Mock_P10_1	11	317997	146
Mock_P10_1	11	317997	192
Mock_P10_1	11	317997	149
Mock_P10_1	11	317997	75
Mock_P10_1	11	317997	82
Mock_P10_1	11	317997	136
Mock_P10_1	11	317997	105
Mock_P10_1	11	317997	199
Mock_P10_1	11	317997	242
Mock_P10_1	11	317997	345
Mock_P10_1	11	317997	18
Mock_P10_1	11	317997	181
Mock_P10_1	11	317997	191
Mock_P10_1	11	317997	155
Mock_P10_1	11	317997	260
Mock_P10_1	11	317997	193
Mock_P10_1	11	317997	93
Mock_P10_1	11	317997	253
Mock_P10_1	11	317997	75
Mock_P10_1	11	317997	30
Mock_P10_1	11	317997	140
Mock_P10_1	11	317997	340
Mock_P10_1	11	317997	36
Mock_P10_1	11	317997	15
Mock_P10_1	11	317997	330
Mock_P10_1	11	317997	399
Mock_P10_1	11	317997	101
Mock_P10_1	11	317997	107
Mock_P10_1	11	317997	150
Mock_P10_1	11	317997	86
Mock_P10_1	11	317997	150
Mock_P10_1	11	317997	84
Mock_P10_1	11	317997	250
Mock_P10_1	11	317997	107
Mock_P10_1	11	317997	85
Mock_P10_1	11	317997	53
Mock_P10_1	11	317997	55
Mock_P10_1	11	317997	251
Mock_P10_1	11	317997	14
Mock_P10_1	11	317997	100
Mock_P10_1	11	317997	26
Mock_P10_1	11	317997	193
Mock_P10_1	11	317997	80
Mock_P10_1	11	317997	164
Mock_P10_1	11	317997	135
Mock_P10_1	12	295956	107
Mock_P10_1	12	295956	128
Mock_P10_1	12	295956	95
Mock_P10_1	12	295956	87
Mock_P10_1	12	295956	70
Mock_P10_1	12	295956	354
Mock_P10_1	12	295956	86
Mock_P10_1	12	295956	35
Mock_P10_1	12	295956	122
Mock_P10_1	12	295956	98
Mock_P10_1	12	295956	47
Mock_P10_1	12	295956	82
Mock_P10_1	12	295956	101
Mock_P10_1	12	295956	115
Mock_P10_1	12	295956	29
Mock_P10_1	12	295956	62
Mock_P10_1	12	295956	145
Mock_P10_1	12	295956	90
Mock_P10_1	12	295956	77
Mock_P10_1	12	295956	77
Mock_P10_1	12	295956	109
Mock_P10_1	12	295956	22
Mock_P10_1	12	295956	70
Mock_P10_1	12	295956	84
Mock_P10_1	12	295956	105
Mock_P10_1	12	295956	115
Mock_P10_1	12	295956	35
Mock_P10_1	12	295956	70
Mock_P10_1	12	295956	128
Mock_P10_1	12	295956	119
Mock_P10_1	12	295956	97
Mock_P10_1	12	295956	70
Mock_P10_1	12	295956	107
Mock_P10_1	12	295956	69
Mock_P10_1	12	295956	68
Mock_P10_1	12	295956	90
Mock_P10_1	12	295956	340
Mock_P10_1	12	295956	141
Mock_P10_1	12	295956	126
Mock_P10_1	12	295956	112
Mock_P10_1	12	295956	75
Mock_P10_1	12	295956	129
Mock_P10_1	12	295956	302
Mock_P10_1	12	295956	181
Mock_P10_1	12	295956	70
Mock_P10_1	12	295956	91
Mock_P10_1	12	295956	211
Mock_P10_1	12	295956	114
Mock_P10_1	12	295956	131
Mock_P10_1	12	295956	136
Mock_P10_1	12	295956	13
Mock_P10_1	12	295956	136
Mock_P10_1	12	295956	151
Mock_P10_1	12	295956	84
Mock_P10_1	12	295956	128
Mock_P10_1	12	295956	149
Mock_P10_1	12	295956	297
Mock_P10_1	12	295956	85
Mock_P10_1	12	295956	182
Mock_P10_1	12	295956	133
Mock_P10_1	12	295956	126
Mock_P10_1	12	295956	130
Mock_P10_1	12	295956	153
Mock_P10_1	12	295956	167
Mock_P10_1	12	295956	265
Mock_P10_1	12	295956	87
Mock_P10_1	12	295956	235
Mock_P10_1	12	295956	247
Mock_P10_1	12	295956	104
Mock_P10_1	12	295956	122
Mock_P10_1	12	295956	156
Mock_P10_1	12	295956	159
Mock_P10_1	12	295956	113
Mock_P10_1	12	295956	314
Mock_P10_1	12	295956	199
Mock_P10_1	12	295956	111
Mock_P10_1	12	295956	221
Mock_P10_1	12	295956	174
Mock_P10_1	12	295956	316
Mock_P10_1	12	295956	89
Mock_P10_1	12	295956	150
Mock_P10_1	12	295956	289
Mock_P10_1	12	295956	126
Mock_P10_1	12	295956	157
Mock_P10_1	12	295956	90
Mock_P10_1	12	295956	100
Mock_P10_1	12	295956	162
Mock_P10_1	12	295956	138
Mock_P10_1	12	295956	150
Mock_P10_1	12	295956	254
Mock_P10_1	12	295956	64
Mock_P10_1	12	295956	180
Mock_P10_1	12	295956	106
Mock_P10_1	12	295956	280
Mock_P10_1	12	295956	66
Mock_P10_1	12	295956	127
Mock_P10_1	12	295956	97
Mock_P10_1	12	295956	105
Mock_P10_1	12	295956	94
Mock_P10_1	12	295956	80
Mock_P10_1	12	295956	74
Mock_P10_1	12	295956	69
Mock_P10_1	12	295956	105
Mock_P10_1	12	295956	606
Mock_P10_1	12	295956	133
Mock_P10_1	12	295956	114
Mock_P10_1	12	295956	199
Mock_P10_1	12	295956	152
Mock_P10_1	12	295956	167
Mock_P10_1	12	295956	113
Mock_P10_1	12	295956	103
Mock_P10_1	12	295956	171
Mock_P10_1	12	295956	247
Mock_P10_1	12	295956	107
Mock_P10_1	12	295956	205
Mock_P10_1	12	295956	98
Mock_P10_1	12	295956	72
Mock_P10_1	12	295956	134
Mock_P10_1	12	295956	87
Mock_P10_1	12	295956	75
Mock_P10_1	12	295956	47
Mock_P10_1	12	295956	30
Mock_P10_1	12	295956	79
Mock_P10_1	12	295956	53
Mock_P10_1	12	295956	108
Mock_P10_1	12	295956	11
Mock_P10_1	12	295956	60
Mock_P10_1	12	295956	121
Mock_P10_1	12	295956	93
Mock_P10_1	12	295956	87
Mock_P10_1	12	295956	48
Mock_P10_1	12	295956	109
Mock_P10_1	12	295956	87
Mock_P10_1	12	295956	68
Mock_P10_1	12	295956	145
Mock_P10_1	12	295956	87
Mock_P10_1	12	295956	135
Mock_P10_1	12	295956	103
Mock_P10_1	12	295956	97
Mock_P10_1	12	295956	75
Mock_P10_1	12	295956	84
Mock_P10_1	12	295956	102
Mock_P10_1	12	295956	130
Mock_P10_1	12	295956	105
Mock_P10_1	12	295956	147
Mock_P10_1	12	295956	137
Mock_P10_1	12	295956	137
Mock_P10_1	12	295956	153
Mock_P10_1	12	295956	33
Mock_P10_1	13	233823	115
Mock_P10_1	13	233823	131
Mock_P10_1	13	233823	105
Mock_P10_1	13	233823	167
Mock_P10_1	13	233823	71
Mock_P10_1	13	233823	63
Mock_P10_1	13	233823	240
Mock_P10_1	13	233823	106
Mock_P10_1	13	233823	108
Mock_P10_1	13	233823	56
Mock_P10_1	13	233823	98
Mock_P10_1	13	233823	40
Mock_P10_1	13	233823	43
Mock_P10_1	13	233823	122
Mock_P10_1	13	233823	315
Mock_P10_1	13	233823	90
Mock_P10_1	13	233823	48
Mock_P10_1	13	233823	60
Mock_P10_1	13	233823	112
Mock_P10_1	13	233823	51
Mock_P10_1	13	233823	98
Mock_P10_1	13	233823	64
Mock_P10_1	13	233823	92
Mock_P10_1	13	233823	70
Mock_P10_1	13	233823	108
Mock_P10_1	13	233823	129
Mock_P10_1	13	233823	85
Mock_P10_1	13	233823	122
Mock_P10_1	13	233823	55
Mock_P10_1	13	233823	113
Mock_P10_1	13	233823	176
Mock_P10_1	13	233823	123
Mock_P10_1	13	233823	82
Mock_P10_1	13	233823	32
Mock_P10_1	13	233823	67
Mock_P10_1	13	233823	121
Mock_P10_1	13	233823	47
Mock_P10_1	13	233823	100
Mock_P10_1	13	233823	114
Mock_P10_1	13	233823	58
Mock_P10_1	13	233823	119
Mock_P10_1	13	233823	100
Mock_P10_1	13	233823	87
Mock_P10_1	13	233823	74
Mock_P10_1	13	233823	77
Mock_P10_1	13	233823	89
Mock_P10_1	13	233823	82
Mock_P10_1	13	233823	68
Mock_P10_1	13	233823	119
Mock_P10_1	13	233823	81
Mock_P10_1	13	233823	70
Mock_P10_1	13	233823	103
Mock_P10_1	13	233823	89
Mock_P10_1	13	233823	35
Mock_P10_1	13	233823	185
Mock_P10_1	13	233823	116
Mock_P10_1	13	233823	76
Mock_P10_1	13	233823	185
Mock_P10_1	13	233823	208
Mock_P10_1	13	233823	67
Mock_P10_1	13	233823	294
Mock_P10_1	13	233823	230
Mock_P10_1	13	233823	151
Mock_P10_1	13	233823	135
Mock_P10_1	13	233823	189
Mock_P10_1	13	233823	78
Mock_P10_1	13	233823	90
Mock_P10_1	13	233823	123
Mock_P10_1	13	233823	126
Mock_P10_1	13	233823	195
Mock_P10_1	13	233823	385
Mock_P10_1	13	233823	40
Mock_P10_1	13	233823	144
Mock_P10_1	13	233823	183
Mock_P10_1	13	233823	33
Mock_P10_1	13	233823	95
Mock_P10_1	13	233823	61
Mock_P10_1	13	233823	93
Mock_P10_1	13	233823	91
Mock_P10_1	13	233823	128
Mock_P10_1	13	233823	111
Mock_P10_1	13	233823	243
Mock_P10_1	13	233823	111
Mock_P10_1	13	233823	106
Mock_P10_1	13	233823	102
Mock_P10_1	13	233823	282
Mock_P10_1	13	233823	78
Mock_P10_1	13	233823	96
Mock_P10_1	13	233823	79
Mock_P10_1	13	233823	126
Mock_P10_1	13	233823	86
Mock_P10_1	13	233823	101
Mock_P10_1	13	233823	147
Mock_P10_1	13	233823	101
Mock_P10_1	13	233823	82
Mock_P10_1	13	233823	61
Mock_P10_1	13	233823	131
Mock_P10_1	13	233823	100
Mock_P10_1	13	233823	180
Mock_P10_1	13	233823	140
Mock_P10_1	13	233823	80
Mock_P10_1	13	233823	127
Mock_P10_1	13	233823	73
Mock_P10_1	13	233823	154
Mock_P10_1	13	233823	124
Mock_P10_1	13	233823	13
Mock_P10_1	13	233823	24
Mock_P10_1	13	233823	91
Mock_P10_1	13	233823	122
Mock_P10_1	13	233823	85
Mock_P10_1	13	233823	333
Mock_P10_1	13	233823	51
Mock_P10_1	13	233823	81
Mock_P10_1	13	233823	53
Mock_P10_1	13	233823	123
Mock_P10_1	13	233823	162
Mock_P10_1	14	232532	121
Mock_P10_1	14	232532	144
Mock_P10_1	14	232532	119
Mock_P10_1	14	232532	71
Mock_P10_1	14	232532	127
Mock_P10_1	14	232532	106
Mock_P10_1	14	232532	53
Mock_P10_1	14	232532	96
Mock_P10_1	14	232532	83
Mock_P10_1	14	232532	132
Mock_P10_1	14	232532	99
Mock_P10_1	14	232532	65
Mock_P10_1	14	232532	57
Mock_P10_1	14	232532	32
Mock_P10_1	14	232532	85
Mock_P10_1	14	232532	88
Mock_P10_1	14	232532	87
Mock_P10_1	14	232532	87
Mock_P10_1	14	232532	145
Mock_P10_1	14	232532	125
Mock_P10_1	14	232532	140
Mock_P10_1	14	232532	107
Mock_P10_1	14	232532	92
Mock_P10_1	14	232532	115
Mock_P10_1	14	232532	42
Mock_P10_1	14	232532	255
Mock_P10_1	14	232532	58
Mock_P10_1	14	232532	113
Mock_P10_1	14	232532	58
Mock_P10_1	14	232532	55
Mock_P10_1	14	232532	206
Mock_P10_1	14	232532	106
Mock_P10_1	14	232532	73
Mock_P10_1	14	232532	110
Mock_P10_1	14	232532	60
Mock_P10_1	14	232532	77
Mock_P10_1	14	232532	119
Mock_P10_1	14	232532	86
Mock_P10_1	14	232532	40
Mock_P10_1	14	232532	221
Mock_P10_1	14	232532	96
Mock_P10_1	14	232532	140
Mock_P10_1	14	232532	57
Mock_P10_1	14	232532	336
Mock_P10_1	14	232532	163
Mock_P10_1	14	232532	49
Mock_P10_1	14	232532	68
Mock_P10_1	14	232532	101
Mock_P10_1	14	232532	127
Mock_P10_1	14	232532	93
Mock_P10_1	14	232532	60
Mock_P10_1	14	232532	55
Mock_P10_1	14	232532	197
Mock_P10_1	14	232532	80
Mock_P10_1	14	232532	87
Mock_P10_1	14	232532	95
Mock_P10_1	14	232532	71
Mock_P10_1	14	232532	150
Mock_P10_1	14	232532	52
Mock_P10_1	14	232532	81
Mock_P10_1	14	232532	122
Mock_P10_1	14	232532	118
Mock_P10_1	14	232532	117
Mock_P10_1	14	232532	94
Mock_P10_1	14	232532	73
Mock_P10_1	14	232532	50
Mock_P10_1	14	232532	244
Mock_P10_1	14	232532	85
Mock_P10_1	14	232532	104
Mock_P10_1	14	232532	86
Mock_P10_1	14	232532	141
Mock_P10_1	14	232532	180
Mock_P10_1	14	232532	74
Mock_P10_1	14	232532	61
Mock_P10_1	14	232532	62
Mock_P10_1	14	232532	99
Mock_P10_1	14	232532	121
Mock_P10_1	14	232532	86
Mock_P10_1	14	232532	72
Mock_P10_1	14	232532	133
Mock_P10_1	14	232532	106
Mock_P10_1	14	232532	82
Mock_P10_1	14	232532	142
Mock_P10_1	14	232532	137
Mock_P10_1	14	232532	73
Mock_P10_1	14	232532	124
Mock_P10_1	14	232532	85
Mock_P10_1	14	232532	108
Mock_P10_1	14	232532	72
Mock_P10_1	14	232532	133
Mock_P10_1	14	232532	73
Mock_P10_1	14	232532	119
Mock_P10_1	14	232532	116
Mock_P10_1	14	232532	193
Mock_P10_1	14	232532	78
Mock_P10_1	14	232532	86
Mock_P10_1	14	232532	63
Mock_P10_1	14	232532	119
Mock_P10_1	15	276976	33
Mock_P10_1	15	276976	134
Mock_P10_1	15	276976	67
Mock_P10_1	15	276976	112
Mock_P10_1	15	276976	112
Mock_P10_1	15	276976	66
Mock_P10_1	15	276976	74
Mock_P10_1	15	276976	80
Mock_P10_1	15	276976	80
Mock_P10_1	15	276976	63
Mock_P10_1	15	276976	58
Mock_P10_1	15	276976	63
Mock_P10_1	15	276976	170
Mock_P10_1	15	276976	78
Mock_P10_1	15	276976	34
Mock_P10_1	15	276976	63
Mock_P10_1	15	276976	72
Mock_P10_1	15	276976	175
Mock_P10_1	15	276976	88
Mock_P10_1	15	276976	56
Mock_P10_1	15	276976	64
Mock_P10_1	15	276976	55
Mock_P10_1	15	276976	170
Mock_P10_1	15	276976	83
Mock_P10_1	15	276976	36
Mock_P10_1	15	276976	39
Mock_P10_1	15	276976	96
Mock_P10_1	15	276976	51
Mock_P10_1	15	276976	122
Mock_P10_1	15	276976	95
Mock_P10_1	15	276976	30
Mock_P10_1	15	276976	99
Mock_P10_1	15	276976	57
Mock_P10_1	15	276976	85
Mock_P10_1	15	276976	76
Mock_P10_1	15	276976	45
Mock_P10_1	15	276976	116
Mock_P10_1	15	276976	50
Mock_P10_1	15	276976	89
Mock_P10_1	15	276976	59
Mock_P10_1	15	276976	92
Mock_P10_1	15	276976	65
Mock_P10_1	15	276976	21
Mock_P10_1	15	276976	62
Mock_P10_1	15	276976	90
Mock_P10_1	15	276976	101
Mock_P10_1	15	276976	77
Mock_P10_1	15	276976	51
Mock_P10_1	15	276976	81
Mock_P10_1	15	276976	119
Mock_P10_1	15	276976	55
Mock_P10_1	15	276976	46
Mock_P10_1	15	276976	112
Mock_P10_1	15	276976	62
Mock_P10_1	15	276976	94
Mock_P10_1	15	276976	100
Mock_P10_1	15	276976	73
Mock_P10_1	15	276976	135
Mock_P10_1	15	276976	70
Mock_P10_1	15	276976	131
Mock_P10_1	15	276976	76
Mock_P10_1	15	276976	88
Mock_P10_1	15	276976	111
Mock_P10_1	15	276976	106
Mock_P10_1	15	276976	75
Mock_P10_1	15	276976	14
Mock_P10_1	15	276976	87
Mock_P10_1	15	276976	42
Mock_P10_1	15	276976	106
Mock_P10_1	15	276976	53
Mock_P10_1	15	276976	88
Mock_P10_1	15	276976	117
Mock_P10_1	15	276976	76
Mock_P10_1	15	276976	40
Mock_P10_1	15	276976	70
Mock_P10_1	15	276976	96
Mock_P10_1	15	276976	38
Mock_P10_1	15	276976	82
Mock_P10_1	15	276976	43
Mock_P10_1	15	276976	116
Mock_P10_1	15	276976	106
Mock_P10_1	15	276976	73
Mock_P10_1	15	276976	56
Mock_P10_1	15	276976	223
Mock_P10_1	15	276976	48
Mock_P10_1	15	276976	71
Mock_P10_1	15	276976	62
Mock_P10_1	15	276976	41
Mock_P10_1	15	276976	139
Mock_P10_1	15	276976	70
Mock_P10_1	15	276976	96
Mock_P10_1	15	276976	82
Mock_P10_1	15	276976	67
Mock_P10_1	15	276976	35
Mock_P10_1	15	276976	70
Mock_P10_1	15	276976	79
Mock_P10_1	15	276976	101
Mock_P10_1	15	276976	52
Mock_P10_1	15	276976	83
Mock_P10_1	15	276976	82
Mock_P10_1	15	276976	118
Mock_P10_1	15	276976	91
Mock_P10_1	15	276976	54
Mock_P10_1	15	276976	82
Mock_P10_1	15	276976	74
Mock_P10_1	15	276976	79
Mock_P10_1	15	276976	30
Mock_P10_1	15	276976	66
Mock_P10_1	15	276976	56
Mock_P10_1	15	276976	96
Mock_P10_1	15	276976	156
Mock_P10_1	15	276976	33
Mock_P10_1	15	276976	57
Mock_P10_1	15	276976	69
Mock_P10_1	15	276976	103
Mock_P10_1	15	276976	63
Mock_P10_1	15	276976	135
Mock_P10_1	15	276976	62
Mock_P10_1	15	276976	79
Mock_P10_1	15	276976	161
Mock_P10_1	15	276976	64
Mock_P10_1	15	276976	53
Mock_P10_1	15	276976	109
Mock_P10_1	15	276976	74
Mock_P10_1	15	276976	63
Mock_P10_1	15	276976	37
Mock_P10_1	15	276976	51
Mock_P10_1	15	276976	85
Mock_P10_1	15	276976	65
Mock_P10_1	15	276976	53
Mock_P10_1	15	276976	112
Mock_P10_1	15	276976	96
Mock_P10_1	15	276976	60
Mock_P10_1	15	276976	52
Mock_P10_1	15	276976	74
Mock_P10_1	15	276976	91
Mock_P10_1	15	276976	239
Mock_P10_1	15	276976	67
Mock_P10_1	15	276976	211
Mock_P10_1	15	276976	71
Mock_P10_1	15	276976	78
Mock_P10_1	15	276976	87
Mock_P10_1	15	276976	97
Mock_P10_1	15	276976	149
Mock_P10_1	15	276976	93
Mock_P10_1	15	276976	24
Mock_P10_1	15	276976	87
Mock_P10_1	15	276976	82
Mock_P10_1	15	276976	150
Mock_P10_1	15	276976	159
Mock_P10_1	15	276976	184
Mock_P10_1	15	276976	137
Mock_P10_1	15	276976	88
Mock_P10_1	15	276976	136
Mock_P10_1	15	276976	85
Mock_P10_1	15	276976	106
Mock_P10_1	15	276976	131
Mock_P10_1	15	276976	47
Mock_P10_1	15	276976	22
Mock_P10_1	15	276976	34
Mock_P10_1	15	276976	80
Mock_P10_1	15	276976	99
Mock_P10_1	15	276976	103
Mock_P10_1	15	276976	200
Mock_P10_1	15	276976	59
Mock_P10_1	15	276976	75
Mock_P10_1	15	276976	130
Mock_P10_1	15	276976	71
Mock_P10_1	15	276976	101
Mock_P10_1	15	276976	115
Mock_P10_1	15	276976	73
Mock_P10_1	16	256893	28
Mock_P10_1	16	256893	162
Mock_P10_1	16	256893	101
Mock_P10_1	16	256893	200
Mock_P10_1	16	256893	111
Mock_P10_1	16	256893	120
Mock_P10_1	16	256893	79
Mock_P10_1	16	256893	28
Mock_P10_1	16	256893	312
Mock_P10_1	16	256893	103
Mock_P10_1	16	256893	116
Mock_P10_1	16	256893	182
Mock_P10_1	16	256893	148
Mock_P10_1	16	256893	428
Mock_P10_1	16	256893	54
Mock_P10_1	16	256893	76
Mock_P10_1	16	256893	85
Mock_P10_1	16	256893	155
Mock_P10_1	16	256893	96
Mock_P10_1	16	256893	113
Mock_P10_1	16	256893	107
Mock_P10_1	16	256893	110
Mock_P10_1	16	256893	127
Mock_P10_1	16	256893	124
Mock_P10_1	16	256893	143
Mock_P10_1	16	256893	90
Mock_P10_1	16	256893	52
Mock_P10_1	16	256893	286
Mock_P10_1	16	256893	69
Mock_P10_1	16	256893	105
Mock_P10_1	16	256893	120
Mock_P10_1	16	256893	86
Mock_P10_1	16	256893	48
Mock_P10_1	16	256893	87
Mock_P10_1	16	256893	12
Mock_P10_1	16	256893	14
Mock_P10_1	16	256893	23
Mock_P10_1	16	256893	18
Mock_P10_1	16	256893	81
Mock_P10_1	16	256893	89
Mock_P10_1	16	256893	83
Mock_P10_1	16	256893	100
Mock_P10_1	16	256893	126
Mock_P10_1	16	256893	231
Mock_P10_1	16	256893	86
Mock_P10_1	16	256893	102
Mock_P10_1	16	256893	104
Mock_P10_1	16	256893	55
Mock_P10_1	16	256893	96
Mock_P10_1	16	256893	145
Mock_P10_1	16	256893	117
Mock_P10_1	16	256893	80
Mock_P10_1	16	256893	119
Mock_P10_1	16	256893	423
Mock_P10_1	16	256893	92
Mock_P10_1	16	256893	74
Mock_P10_1	16	256893	105
Mock_P10_1	16	256893	99
Mock_P10_1	16	256893	70
Mock_P10_1	16	256893	166
Mock_P10_1	16	256893	53
Mock_P10_1	16	256893	89
Mock_P10_1	16	256893	101
Mock_P10_1	16	256893	145
Mock_P10_1	16	256893	111
Mock_P10_1	16	256893	139
Mock_P10_1	16	256893	122
Mock_P10_1	16	256893	71
Mock_P10_1	16	256893	114
Mock_P10_1	16	256893	61
Mock_P10_1	16	256893	54
Mock_P10_1	16	256893	122
Mock_P10_1	16	256893	113
Mock_P10_1	16	256893	118
Mock_P10_1	16	256893	25
Mock_P10_1	16	256893	34
Mock_P10_1	16	256893	138
Mock_P10_1	16	256893	57
Mock_P10_1	16	256893	34
Mock_P10_1	16	256893	155
Mock_P10_1	16	256893	45
Mock_P10_1	16	256893	42
Mock_P10_1	16	256893	160
Mock_P10_1	16	256893	153
Mock_P10_1	16	256893	69
Mock_P10_1	16	256893	90
Mock_P10_1	16	256893	38
Mock_P10_1	16	256893	35
Mock_P10_1	16	256893	190
Mock_P10_1	16	256893	38
Mock_P10_1	16	256893	93
Mock_P10_1	16	256893	270
Mock_P10_1	16	256893	130
Mock_P10_1	16	256893	91
Mock_P10_1	16	256893	115
Mock_P10_1	16	256893	129
Mock_P10_1	16	256893	47
Mock_P10_1	16	256893	260
Mock_P10_1	16	256893	122
Mock_P10_1	16	256893	74
Mock_P10_1	16	256893	99
Mock_P10_1	16	256893	106
Mock_P10_1	16	256893	101
Mock_P10_1	16	256893	225
Mock_P10_1	16	256893	177
Mock_P10_1	16	256893	98
Mock_P10_1	16	256893	66
Mock_P10_1	16	256893	91
Mock_P10_1	16	256893	176
Mock_P10_1	16	256893	104
Mock_P10_1	16	256893	144
Mock_P10_1	16	256893	134
Mock_P10_1	16	256893	70
Mock_P10_1	16	256893	115
Mock_P10_1	16	256893	80
Mock_P10_1	16	256893	153
Mock_P10_1	16	256893	67
Mock_P10_1	16	256893	122
Mock_P10_1	17	276388	45
Mock_P10_1	17	276388	42
Mock_P10_1	17	276388	47
Mock_P10_1	17	276388	43
Mock_P10_1	17	276388	81
Mock_P10_1	17	276388	66
Mock_P10_1	17	276388	84
Mock_P10_1	17	276388	44
Mock_P10_1	17	276388	43
Mock_P10_1	17	276388	133
Mock_P10_1	17	276388	57
Mock_P10_1	17	276388	82
Mock_P10_1	17	276388	80
Mock_P10_1	17	276388	91
Mock_P10_1	17	276388	36
Mock_P10_1	17	276388	46
Mock_P10_1	17	276388	50
Mock_P10_1	17	276388	23
Mock_P10_1	17	276388	39
Mock_P10_1	17	276388	81
Mock_P10_1	17	276388	81
Mock_P10_1	17	276388	75
Mock_P10_1	17	276388	105
Mock_P10_1	17	276388	47
Mock_P10_1	17	276388	66
Mock_P10_1	17	276388	68
Mock_P10_1	17	276388	47
Mock_P10_1	17	276388	81
Mock_P10_1	17	276388	71
Mock_P10_1	17	276388	53
Mock_P10_1	17	276388	111
Mock_P10_1	17	276388	76
Mock_P10_1	17	276388	64
Mock_P10_1	17	276388	115
Mock_P10_1	17	276388	56
Mock_P10_1	17	276388	10
Mock_P10_1	17	276388	79
Mock_P10_1	17	276388	77
Mock_P10_1	17	276388	96
Mock_P10_1	17	276388	63
Mock_P10_1	17	276388	113
Mock_P10_1	17	276388	135
Mock_P10_1	17	276388	108
Mock_P10_1	17	276388	62
Mock_P10_1	17	276388	83
Mock_P10_1	17	276388	61
Mock_P10_1	17	276388	61
Mock_P10_1	17	276388	197
Mock_P10_1	17	276388	95
Mock_P10_1	17	276388	62
Mock_P10_1	17	276388	57
Mock_P10_1	17	276388	54
Mock_P10_1	17	276388	91
Mock_P10_1	17	276388	86
Mock_P10_1	17	276388	76
Mock_P10_1	17	276388	44
Mock_P10_1	17	276388	56
Mock_P10_1	17	276388	43
Mock_P10_1	17	276388	93
Mock_P10_1	17	276388	130
Mock_P10_1	17	276388	95
Mock_P10_1	17	276388	223
Mock_P10_1	17	276388	69
Mock_P10_1	17	276388	29
Mock_P10_1	17	276388	102
Mock_P10_1	17	276388	74
Mock_P10_1	17	276388	48
Mock_P10_1	17	276388	112
Mock_P10_1	17	276388	162
Mock_P10_1	17	276388	101
Mock_P10_1	17	276388	93
Mock_P10_1	17	276388	109
Mock_P10_1	17	276388	59
Mock_P10_1	17	276388	176
Mock_P10_1	17	276388	116
Mock_P10_1	17	276388	102
Mock_P10_1	17	276388	57
Mock_P10_1	17	276388	82
Mock_P10_1	17	276388	14
Mock_P10_1	17	276388	113
Mock_P10_1	17	276388	59
Mock_P10_1	17	276388	98
Mock_P10_1	17	276388	109
Mock_P10_1	17	276388	36
Mock_P10_1	17	276388	96
Mock_P10_1	17	276388	192
Mock_P10_1	17	276388	60
Mock_P10_1	17	276388	82
Mock_P10_1	17	276388	122
Mock_P10_1	17	276388	81
Mock_P10_1	17	276388	134
Mock_P10_1	17	276388	97
Mock_P10_1	17	276388	140
Mock_P10_1	17	276388	62
Mock_P10_1	17	276388	124
Mock_P10_1	17	276388	176
Mock_P10_1	17	276388	296
Mock_P10_1	17	276388	141
Mock_P10_1	17	276388	189
Mock_P10_1	17	276388	83
Mock_P10_1	17	276388	73
Mock_P10_1	17	276388	98
Mock_P10_1	17	276388	138
Mock_P10_1	17	276388	122
Mock_P10_1	17	276388	147
Mock_P10_1	17	276388	99
Mock_P10_1	17	276388	106
Mock_P10_1	17	276388	12
Mock_P10_1	17	276388	160
Mock_P10_1	17	276388	257
Mock_P10_1	17	276388	84
Mock_P10_1	17	276388	101
Mock_P10_1	17	276388	51
Mock_P10_1	17	276388	200
Mock_P10_1	17	276388	146
Mock_P10_1	17	276388	194
Mock_P10_1	17	276388	74
Mock_P10_1	17	276388	69
Mock_P10_1	17	276388	134
Mock_P10_1	17	276388	82
Mock_P10_1	17	276388	78
Mock_P10_1	17	276388	193
Mock_P10_1	17	276388	104
Mock_P10_1	17	276388	106
Mock_P10_1	17	276388	86
Mock_P10_1	17	276388	30
Mock_P10_1	17	276388	105
Mock_P10_1	17	276388	99
Mock_P10_1	17	276388	77
Mock_P10_1	17	276388	93
Mock_P10_1	17	276388	71
Mock_P10_1	17	276388	95
Mock_P10_1	17	276388	79
Mock_P10_1	17	276388	63
Mock_P10_1	17	276388	45
Mock_P10_1	17	276388	67
Mock_P10_1	17	276388	88
Mock_P10_1	17	276388	58
Mock_P10_1	17	276388	100
Mock_P10_1	17	276388	81
Mock_P10_1	17	276388	55
Mock_P10_1	17	276388	86
Mock_P10_1	17	276388	47
Mock_P10_1	17	276388	81
Mock_P10_1	17	276388	128
Mock_P10_1	17	276388	100
Mock_P10_1	17	276388	133
Mock_P10_1	17	276388	71
Mock_P10_1	17	276388	63
Mock_P10_1	18	266353	187
Mock_P10_1	18	266353	69
Mock_P10_1	18	266353	54
Mock_P10_1	18	266353	68
Mock_P10_1	18	266353	154
Mock_P10_1	18	266353	31
Mock_P10_1	18	266353	72
Mock_P10_1	18	266353	115
Mock_P10_1	18	266353	71
Mock_P10_1	18	266353	40
Mock_P10_1	18	266353	82
Mock_P10_1	18	266353	80
Mock_P10_1	18	266353	39
Mock_P10_1	18	266353	100
Mock_P10_1	18	266353	31
Mock_P10_1	18	266353	67
Mock_P10_1	18	266353	95
Mock_P10_1	18	266353	83
Mock_P10_1	18	266353	23
Mock_P10_1	18	266353	62
Mock_P10_1	18	266353	50
Mock_P10_1	18	266353	60
Mock_P10_1	18	266353	120
Mock_P10_1	18	266353	18
Mock_P10_1	18	266353	106
Mock_P10_1	18	266353	65
Mock_P10_1	18	266353	82
Mock_P10_1	18	266353	101
Mock_P10_1	18	266353	75
Mock_P10_1	18	266353	160
Mock_P10_1	18	266353	65
Mock_P10_1	18	266353	92
Mock_P10_1	18	266353	186
Mock_P10_1	18	266353	98
Mock_P10_1	18	266353	105
Mock_P10_1	18	266353	35
Mock_P10_1	18	266353	77
Mock_P10_1	18	266353	73
Mock_P10_1	18	266353	54
Mock_P10_1	18	266353	182
Mock_P10_1	18	266353	169
Mock_P10_1	18	266353	68
Mock_P10_1	18	266353	37
Mock_P10_1	18	266353	112
Mock_P10_1	18	266353	21
Mock_P10_1	18	266353	98
Mock_P10_1	18	266353	241
Mock_P10_1	18	266353	82
Mock_P10_1	18	266353	35
Mock_P10_1	18	266353	30
Mock_P10_1	18	266353	24
Mock_P10_1	18	266353	46
Mock_P10_1	18	266353	54
Mock_P10_1	18	266353	44
Mock_P10_1	18	266353	110
Mock_P10_1	18	266353	218
Mock_P10_1	18	266353	88
Mock_P10_1	18	266353	143
Mock_P10_1	18	266353	14
Mock_P10_1	18	266353	52
Mock_P10_1	18	266353	125
Mock_P10_1	18	266353	124
Mock_P10_1	18	266353	308
Mock_P10_1	18	266353	51
Mock_P10_1	18	266353	103
Mock_P10_1	18	266353	81
Mock_P10_1	18	266353	106
Mock_P10_1	18	266353	156
Mock_P10_1	18	266353	66
Mock_P10_1	18	266353	128
Mock_P10_1	18	266353	270
Mock_P10_1	18	266353	106
Mock_P10_1	18	266353	183
Mock_P10_1	18	266353	123
Mock_P10_1	18	266353	130
Mock_P10_1	18	266353	65
Mock_P10_1	18	266353	118
Mock_P10_1	18	266353	42
Mock_P10_1	18	266353	82
Mock_P10_1	18	266353	139
Mock_P10_1	18	266353	92
Mock_P10_1	18	266353	150
Mock_P10_1	18	266353	149
Mock_P10_1	18	266353	83
Mock_P10_1	18	266353	67
Mock_P10_1	18	266353	63
Mock_P10_1	18	266353	59
Mock_P10_1	18	266353	174
Mock_P10_1	18	266353	84
Mock_P10_1	18	266353	231
Mock_P10_1	18	266353	83
Mock_P10_1	18	266353	161
Mock_P10_1	18	266353	94
Mock_P10_1	18	266353	105
Mock_P10_1	18	266353	123
Mock_P10_1	18	266353	76
Mock_P10_1	18	266353	94
Mock_P10_1	18	266353	66
Mock_P10_1	18	266353	130
Mock_P10_1	18	266353	86
Mock_P10_1	18	266353	92
Mock_P10_1	18	266353	236
Mock_P10_1	18	266353	123
Mock_P10_1	18	266353	81
Mock_P10_1	18	266353	148
Mock_P10_1	18	266353	91
Mock_P10_1	18	266353	52
Mock_P10_1	18	266353	154
Mock_P10_1	18	266353	114
Mock_P10_1	18	266353	12
Mock_P10_1	18	266353	131
Mock_P10_1	18	266353	107
Mock_P10_1	18	266353	96
Mock_P10_1	18	266353	77
Mock_P10_1	18	266353	102
Mock_P10_1	18	266353	213
Mock_P10_1	18	266353	91
Mock_P10_1	18	266353	148
Mock_P10_1	18	266353	125
Mock_P10_1	18	266353	130
Mock_P10_1	18	266353	71
Mock_P10_1	18	266353	63
Mock_P10_1	18	266353	91
Mock_P10_1	18	266353	79
Mock_P10_1	18	266353	49
Mock_P10_1	18	266353	144
Mock_P10_1	18	266353	87
Mock_P10_1	18	266353	179
Mock_P10_1	18	266353	224
Mock_P10_1	18	266353	52
Mock_P10_1	18	266353	111
Mock_P10_1	18	266353	342
Mock_P10_1	18	266353	146
Mock_P10_1	18	266353	316
Mock_P10_1	18	266353	458
Mock_P10_1	18	266353	109
Mock_P10_1	18	266353	112
Mock_P10_1	18	266353	116
Mock_P10_1	18	266353	130
Mock_P10_1	18	266353	87
Mock_P10_1	18	266353	136
Mock_P10_1	18	266353	56
Mock_P10_1	18	266353	112
Mock_P10_1	18	266353	70
Mock_P10_1	18	266353	77
Mock_P10_1	18	266353	67
Mock_P10_1	18	266353	129
Mock_P10_1	18	266353	27
Mock_P10_1	18	266353	128
Mock_P10_1	18	266353	97
Mock_P10_1	18	266353	83
Mock_P10_1	18	266353	147
Mock_P10_1	18	266353	125
Mock_P10_1	18	266353	49
Mock_P10_1	18	266353	122
Mock_P10_1	18	266353	32
Mock_P10_1	18	266353	31
Mock_P10_1	18	266353	83
Mock_P10_1	18	266353	116
Mock_P10_1	18	266353	76
Mock_P10_1	18	266353	281
Mock_P10_1	18	266353	22
Mock_P10_1	19	307130	49
Mock_P10_1	19	307130	102
Mock_P10_1	19	307130	110
Mock_P10_1	19	307130	106
Mock_P10_1	19	307130	96
Mock_P10_1	19	307130	133
Mock_P10_1	19	307130	40
Mock_P10_1	19	307130	114
Mock_P10_1	19	307130	62
Mock_P10_1	19	307130	130
Mock_P10_1	19	307130	88
Mock_P10_1	19	307130	93
Mock_P10_1	19	307130	120
Mock_P10_1	19	307130	30
Mock_P10_1	19	307130	15
Mock_P10_1	19	307130	75
Mock_P10_1	19	307130	103
Mock_P10_1	19	307130	270
Mock_P10_1	19	307130	121
Mock_P10_1	19	307130	138
Mock_P10_1	19	307130	120
Mock_P10_1	19	307130	97
Mock_P10_1	19	307130	123
Mock_P10_1	19	307130	88
Mock_P10_1	19	307130	151
Mock_P10_1	19	307130	100
Mock_P10_1	19	307130	159
Mock_P10_1	19	307130	173
Mock_P10_1	19	307130	147
Mock_P10_1	19	307130	143
Mock_P10_1	19	307130	124
Mock_P10_1	19	307130	114
Mock_P10_1	19	307130	298
Mock_P10_1	19	307130	112
Mock_P10_1	19	307130	139
Mock_P10_1	19	307130	153
Mock_P10_1	19	307130	150
Mock_P10_1	19	307130	219
Mock_P10_1	19	307130	107
Mock_P10_1	19	307130	118
Mock_P10_1	19	307130	360
Mock_P10_1	19	307130	149
Mock_P10_1	19	307130	318
Mock_P10_1	19	307130	128
Mock_P10_1	19	307130	150
Mock_P10_1	19	307130	120
Mock_P10_1	19	307130	144
Mock_P10_1	19	307130	87
Mock_P10_1	19	307130	129
Mock_P10_1	19	307130	100
Mock_P10_1	19	307130	176
Mock_P10_1	19	307130	125
Mock_P10_1	19	307130	157
Mock_P10_1	19	307130	17
Mock_P10_1	19	307130	85
Mock_P10_1	19	307130	91
Mock_P10_1	19	307130	118
Mock_P10_1	19	307130	181
Mock_P10_1	19	307130	91
Mock_P10_1	19	307130	81
Mock_P10_1	19	307130	105
Mock_P10_1	19	307130	116
Mock_P10_1	19	307130	204
Mock_P10_1	19	307130	81
Mock_P10_1	19	307130	150
Mock_P10_1	19	307130	106
Mock_P10_1	19	307130	56
Mock_P10_1	19	307130	99
Mock_P10_1	19	307130	50
Mock_P10_1	19	307130	89
Mock_P10_1	19	307130	174
Mock_P10_1	19	307130	95
Mock_P10_1	19	307130	72
Mock_P10_1	19	307130	86
Mock_P10_1	19	307130	96
Mock_P10_1	19	307130	131
Mock_P10_1	19	307130	91
Mock_P10_1	19	307130	88
Mock_P10_1	19	307130	99
Mock_P10_1	19	307130	129
Mock_P10_1	19	307130	81
Mock_P10_1	19	307130	151
Mock_P10_1	19	307130	165
Mock_P10_1	19	307130	115
Mock_P10_1	19	307130	192
Mock_P10_1	19	307130	71
Mock_P10_1	19	307130	83
Mock_P10_1	19	307130	69
Mock_P10_1	19	307130	200
Mock_P10_1	19	307130	238
Mock_P10_1	19	307130	111
Mock_P10_1	19	307130	149
Mock_P10_1	19	307130	120
Mock_P10_1	19	307130	41
Mock_P10_1	19	307130	90
Mock_P10_1	19	307130	200
Mock_P10_1	19	307130	101
Mock_P10_1	19	307130	268
Mock_P10_1	19	307130	245
Mock_P10_1	19	307130	16
Mock_P10_1	19	307130	37
Mock_P10_1	19	307130	16
Mock_P10_1	19	307130	146
Mock_P10_1	19	307130	231
Mock_P10_1	19	307130	79
Mock_P10_1	20	248994	97
Mock_P10_1	20	248994	60
Mock_P10_1	20	248994	41
Mock_P10_1	20	248994	96
Mock_P10_1	20	248994	246
Mock_P10_1	20	248994	158
Mock_P10_1	20	248994	52
Mock_P10_1	20	248994	118
Mock_P10_1	20	248994	94
Mock_P10_1	20	248994	73
Mock_P10_1	20	248994	126
Mock_P10_1	20	248994	193
Mock_P10_1	20	248994	112
Mock_P10_1	20	248994	107
Mock_P10_1	20	248994	331
Mock_P10_1	20	248994	138
Mock_P10_1	20	248994	117
Mock_P10_1	20	248994	180
Mock_P10_1	20	248994	104
Mock_P10_1	20	248994	47
Mock_P10_1	20	248994	191
Mock_P10_1	20	248994	115
Mock_P10_1	20	248994	39
Mock_P10_1	20	248994	51
Mock_P10_1	20	248994	171
Mock_P10_1	20	248994	297
Mock_P10_1	20	248994	119
Mock_P10_1	20	248994	242
Mock_P10_1	20	248994	47
Mock_P10_1	20	248994	102
Mock_P10_1	20	248994	149
Mock_P10_1	20	248994	285
Mock_P10_1	20	248994	132
Mock_P10_1	20	248994	121
Mock_P10_1	20	248994	130
Mock_P10_1	20	248994	117
Mock_P10_1	20	248994	47
Mock_P10_1	20	248994	73
Mock_P10_1	20	248994	194
Mock_P10_1	20	248994	136
Mock_P10_1	20	248994	205
Mock_P10_1	20	248994	106
Mock_P10_1	20	248994	138
Mock_P10_1	20	248994	199
Mock_P10_1	20	248994	121
Mock_P10_1	20	248994	85
Mock_P10_1	20	248994	150
Mock_P10_1	20	248994	620
Mock_P10_1	20	248994	163
Mock_P10_1	20	248994	96
Mock_P10_1	20	248994	169
Mock_P10_1	20	248994	165
Mock_P10_1	20	248994	106
Mock_P10_1	20	248994	122
Mock_P10_1	20	248994	70
Mock_P10_1	20	248994	120
Mock_P10_1	20	248994	152
Mock_P10_1	20	248994	390
Mock_P10_1	20	248994	165
Mock_P10_1	20	248994	121
Mock_P10_1	20	248994	252
Mock_P10_1	20	248994	543
Mock_P10_1	20	248994	85
Mock_P10_1	20	248994	139
Mock_P10_1	20	248994	303
Mock_P10_1	20	248994	171
Mock_P10_1	20	248994	153
Mock_P10_1	20	248994	134
Mock_P10_1	20	248994	191
Mock_P10_1	20	248994	180
Mock_P10_1	20	248994	142
Mock_P10_1	20	248994	228
Mock_P10_1	20	248994	92
Mock_P10_1	20	248994	112
Mock_P10_1	20	248994	146
Mock_P10_1	20	248994	230
Mock_P10_1	20	248994	173
Mock_P10_1	20	248994	102
Mock_P10_1	20	248994	277
Mock_P10_1	20	248994	185
Mock_P10_1	20	248994	107
Mock_P10_1	20	248994	240
Mock_P10_1	20	248994	103
Mock_P10_1	20	248994	136
Mock_P10_1	20	248994	113
Mock_P10_1	20	248994	146
Mock_P10_1	20	248994	109
Mock_P10_1	20	248994	61
Mock_P10_1	20	248994	230
Mock_P10_1	20	248994	105
Mock_P10_1	20	248994	209
Mock_P10_1	20	248994	118
Mock_P10_1	20	248994	536
Mock_P10_1	20	248994	108
Mock_P10_1	20	248994	180
Mock_P10_1	20	248994	101
Mock_P10_1	20	248994	179
Mock_P10_1	20	248994	147
Mock_P10_1	21	330294	107
Mock_P10_1	21	330294	24
Mock_P10_1	21	330294	93
Mock_P10_1	21	330294	126
Mock_P10_1	21	330294	92
Mock_P10_1	21	330294	140
Mock_P10_1	21	330294	144
Mock_P10_1	21	330294	94
Mock_P10_1	21	330294	159
Mock_P10_1	21	330294	107
Mock_P10_1	21	330294	199
Mock_P10_1	21	330294	138
Mock_P10_1	21	330294	78
Mock_P10_1	21	330294	117
Mock_P10_1	21	330294	138
Mock_P10_1	21	330294	56
Mock_P10_1	21	330294	179
Mock_P10_1	21	330294	84
Mock_P10_1	21	330294	129
Mock_P10_1	21	330294	116
Mock_P10_1	21	330294	47
Mock_P10_1	21	330294	85
Mock_P10_1	21	330294	136
Mock_P10_1	21	330294	87
Mock_P10_1	21	330294	81
Mock_P10_1	21	330294	116
Mock_P10_1	21	330294	148
Mock_P10_1	21	330294	79
Mock_P10_1	21	330294	106
Mock_P10_1	21	330294	78
Mock_P10_1	21	330294	186
Mock_P10_1	21	330294	102
Mock_P10_1	21	330294	173
Mock_P10_1	21	330294	152
Mock_P10_1	21	330294	210
Mock_P10_1	21	330294	195
Mock_P10_1	21	330294	106
Mock_P10_1	21	330294	158
Mock_P10_1	21	330294	180
Mock_P10_1	21	330294	154
Mock_P10_1	21	330294	278
Mock_P10_1	21	330294	92
Mock_P10_1	21	330294	184
Mock_P10_1	21	330294	129
Mock_P10_1	21	330294	128
Mock_P10_1	21	330294	110
Mock_P10_1	21	330294	91
Mock_P10_1	21	330294	460
Mock_P10_1	21	330294	127
Mock_P10_1	21	330294	117
Mock_P10_1	21	330294	104
Mock_P10_1	21	330294	128
Mock_P10_1	21	330294	189
Mock_P10_1	21	330294	115
Mock_P10_1	21	330294	40
Mock_P10_1	21	330294	207
Mock_P10_1	21	330294	358
Mock_P10_1	21	330294	257
Mock_P10_1	21	330294	188
Mock_P10_1	21	330294	92
Mock_P10_1	21	330294	94
Mock_P10_1	21	330294	107
Mock_P10_1	21	330294	132
Mock_P10_1	21	330294	62
Mock_P10_1	21	330294	491
Mock_P10_1	21	330294	59
Mock_P10_1	21	330294	274
Mock_P10_1	21	330294	84
Mock_P10_1	21	330294	131
Mock_P10_1	21	330294	19
Mock_P10_1	21	330294	217
Mock_P10_1	21	330294	156
Mock_P10_1	21	330294	33
Mock_P10_1	21	330294	115
Mock_P10_1	21	330294	180
Mock_P10_1	21	330294	64
Mock_P10_1	21	330294	138
Mock_P10_1	21	330294	191
Mock_P10_1	21	330294	155
Mock_P10_1	21	330294	143
Mock_P10_1	21	330294	30
Mock_P10_1	21	330294	122
Mock_P10_1	21	330294	259
Mock_P10_1	21	330294	125
Mock_P10_1	21	330294	101
Mock_P10_1	21	330294	160
Mock_P10_1	21	330294	269
Mock_P10_1	21	330294	82
Mock_P10_1	21	330294	167
Mock_P10_1	21	330294	88
Mock_P10_1	21	330294	125
Mock_P10_1	21	330294	66
Mock_P10_1	21	330294	124
Mock_P10_1	21	330294	95
Mock_P10_1	21	330294	200
Mock_P10_1	21	330294	128
Mock_P10_1	21	330294	175
Mock_P10_1	21	330294	53
Mock_P10_1	21	330294	178
Mock_P10_1	21	330294	96
Mock_P10_1	21	330294	126
Mock_P10_1	21	330294	167
Mock_P10_1	21	330294	23
Mock_P10_1	21	330294	304
Mock_P10_1	21	330294	317
Mock_P10_1	21	330294	213
Mock_P10_1	21	330294	98
Mock_P10_1	21	330294	119
Mock_P10_1	21	330294	84
Mock_P10_1	21	330294	45
Mock_P10_1	21	330294	123
Mock_P10_1	21	330294	208
Mock_P10_1	21	330294	234
Mock_P10_1	21	330294	129
Mock_P10_1	21	330294	16
Mock_P10_1	21	330294	61
Mock_P10_1	21	330294	87
Mock_P10_1	21	330294	77
Mock_P10_1	21	330294	87
Mock_P10_1	21	330294	74
Mock_P10_1	21	330294	12
Mock_P10_1	21	330294	78
Mock_P10_1	21	330294	221
Mock_P10_1	21	330294	155
Mock_P10_1	21	330294	110
Mock_P10_1	21	330294	161
Mock_P10_1	21	330294	123
Mock_P10_1	21	330294	106
Mock_P10_1	21	330294	167
Mock_P10_1	21	330294	144
Mock_P10_1	21	330294	123
Mock_P10_1	21	330294	182
Mock_P10_1	21	330294	49
Mock_P10_1	21	330294	97
Mock_P10_1	21	330294	104
Mock_P10_1	21	330294	89
Mock_P10_1	21	330294	57
Mock_P10_1	21	330294	202
Mock_P10_1	21	330294	250
Mock_P10_1	22	263214	13
Mock_P10_1	22	263214	70
Mock_P10_1	22	263214	115
Mock_P10_1	22	263214	140
Mock_P10_1	22	263214	92
Mock_P10_1	22	263214	172
Mock_P10_1	22	263214	76
Mock_P10_1	22	263214	140
Mock_P10_1	22	263214	305
Mock_P10_1	22	263214	121
Mock_P10_1	22	263214	162
Mock_P10_1	22	263214	175
Mock_P10_1	22	263214	142
Mock_P10_1	22	263214	465
Mock_P10_1	22	263214	146
Mock_P10_1	22	263214	120
Mock_P10_1	22	263214	121
Mock_P10_1	22	263214	116
Mock_P10_1	22	263214	297
Mock_P10_1	22	263214	157
Mock_P10_1	22	263214	88
Mock_P10_1	22	263214	105
Mock_P10_1	22	263214	256
Mock_P10_1	22	263214	93
Mock_P10_1	22	263214	265
Mock_P10_1	22	263214	119
Mock_P10_1	22	263214	115
Mock_P10_1	22	263214	229
Mock_P10_1	22	263214	142
Mock_P10_1	22	263214	163
Mock_P10_1	22	263214	145
Mock_P10_1	22	263214	142
Mock_P10_1	22	263214	213
Mock_P10_1	22	263214	120
Mock_P10_1	22	263214	225
Mock_P10_1	22	263214	107
Mock_P10_1	22	263214	62
Mock_P10_1	22	263214	111
Mock_P10_1	22	263214	126
Mock_P10_1	22	263214	83
Mock_P10_1	22	263214	69
Mock_P10_1	22	263214	63
Mock_P10_1	22	263214	84
Mock_P10_1	22	263214	132
Mock_P10_1	22	263214	126
Mock_P10_1	22	263214	260
Mock_P10_1	22	263214	125
Mock_P10_1	22	263214	123
Mock_P10_1	22	263214	206
Mock_P10_1	22	263214	163
Mock_P10_1	22	263214	131
Mock_P10_1	22	263214	150
Mock_P10_1	22	263214	132
Mock_P10_1	22	263214	307
Mock_P10_1	22	263214	132
Mock_P10_1	22	263214	206
Mock_P10_1	22	263214	90
Mock_P10_1	22	263214	134
Mock_P10_1	22	263214	186
Mock_P10_1	22	263214	153
Mock_P10_1	22	263214	189
Mock_P10_1	22	263214	133
Mock_P10_1	22	263214	137
Mock_P10_1	22	263214	149
Mock_P10_1	22	263214	172
Mock_P10_1	22	263214	185
Mock_P10_1	22	263214	138
Mock_P10_1	22	263214	242
Mock_P10_1	22	263214	143
Mock_P10_1	22	263214	213
Mock_P10_1	22	263214	187
Mock_P10_1	22	263214	235
Mock_P10_1	22	263214	170
Mock_P10_1	22	263214	96
Mock_P10_1	22	263214	398
Mock_P10_1	22	263214	128
Mock_P10_1	22	263214	177
Mock_P10_1	22	263214	179
Mock_P10_1	22	263214	128
Mock_P10_1	22	263214	114
Mock_P10_1	22	263214	147
Mock_P10_1	22	263214	189
Mock_P10_1	22	263214	90
Mock_P10_1	22	263214	81
Mock_P10_1	22	263214	134
Mock_P10_1	22	263214	114
Mock_P10_1	22	263214	12
Mock_P10_1	22	263214	381
Mock_P10_1	22	263214	292
Mock_P10_1	22	263214	137
Mock_P10_1	23	289759	60
Mock_P10_1	23	289759	146
Mock_P10_1	23	289759	155
Mock_P10_1	23	289759	104
Mock_P10_1	23	289759	127
Mock_P10_1	23	289759	332
Mock_P10_1	23	289759	114
Mock_P10_1	23	289759	226
Mock_P10_1	23	289759	110
Mock_P10_1	23	289759	111
Mock_P10_1	23	289759	89
Mock_P10_1	23	289759	119
Mock_P10_1	23	289759	102
Mock_P10_1	23	289759	94
Mock_P10_1	23	289759	180
Mock_P10_1	23	289759	282
Mock_P10_1	23	289759	122
Mock_P10_1	23	289759	93
Mock_P10_1	23	289759	119
Mock_P10_1	23	289759	326
Mock_P10_1	23	289759	164
Mock_P10_1	23	289759	126
Mock_P10_1	23	289759	107
Mock_P10_1	23	289759	144
Mock_P10_1	23	289759	367
Mock_P10_1	23	289759	129
Mock_P10_1	23	289759	111
Mock_P10_1	23	289759	152
Mock_P10_1	23	289759	317
Mock_P10_1	23	289759	192
Mock_P10_1	23	289759	104
Mock_P10_1	23	289759	98
Mock_P10_1	23	289759	84
Mock_P10_1	23	289759	139
Mock_P10_1	23	289759	125
Mock_P10_1	23	289759	153
Mock_P10_1	23	289759	89
Mock_P10_1	23	289759	91
Mock_P10_1	23	289759	277
Mock_P10_1	23	289759	98
Mock_P10_1	23	289759	88
Mock_P10_1	23	289759	102
Mock_P10_1	23	289759	89
Mock_P10_1	23	289759	98
Mock_P10_1	23	289759	190
Mock_P10_1	23	289759	151
Mock_P10_1	23	289759	99
Mock_P10_1	23	289759	61
Mock_P10_1	23	289759	76
Mock_P10_1	23	289759	97
Mock_P10_1	23	289759	97
Mock_P10_1	23	289759	107
Mock_P10_1	23	289759	107
Mock_P10_1	23	289759	107
Mock_P10_1	23	289759	93
Mock_P10_1	23	289759	138
Mock_P10_1	23	289759	99
Mock_P10_1	23	289759	226
Mock_P10_1	23	289759	54
Mock_P10_1	23	289759	117
Mock_P10_1	23	289759	165
Mock_P10_1	23	289759	93
Mock_P10_1	23	289759	87
Mock_P10_1	23	289759	114
Mock_P10_1	23	289759	81
Mock_P10_1	23	289759	131
Mock_P10_1	23	289759	105
Mock_P10_1	23	289759	87
Mock_P10_1	23	289759	125
Mock_P10_1	23	289759	149
Mock_P10_1	23	289759	77
Mock_P10_1	23	289759	210
Mock_P10_1	23	289759	92
Mock_P10_1	23	289759	145
Mock_P10_1	23	289759	60
Mock_P10_1	23	289759	466
Mock_P10_1	23	289759	142
Mock_P10_1	23	289759	122
Mock_P10_1	23	289759	138
Mock_P10_1	23	289759	136
Mock_P10_1	23	289759	121
Mock_P10_1	23	289759	109
Mock_P10_1	23	289759	113
Mock_P10_1	23	289759	86
Mock_P10_1	23	289759	87
Mock_P10_1	23	289759	186
Mock_P10_1	23	289759	179
Mock_P10_1	23	289759	148
Mock_P10_1	23	289759	118
Mock_P10_1	23	289759	47
Mock_P10_1	23	289759	139
Mock_P10_1	23	289759	131
Mock_P10_1	23	289759	185
Mock_P10_1	23	289759	101
Mock_P10_1	23	289759	142
Mock_P10_1	23	289759	91
Mock_P10_1	23	289759	140
Mock_P10_1	23	289759	122
Mock_P10_1	23	289759	71
Mock_P10_1	23	289759	234
Mock_P10_1	23	289759	79
Mock_P10_1	23	289759	173
Mock_P10_1	23	289759	143
Mock_P10_1	23	289759	209
Mock_P10_1	23	289759	102
Mock_P10_1	23	289759	113
Mock_P10_1	23	289759	36
Mock_P10_1	23	289759	160
Mock_P10_1	23	289759	155
Mock_P10_1	23	289759	111
Mock_P10_1	23	289759	139
Mock_P10_1	23	289759	82
Mock_P10_1	23	289759	64
Mock_P10_1	23	289759	94
Mock_P10_1	23	289759	139
Mock_P10_1	23	289759	131
Mock_P10_1	23	289759	314
Mock_P10_1	23	289759	117
Mock_P10_1	23	289759	262
Mock_P10_1	23	289759	103
Mock_P10_1	23	289759	115
Mock_P10_1	23	289759	157
Mock_P10_1	23	289759	164
Mock_P10_1	23	289759	104
Mock_P10_1	23	289759	159
Mock_P10_1	23	289759	76
Mock_P10_1	23	289759	79
Mock_P10_1	23	289759	161
Mock_P10_1	23	289759	111
Mock_P10_1	23	289759	103
Mock_P10_1	23	289759	53
Mock_P10_1	23	289759	204
Mock_P10_1	23	289759	140
Mock_P10_1	23	289759	99
Mock_P10_1	23	289759	158
Mock_P10_1	23	289759	102
Mock_P10_1	24	295575	116
Mock_P10_1	24	295575	196
Mock_P10_1	24	295575	128
Mock_P10_1	24	295575	261
Mock_P10_1	24	295575	113
Mock_P10_1	24	295575	109
Mock_P10_1	24	295575	93
Mock_P10_1	24	295575	108
Mock_P10_1	24	295575	109
Mock_P10_1	24	295575	71
Mock_P10_1	24	295575	369
Mock_P10_1	24	295575	113
Mock_P10_1	24	295575	244
Mock_P10_1	24	295575	183
Mock_P10_1	24	295575	215
Mock_P10_1	24	295575	165
Mock_P10_1	24	295575	92
Mock_P10_1	24	295575	307
Mock_P10_1	24	295575	80
Mock_P10_1	24	295575	58
Mock_P10_1	24	295575	212
Mock_P10_1	24	295575	302
Mock_P10_1	24	295575	42
Mock_P10_1	24	295575	185
Mock_P10_1	24	295575	199
Mock_P10_1	24	295575	90
Mock_P10_1	24	295575	85
Mock_P10_1	24	295575	282
Mock_P10_1	24	295575	119
Mock_P10_1	24	295575	97
Mock_P10_1	24	295575	110
Mock_P10_1	24	295575	133
Mock_P10_1	24	295575	121
Mock_P10_1	24	295575	79
Mock_P10_1	24	295575	89
Mock_P10_1	24	295575	166
Mock_P10_1	24	295575	210
Mock_P10_1	24	295575	132
Mock_P10_1	24	295575	99
Mock_P10_1	24	295575	88
Mock_P10_1	24	295575	52
Mock_P10_1	24	295575	73
Mock_P10_1	24	295575	80
Mock_P10_1	24	295575	117
Mock_P10_1	24	295575	103
Mock_P10_1	24	295575	63
Mock_P10_1	24	295575	182
Mock_P10_1	24	295575	219
Mock_P10_1	24	295575	143
Mock_P10_1	24	295575	100
Mock_P10_1	24	295575	92
Mock_P10_1	24	295575	166
Mock_P10_1	24	295575	135
Mock_P10_1	24	295575	137
Mock_P10_1	24	295575	115
Mock_P10_1	24	295575	134
Mock_P10_1	24	295575	160
Mock_P10_1	24	295575	84
Mock_P10_1	24	295575	222
Mock_P10_1	24	295575	134
Mock_P10_1	24	295575	86
Mock_P10_1	24	295575	156
Mock_P10_1	24	295575	136
Mock_P10_1	24	295575	84
Mock_P10_1	24	295575	68
Mock_P10_1	24	295575	112
Mock_P10_1	24	295575	175
Mock_P10_1	24	295575	127
Mock_P10_1	24	295575	223
Mock_P10_1	24	295575	112
Mock_P10_1	24	295575	109
Mock_P10_1	24	295575	135
Mock_P10_1	24	295575	166
Mock_P10_1	24	295575	140
Mock_P10_1	24	295575	78
Mock_P10_1	24	295575	192
Mock_P10_1	24	295575	179
Mock_P10_1	24	295575	115
Mock_P10_1	24	295575	258
Mock_P10_1	24	295575	98
Mock_P10_1	24	295575	162
Mock_P10_1	24	295575	138
Mock_P10_1	24	295575	106
Mock_P10_1	24	295575	106
Mock_P10_1	24	295575	140
Mock_P10_1	24	295575	113
Mock_P10_1	24	295575	190
Mock_P10_1	24	295575	98
