fichier	leaf	surfaceLeaf	surfaceLesion
Mock_P08_1	1	317378	187
Mock_P08_1	1	317378	72
Mock_P08_1	1	317378	128
Mock_P08_1	1	317378	99
Mock_P08_1	1	317378	105
Mock_P08_1	1	317378	79
Mock_P08_1	1	317378	72
Mock_P08_1	1	317378	139
Mock_P08_1	1	317378	97
Mock_P08_1	1	317378	113
Mock_P08_1	1	317378	186
Mock_P08_1	1	317378	97
Mock_P08_1	1	317378	142
Mock_P08_1	1	317378	78
Mock_P08_1	1	317378	193
Mock_P08_1	1	317378	157
Mock_P08_1	1	317378	69
Mock_P08_1	1	317378	169
Mock_P08_1	1	317378	417
Mock_P08_1	1	317378	119
Mock_P08_1	1	317378	131
Mock_P08_1	1	317378	147
Mock_P08_1	1	317378	252
Mock_P08_1	1	317378	47
Mock_P08_1	1	317378	149
Mock_P08_1	1	317378	140
Mock_P08_1	1	317378	115
Mock_P08_1	1	317378	120
Mock_P08_1	1	317378	112
Mock_P08_1	1	317378	143
Mock_P08_1	1	317378	119
Mock_P08_1	1	317378	130
Mock_P08_1	1	317378	151
Mock_P08_1	1	317378	92
Mock_P08_1	1	317378	137
Mock_P08_1	1	317378	210
Mock_P08_1	1	317378	418
Mock_P08_1	1	317378	69
Mock_P08_1	1	317378	73
Mock_P08_1	1	317378	53
Mock_P08_1	1	317378	210
Mock_P08_1	1	317378	330
Mock_P08_1	1	317378	411
Mock_P08_1	1	317378	203
Mock_P08_1	1	317378	67
Mock_P08_1	1	317378	51
Mock_P08_1	1	317378	89
Mock_P08_1	1	317378	177
Mock_P08_1	1	317378	64
Mock_P08_1	1	317378	27
Mock_P08_1	1	317378	214
Mock_P08_1	1	317378	80
Mock_P08_1	1	317378	114
Mock_P08_1	1	317378	138
Mock_P08_1	1	317378	318
Mock_P08_1	1	317378	47
Mock_P08_1	1	317378	113
Mock_P08_1	1	317378	339
Mock_P08_1	1	317378	60
Mock_P08_1	1	317378	133
Mock_P08_1	1	317378	147
Mock_P08_1	1	317378	96
Mock_P08_1	1	317378	61
Mock_P08_1	1	317378	213
Mock_P08_1	1	317378	123
Mock_P08_1	1	317378	150
Mock_P08_1	1	317378	18
Mock_P08_1	1	317378	162
Mock_P08_1	1	317378	86
Mock_P08_1	1	317378	35
Mock_P08_1	1	317378	99
Mock_P08_1	1	317378	69
Mock_P08_1	1	317378	115
Mock_P08_1	1	317378	23
Mock_P08_1	1	317378	65
Mock_P08_1	1	317378	76
Mock_P08_1	1	317378	120
Mock_P08_1	1	317378	112
Mock_P08_1	1	317378	103
Mock_P08_1	1	317378	83
Mock_P08_1	1	317378	68
Mock_P08_1	1	317378	116
Mock_P08_1	1	317378	114
Mock_P08_1	1	317378	29
Mock_P08_1	1	317378	11
Mock_P08_1	1	317378	157
Mock_P08_1	1	317378	92
Mock_P08_1	1	317378	137
Mock_P08_1	1	317378	75
Mock_P08_1	1	317378	38
Mock_P08_1	1	317378	74
Mock_P08_1	1	317378	73
Mock_P08_1	1	317378	82
Mock_P08_1	1	317378	177
Mock_P08_1	1	317378	39
Mock_P08_1	1	317378	81
Mock_P08_1	1	317378	77
Mock_P08_1	1	317378	44
Mock_P08_1	1	317378	82
Mock_P08_1	1	317378	203
Mock_P08_1	1	317378	21
Mock_P08_1	1	317378	50
Mock_P08_1	1	317378	47
Mock_P08_1	1	317378	47
Mock_P08_1	1	317378	81
Mock_P08_1	1	317378	80
Mock_P08_1	1	317378	82
Mock_P08_1	1	317378	75
Mock_P08_1	1	317378	57
Mock_P08_1	1	317378	58
Mock_P08_1	1	317378	31
Mock_P08_1	1	317378	149
Mock_P08_1	1	317378	51
Mock_P08_1	1	317378	63
Mock_P08_1	1	317378	115
Mock_P08_1	1	317378	27
Mock_P08_1	1	317378	89
Mock_P08_1	1	317378	20
Mock_P08_1	1	317378	60
Mock_P08_1	1	317378	74
Mock_P08_1	1	317378	95
Mock_P08_1	1	317378	75
Mock_P08_1	1	317378	83
Mock_P08_1	1	317378	83
Mock_P08_1	1	317378	51
Mock_P08_1	1	317378	46
Mock_P08_1	1	317378	57
Mock_P08_1	1	317378	54
Mock_P08_1	1	317378	155
Mock_P08_1	1	317378	125
Mock_P08_1	1	317378	184
Mock_P08_1	1	317378	162
Mock_P08_1	1	317378	108
Mock_P08_1	1	317378	55
Mock_P08_1	1	317378	78
Mock_P08_1	1	317378	71
Mock_P08_1	1	317378	445
Mock_P08_1	1	317378	83
Mock_P08_1	1	317378	63
Mock_P08_1	1	317378	81
Mock_P08_1	1	317378	48
Mock_P08_1	1	317378	79
Mock_P08_1	1	317378	125
Mock_P08_1	1	317378	81
Mock_P08_1	1	317378	68
Mock_P08_1	1	317378	58
Mock_P08_1	1	317378	101
Mock_P08_1	1	317378	79
Mock_P08_1	1	317378	71
Mock_P08_1	1	317378	50
Mock_P08_1	1	317378	57
Mock_P08_1	1	317378	76
Mock_P08_1	1	317378	61
Mock_P08_1	1	317378	22
Mock_P08_1	1	317378	163
Mock_P08_1	1	317378	11
Mock_P08_1	1	317378	82
Mock_P08_1	1	317378	87
Mock_P08_1	1	317378	49
Mock_P08_1	1	317378	129
Mock_P08_1	1	317378	53
Mock_P08_1	1	317378	51
Mock_P08_1	1	317378	125
Mock_P08_1	1	317378	111
Mock_P08_1	1	317378	74
Mock_P08_1	1	317378	107
Mock_P08_1	1	317378	56
Mock_P08_1	1	317378	298
Mock_P08_1	1	317378	67
Mock_P08_1	1	317378	81
Mock_P08_1	1	317378	75
Mock_P08_1	1	317378	189
Mock_P08_1	1	317378	81
Mock_P08_1	1	317378	172
Mock_P08_1	1	317378	117
Mock_P08_1	1	317378	106
Mock_P08_1	1	317378	84
Mock_P08_1	1	317378	37
Mock_P08_1	1	317378	218
Mock_P08_1	1	317378	46
Mock_P08_1	1	317378	18
Mock_P08_1	1	317378	156
Mock_P08_1	1	317378	165
Mock_P08_1	1	317378	139
Mock_P08_1	1	317378	67
Mock_P08_1	1	317378	69
Mock_P08_1	1	317378	56
Mock_P08_1	1	317378	83
Mock_P08_1	1	317378	120
Mock_P08_1	1	317378	137
Mock_P08_1	1	317378	119
Mock_P08_1	1	317378	32
Mock_P08_1	2	360214	104
Mock_P08_1	2	360214	100
Mock_P08_1	2	360214	77
Mock_P08_1	2	360214	86
Mock_P08_1	2	360214	70
Mock_P08_1	2	360214	13
Mock_P08_1	2	360214	68
Mock_P08_1	2	360214	14
Mock_P08_1	2	360214	84
Mock_P08_1	2	360214	90
Mock_P08_1	2	360214	88
Mock_P08_1	2	360214	82
Mock_P08_1	2	360214	108
Mock_P08_1	2	360214	155
Mock_P08_1	2	360214	58
Mock_P08_1	2	360214	108
Mock_P08_1	2	360214	125
Mock_P08_1	2	360214	60
Mock_P08_1	2	360214	59
Mock_P08_1	2	360214	87
Mock_P08_1	2	360214	53
Mock_P08_1	2	360214	79
Mock_P08_1	2	360214	40
Mock_P08_1	2	360214	92
Mock_P08_1	2	360214	61
Mock_P08_1	2	360214	89
Mock_P08_1	2	360214	13
Mock_P08_1	2	360214	76
Mock_P08_1	2	360214	103
Mock_P08_1	2	360214	94
Mock_P08_1	2	360214	102
Mock_P08_1	2	360214	164
Mock_P08_1	2	360214	76
Mock_P08_1	2	360214	67
Mock_P08_1	2	360214	78
Mock_P08_1	2	360214	80
Mock_P08_1	2	360214	49
Mock_P08_1	2	360214	93
Mock_P08_1	2	360214	46
Mock_P08_1	2	360214	50
Mock_P08_1	2	360214	104
Mock_P08_1	2	360214	42
Mock_P08_1	2	360214	233
Mock_P08_1	2	360214	98
Mock_P08_1	2	360214	75
Mock_P08_1	2	360214	84
Mock_P08_1	2	360214	96
Mock_P08_1	2	360214	53
Mock_P08_1	2	360214	115
Mock_P08_1	2	360214	107
Mock_P08_1	2	360214	173
Mock_P08_1	2	360214	143
Mock_P08_1	2	360214	91
Mock_P08_1	2	360214	91
Mock_P08_1	2	360214	187
Mock_P08_1	2	360214	84
Mock_P08_1	2	360214	231
Mock_P08_1	2	360214	10
Mock_P08_1	2	360214	32
Mock_P08_1	2	360214	31
Mock_P08_1	2	360214	131
Mock_P08_1	2	360214	64
Mock_P08_1	2	360214	81
Mock_P08_1	2	360214	102
Mock_P08_1	2	360214	74
Mock_P08_1	2	360214	129
Mock_P08_1	2	360214	113
Mock_P08_1	2	360214	161
Mock_P08_1	2	360214	54
Mock_P08_1	2	360214	87
Mock_P08_1	2	360214	94
Mock_P08_1	2	360214	117
Mock_P08_1	2	360214	80
Mock_P08_1	2	360214	80
Mock_P08_1	2	360214	103
Mock_P08_1	2	360214	112
Mock_P08_1	2	360214	63
Mock_P08_1	2	360214	97
Mock_P08_1	2	360214	71
Mock_P08_1	2	360214	68
Mock_P08_1	2	360214	104
Mock_P08_1	2	360214	93
Mock_P08_1	2	360214	123
Mock_P08_1	2	360214	155
Mock_P08_1	2	360214	100
Mock_P08_1	2	360214	33
Mock_P08_1	2	360214	207
Mock_P08_1	2	360214	182
Mock_P08_1	2	360214	178
Mock_P08_1	2	360214	140
Mock_P08_1	2	360214	412
Mock_P08_1	2	360214	100
Mock_P08_1	2	360214	125
Mock_P08_1	2	360214	94
Mock_P08_1	2	360214	91
Mock_P08_1	3	378569	111
Mock_P08_1	3	378569	205
Mock_P08_1	3	378569	100
Mock_P08_1	3	378569	180
Mock_P08_1	3	378569	119
Mock_P08_1	3	378569	16
Mock_P08_1	3	378569	62
Mock_P08_1	3	378569	146
Mock_P08_1	3	378569	74
Mock_P08_1	3	378569	159
Mock_P08_1	3	378569	130
Mock_P08_1	3	378569	79
Mock_P08_1	3	378569	144
Mock_P08_1	3	378569	122
Mock_P08_1	3	378569	117
Mock_P08_1	3	378569	91
Mock_P08_1	3	378569	122
Mock_P08_1	3	378569	82
Mock_P08_1	3	378569	80
Mock_P08_1	3	378569	110
Mock_P08_1	3	378569	25
Mock_P08_1	3	378569	38
Mock_P08_1	3	378569	57
Mock_P08_1	3	378569	62
Mock_P08_1	3	378569	119
Mock_P08_1	3	378569	73
Mock_P08_1	3	378569	18
Mock_P08_1	3	378569	95
Mock_P08_1	3	378569	46
Mock_P08_1	3	378569	102
Mock_P08_1	3	378569	93
Mock_P08_1	3	378569	92
Mock_P08_1	3	378569	57
Mock_P08_1	3	378569	99
Mock_P08_1	3	378569	35
Mock_P08_1	3	378569	25
Mock_P08_1	4	391442	80
Mock_P08_1	4	391442	85
Mock_P08_1	4	391442	83
Mock_P08_1	4	391442	71
Mock_P08_1	4	391442	93
Mock_P08_1	4	391442	84
Mock_P08_1	4	391442	128
Mock_P08_1	4	391442	59
Mock_P08_1	4	391442	77
Mock_P08_1	4	391442	32
Mock_P08_1	4	391442	47
Mock_P08_1	4	391442	88
Mock_P08_1	4	391442	134
Mock_P08_1	4	391442	106
Mock_P08_1	4	391442	130
Mock_P08_1	4	391442	42
Mock_P08_1	4	391442	69
Mock_P08_1	4	391442	101
Mock_P08_1	4	391442	74
Mock_P08_1	4	391442	11
Mock_P08_1	4	391442	256
Mock_P08_1	4	391442	95
Mock_P08_1	4	391442	111
Mock_P08_1	4	391442	93
Mock_P08_1	4	391442	76
Mock_P08_1	4	391442	114
Mock_P08_1	4	391442	93
Mock_P08_1	4	391442	84
Mock_P08_1	4	391442	118
Mock_P08_1	4	391442	92
Mock_P08_1	4	391442	130
Mock_P08_1	4	391442	115
Mock_P08_1	4	391442	85
Mock_P08_1	4	391442	53
Mock_P08_1	4	391442	120
Mock_P08_1	4	391442	23
Mock_P08_1	4	391442	77
Mock_P08_1	4	391442	98
Mock_P08_1	4	391442	52
Mock_P08_1	4	391442	103
Mock_P08_1	4	391442	78
Mock_P08_1	4	391442	46
Mock_P08_1	4	391442	142
Mock_P08_1	4	391442	76
Mock_P08_1	4	391442	89
Mock_P08_1	4	391442	133
Mock_P08_1	4	391442	124
Mock_P08_1	4	391442	94
Mock_P08_1	4	391442	69
Mock_P08_1	4	391442	71
Mock_P08_1	4	391442	83
Mock_P08_1	4	391442	81
Mock_P08_1	4	391442	105
Mock_P08_1	4	391442	68
Mock_P08_1	4	391442	114
Mock_P08_1	4	391442	102
Mock_P08_1	4	391442	50
Mock_P08_1	4	391442	105
Mock_P08_1	4	391442	105
Mock_P08_1	4	391442	105
Mock_P08_1	4	391442	20
Mock_P08_1	4	391442	28
Mock_P08_1	4	391442	54
Mock_P08_1	4	391442	82
Mock_P08_1	4	391442	56
Mock_P08_1	4	391442	135
Mock_P08_1	4	391442	52
Mock_P08_1	4	391442	66
Mock_P08_1	4	391442	66
Mock_P08_1	4	391442	116
Mock_P08_1	4	391442	206
Mock_P08_1	4	391442	62
Mock_P08_1	4	391442	60
Mock_P08_1	4	391442	22
Mock_P08_1	4	391442	96
Mock_P08_1	4	391442	40
Mock_P08_1	4	391442	107
Mock_P08_1	4	391442	271
Mock_P08_1	4	391442	104
Mock_P08_1	4	391442	76
Mock_P08_1	4	391442	14
Mock_P08_1	4	391442	25
Mock_P08_1	4	391442	123
Mock_P08_1	4	391442	115
Mock_P08_1	4	391442	111
Mock_P08_1	4	391442	91
Mock_P08_1	4	391442	76
Mock_P08_1	4	391442	190
Mock_P08_1	4	391442	42
Mock_P08_1	4	391442	110
Mock_P08_1	4	391442	82
Mock_P08_1	4	391442	57
Mock_P08_1	4	391442	57
Mock_P08_1	4	391442	92
Mock_P08_1	4	391442	109
Mock_P08_1	4	391442	157
Mock_P08_1	4	391442	65
Mock_P08_1	4	391442	123
Mock_P08_1	4	391442	52
Mock_P08_1	4	391442	50
Mock_P08_1	4	391442	30
Mock_P08_1	4	391442	111
Mock_P08_1	4	391442	92
Mock_P08_1	4	391442	89
Mock_P08_1	4	391442	55
Mock_P08_1	4	391442	86
Mock_P08_1	4	391442	101
Mock_P08_1	4	391442	191
Mock_P08_1	4	391442	135
Mock_P08_1	4	391442	42
Mock_P08_1	4	391442	72
Mock_P08_1	4	391442	78
Mock_P08_1	4	391442	53
Mock_P08_1	4	391442	82
Mock_P08_1	4	391442	98
Mock_P08_1	4	391442	41
Mock_P08_1	4	391442	84
Mock_P08_1	4	391442	100
Mock_P08_1	4	391442	119
Mock_P08_1	4	391442	114
Mock_P08_1	4	391442	31
Mock_P08_1	4	391442	109
Mock_P08_1	4	391442	96
Mock_P08_1	4	391442	153
Mock_P08_1	4	391442	78
Mock_P08_1	4	391442	135
Mock_P08_1	4	391442	90
Mock_P08_1	4	391442	81
Mock_P08_1	4	391442	85
Mock_P08_1	4	391442	91
Mock_P08_1	4	391442	89
Mock_P08_1	4	391442	37
Mock_P08_1	4	391442	99
Mock_P08_1	4	391442	76
Mock_P08_1	4	391442	71
Mock_P08_1	4	391442	221
Mock_P08_1	4	391442	115
Mock_P08_1	4	391442	145
Mock_P08_1	4	391442	22
Mock_P08_1	4	391442	10
Mock_P08_1	4	391442	13
Mock_P08_1	4	391442	92
Mock_P08_1	4	391442	144
Mock_P08_1	4	391442	88
Mock_P08_1	4	391442	67
Mock_P08_1	4	391442	37
Mock_P08_1	4	391442	74
Mock_P08_1	4	391442	39
Mock_P08_1	4	391442	61
Mock_P08_1	4	391442	67
Mock_P08_1	4	391442	33
Mock_P08_1	4	391442	73
Mock_P08_1	4	391442	22
Mock_P08_1	4	391442	56
Mock_P08_1	4	391442	93
Mock_P08_1	4	391442	49
Mock_P08_1	5	362356	17
Mock_P08_1	5	362356	20
Mock_P08_1	5	362356	55
Mock_P08_1	5	362356	38
Mock_P08_1	5	362356	72
Mock_P08_1	5	362356	47
Mock_P08_1	5	362356	10
Mock_P08_1	5	362356	77
Mock_P08_1	5	362356	46
Mock_P08_1	5	362356	18
Mock_P08_1	5	362356	99
Mock_P08_1	5	362356	54
Mock_P08_1	5	362356	77
Mock_P08_1	5	362356	33
Mock_P08_1	5	362356	34
Mock_P08_1	5	362356	37
Mock_P08_1	5	362356	94
Mock_P08_1	5	362356	15
Mock_P08_1	5	362356	86
Mock_P08_1	5	362356	102
Mock_P08_1	5	362356	49
Mock_P08_1	5	362356	79
Mock_P08_1	5	362356	22
Mock_P08_1	5	362356	77
Mock_P08_1	5	362356	65
Mock_P08_1	5	362356	88
Mock_P08_1	5	362356	75
Mock_P08_1	5	362356	39
Mock_P08_1	5	362356	157
Mock_P08_1	5	362356	77
Mock_P08_1	5	362356	55
Mock_P08_1	5	362356	123
Mock_P08_1	5	362356	24
Mock_P08_1	5	362356	11
Mock_P08_1	5	362356	121
Mock_P08_1	5	362356	28
Mock_P08_1	5	362356	73
Mock_P08_1	5	362356	48
Mock_P08_1	5	362356	86
Mock_P08_1	5	362356	89
Mock_P08_1	5	362356	113
Mock_P08_1	5	362356	56
Mock_P08_1	5	362356	79
Mock_P08_1	5	362356	57
Mock_P08_1	5	362356	69
Mock_P08_1	5	362356	26
Mock_P08_1	5	362356	58
Mock_P08_1	5	362356	67
Mock_P08_1	5	362356	63
Mock_P08_1	5	362356	37
Mock_P08_1	5	362356	48
Mock_P08_1	5	362356	31
Mock_P08_1	5	362356	112
Mock_P08_1	5	362356	38
Mock_P08_1	5	362356	123
Mock_P08_1	5	362356	44
Mock_P08_1	5	362356	72
Mock_P08_1	5	362356	44
Mock_P08_1	5	362356	77
Mock_P08_1	5	362356	33
Mock_P08_1	5	362356	39
Mock_P08_1	5	362356	82
Mock_P08_1	5	362356	147
Mock_P08_1	5	362356	68
Mock_P08_1	5	362356	48
Mock_P08_1	5	362356	61
Mock_P08_1	5	362356	80
Mock_P08_1	5	362356	63
Mock_P08_1	5	362356	92
Mock_P08_1	5	362356	82
Mock_P08_1	5	362356	86
Mock_P08_1	5	362356	45
Mock_P08_1	5	362356	57
Mock_P08_1	5	362356	53
Mock_P08_1	5	362356	81
Mock_P08_1	5	362356	50
Mock_P08_1	5	362356	88
Mock_P08_1	5	362356	65
Mock_P08_1	5	362356	224
Mock_P08_1	5	362356	145
Mock_P08_1	5	362356	18
Mock_P08_1	5	362356	55
Mock_P08_1	5	362356	71
Mock_P08_1	5	362356	152
Mock_P08_1	5	362356	60
Mock_P08_1	5	362356	28
Mock_P08_1	5	362356	54
Mock_P08_1	5	362356	96
Mock_P08_1	5	362356	88
Mock_P08_1	5	362356	60
Mock_P08_1	5	362356	82
Mock_P08_1	5	362356	153
Mock_P08_1	5	362356	122
Mock_P08_1	5	362356	38
Mock_P08_1	5	362356	172
Mock_P08_1	5	362356	78
Mock_P08_1	5	362356	48
Mock_P08_1	5	362356	62
Mock_P08_1	5	362356	139
Mock_P08_1	6	359301	17
Mock_P08_1	6	359301	169
Mock_P08_1	6	359301	162
Mock_P08_1	6	359301	164
Mock_P08_1	6	359301	55
Mock_P08_1	6	359301	43
Mock_P08_1	6	359301	85
Mock_P08_1	6	359301	30
Mock_P08_1	6	359301	77
Mock_P08_1	6	359301	105
Mock_P08_1	6	359301	130
Mock_P08_1	6	359301	288
Mock_P08_1	6	359301	108
Mock_P08_1	6	359301	168
Mock_P08_1	6	359301	148
Mock_P08_1	6	359301	129
Mock_P08_1	6	359301	357
Mock_P08_1	6	359301	292
Mock_P08_1	6	359301	140
Mock_P08_1	6	359301	212
Mock_P08_1	6	359301	70
Mock_P08_1	6	359301	104
Mock_P08_1	6	359301	184
Mock_P08_1	6	359301	129
Mock_P08_1	6	359301	154
Mock_P08_1	6	359301	125
Mock_P08_1	6	359301	144
Mock_P08_1	6	359301	145
Mock_P08_1	6	359301	76
Mock_P08_1	6	359301	170
Mock_P08_1	6	359301	106
Mock_P08_1	6	359301	127
Mock_P08_1	6	359301	64
Mock_P08_1	6	359301	269
Mock_P08_1	6	359301	131
Mock_P08_1	6	359301	141
Mock_P08_1	6	359301	157
Mock_P08_1	6	359301	121
Mock_P08_1	6	359301	125
Mock_P08_1	6	359301	48
Mock_P08_1	6	359301	111
Mock_P08_1	6	359301	29
Mock_P08_1	6	359301	127
Mock_P08_1	6	359301	139
Mock_P08_1	6	359301	68
Mock_P08_1	6	359301	86
Mock_P08_1	6	359301	96
Mock_P08_1	6	359301	126
Mock_P08_1	6	359301	161
Mock_P08_1	6	359301	77
Mock_P08_1	6	359301	59
Mock_P08_1	6	359301	138
Mock_P08_1	6	359301	116
Mock_P08_1	6	359301	146
Mock_P08_1	6	359301	73
Mock_P08_1	6	359301	129
Mock_P08_1	6	359301	79
Mock_P08_1	6	359301	98
Mock_P08_1	6	359301	98
Mock_P08_1	6	359301	124
Mock_P08_1	6	359301	221
Mock_P08_1	6	359301	141
Mock_P08_1	6	359301	109
Mock_P08_1	6	359301	82
Mock_P08_1	6	359301	148
Mock_P08_1	6	359301	253
Mock_P08_1	6	359301	256
Mock_P08_1	6	359301	152
Mock_P08_1	6	359301	111
Mock_P08_1	6	359301	151
Mock_P08_1	6	359301	114
Mock_P08_1	6	359301	93
Mock_P08_1	6	359301	99
Mock_P08_1	6	359301	240
Mock_P08_1	6	359301	127
Mock_P08_1	6	359301	121
Mock_P08_1	6	359301	127
Mock_P08_1	6	359301	215
Mock_P08_1	6	359301	81
Mock_P08_1	6	359301	97
Mock_P08_1	6	359301	182
Mock_P08_1	6	359301	64
Mock_P08_1	6	359301	163
Mock_P08_1	6	359301	110
Mock_P08_1	6	359301	165
Mock_P08_1	6	359301	121
Mock_P08_1	6	359301	125
Mock_P08_1	6	359301	94
Mock_P08_1	6	359301	103
Mock_P08_1	6	359301	246
Mock_P08_1	6	359301	103
Mock_P08_1	6	359301	146
Mock_P08_1	6	359301	128
Mock_P08_1	6	359301	190
Mock_P08_1	6	359301	74
Mock_P08_1	6	359301	159
Mock_P08_1	6	359301	179
Mock_P08_1	6	359301	51
Mock_P08_1	6	359301	38
Mock_P08_1	6	359301	17
Mock_P08_1	6	359301	120
Mock_P08_1	6	359301	81
Mock_P08_1	6	359301	161
Mock_P08_1	6	359301	118
Mock_P08_1	6	359301	65
Mock_P08_1	6	359301	155
Mock_P08_1	6	359301	119
Mock_P08_1	6	359301	97
Mock_P08_1	6	359301	74
Mock_P08_1	6	359301	23
Mock_P08_1	6	359301	56
Mock_P08_1	6	359301	84
Mock_P08_1	6	359301	106
Mock_P08_1	6	359301	53
Mock_P08_1	6	359301	292
Mock_P08_1	6	359301	61
Mock_P08_1	6	359301	151
Mock_P08_1	6	359301	147
Mock_P08_1	6	359301	105
Mock_P08_1	6	359301	110
Mock_P08_1	6	359301	160
Mock_P08_1	6	359301	94
Mock_P08_1	6	359301	110
Mock_P08_1	6	359301	92
Mock_P08_1	6	359301	221
Mock_P08_1	6	359301	103
Mock_P08_1	6	359301	107
Mock_P08_1	6	359301	99
Mock_P08_1	6	359301	95
Mock_P08_1	6	359301	287
Mock_P08_1	6	359301	155
Mock_P08_1	6	359301	168
Mock_P08_1	6	359301	48
Mock_P08_1	6	359301	89
Mock_P08_1	6	359301	120
Mock_P08_1	6	359301	101
Mock_P08_1	6	359301	40
Mock_P08_1	6	359301	78
Mock_P08_1	6	359301	95
Mock_P08_1	7	294298	21
Mock_P08_1	7	294298	28
Mock_P08_1	7	294298	41
Mock_P08_1	7	294298	33
Mock_P08_1	8	329227	17
Mock_P08_1	8	329227	15
Mock_P08_1	8	329227	15
Mock_P08_1	9	280799	35
Mock_P08_1	9	280799	16
Mock_P08_1	9	280799	60
Mock_P08_1	9	280799	20
Mock_P08_1	9	280799	13
Mock_P08_1	9	280799	150
Mock_P08_1	10	305166	30
Mock_P08_1	10	305166	12
Mock_P08_1	10	305166	14
Mock_P08_1	11	254934	16
Mock_P08_1	11	254934	11
Mock_P08_1	11	254934	14
Mock_P08_1	11	254934	14
Mock_P08_1	12	308285	13
Mock_P08_1	12	308285	16
Mock_P08_1	13	295377	115
Mock_P08_1	13	295377	58
Mock_P08_1	13	295377	66
Mock_P08_1	13	295377	108
Mock_P08_1	13	295377	129
Mock_P08_1	13	295377	36
Mock_P08_1	13	295377	66
Mock_P08_1	13	295377	16
Mock_P08_1	13	295377	119
Mock_P08_1	13	295377	44
Mock_P08_1	13	295377	51
Mock_P08_1	13	295377	18
Mock_P08_1	13	295377	32
Mock_P08_1	13	295377	50
Mock_P08_1	13	295377	62
Mock_P08_1	13	295377	88
Mock_P08_1	13	295377	75
Mock_P08_1	13	295377	101
Mock_P08_1	13	295377	72
Mock_P08_1	13	295377	77
Mock_P08_1	13	295377	80
Mock_P08_1	13	295377	65
Mock_P08_1	13	295377	85
Mock_P08_1	13	295377	139
Mock_P08_1	13	295377	77
Mock_P08_1	13	295377	157
Mock_P08_1	13	295377	131
Mock_P08_1	13	295377	84
Mock_P08_1	13	295377	68
Mock_P08_1	13	295377	69
Mock_P08_1	13	295377	81
Mock_P08_1	13	295377	80
Mock_P08_1	13	295377	59
Mock_P08_1	13	295377	50
Mock_P08_1	13	295377	56
Mock_P08_1	13	295377	99
Mock_P08_1	13	295377	56
Mock_P08_1	13	295377	67
Mock_P08_1	13	295377	76
Mock_P08_1	13	295377	82
Mock_P08_1	13	295377	143
Mock_P08_1	13	295377	28
Mock_P08_1	13	295377	76
Mock_P08_1	13	295377	84
Mock_P08_1	13	295377	85
Mock_P08_1	13	295377	85
Mock_P08_1	13	295377	68
Mock_P08_1	13	295377	84
Mock_P08_1	13	295377	122
Mock_P08_1	13	295377	57
Mock_P08_1	13	295377	39
Mock_P08_1	13	295377	28
Mock_P08_1	13	295377	39
Mock_P08_1	13	295377	17
Mock_P08_1	13	295377	24
Mock_P08_1	13	295377	188
Mock_P08_1	13	295377	66
Mock_P08_1	13	295377	57
Mock_P08_1	13	295377	40
Mock_P08_1	13	295377	68
Mock_P08_1	13	295377	73
Mock_P08_1	13	295377	36
Mock_P08_1	13	295377	119
Mock_P08_1	13	295377	212
Mock_P08_1	13	295377	23
Mock_P08_1	13	295377	13
Mock_P08_1	13	295377	95
Mock_P08_1	13	295377	117
Mock_P08_1	13	295377	78
Mock_P08_1	13	295377	111
Mock_P08_1	13	295377	23
Mock_P08_1	13	295377	41
Mock_P08_1	13	295377	26
Mock_P08_1	13	295377	52
Mock_P08_1	13	295377	30
Mock_P08_1	14	325839	28
Mock_P08_1	14	325839	11
Mock_P08_1	14	325839	38
Mock_P08_1	14	325839	69
Mock_P08_1	14	325839	34
Mock_P08_1	14	325839	66
Mock_P08_1	14	325839	56
Mock_P08_1	14	325839	73
Mock_P08_1	14	325839	73
Mock_P08_1	14	325839	53
Mock_P08_1	14	325839	138
Mock_P08_1	14	325839	98
Mock_P08_1	14	325839	82
Mock_P08_1	14	325839	53
Mock_P08_1	14	325839	37
Mock_P08_1	14	325839	58
Mock_P08_1	14	325839	50
Mock_P08_1	14	325839	73
Mock_P08_1	14	325839	31
Mock_P08_1	14	325839	58
Mock_P08_1	14	325839	62
Mock_P08_1	14	325839	49
Mock_P08_1	14	325839	185
Mock_P08_1	14	325839	128
Mock_P08_1	14	325839	86
Mock_P08_1	14	325839	76
Mock_P08_1	14	325839	45
Mock_P08_1	14	325839	41
Mock_P08_1	14	325839	187
Mock_P08_1	14	325839	33
Mock_P08_1	14	325839	149
Mock_P08_1	14	325839	48
Mock_P08_1	14	325839	55
Mock_P08_1	14	325839	51
Mock_P08_1	14	325839	74
Mock_P08_1	14	325839	170
Mock_P08_1	14	325839	78
Mock_P08_1	14	325839	93
Mock_P08_1	14	325839	36
Mock_P08_1	14	325839	108
Mock_P08_1	14	325839	82
Mock_P08_1	14	325839	57
Mock_P08_1	14	325839	61
Mock_P08_1	14	325839	77
Mock_P08_1	14	325839	120
Mock_P08_1	14	325839	63
Mock_P08_1	14	325839	71
Mock_P08_1	14	325839	99
Mock_P08_1	14	325839	30
Mock_P08_1	14	325839	70
Mock_P08_1	14	325839	42
Mock_P08_1	14	325839	114
Mock_P08_1	14	325839	24
Mock_P08_1	14	325839	96
Mock_P08_1	14	325839	79
Mock_P08_1	14	325839	72
Mock_P08_1	14	325839	79
Mock_P08_1	14	325839	78
Mock_P08_1	14	325839	65
Mock_P08_1	14	325839	116
Mock_P08_1	14	325839	66
Mock_P08_1	14	325839	75
Mock_P08_1	14	325839	116
Mock_P08_1	14	325839	101
Mock_P08_1	14	325839	53
Mock_P08_1	14	325839	62
Mock_P08_1	14	325839	41
Mock_P08_1	14	325839	88
Mock_P08_1	14	325839	96
Mock_P08_1	14	325839	98
Mock_P08_1	14	325839	39
Mock_P08_1	14	325839	117
Mock_P08_1	14	325839	64
Mock_P08_1	14	325839	63
Mock_P08_1	14	325839	81
Mock_P08_1	14	325839	75
Mock_P08_1	14	325839	26
Mock_P08_1	14	325839	25
Mock_P08_1	14	325839	38
Mock_P08_1	14	325839	43
Mock_P08_1	14	325839	72
Mock_P08_1	14	325839	28
Mock_P08_1	14	325839	45
Mock_P08_1	14	325839	54
Mock_P08_1	14	325839	69
Mock_P08_1	14	325839	43
Mock_P08_1	14	325839	21
Mock_P08_1	15	353936	22
Mock_P08_1	15	353936	72
Mock_P08_1	15	353936	48
Mock_P08_1	15	353936	21
Mock_P08_1	15	353936	54
Mock_P08_1	15	353936	53
Mock_P08_1	15	353936	37
Mock_P08_1	15	353936	30
Mock_P08_1	15	353936	71
Mock_P08_1	15	353936	46
Mock_P08_1	15	353936	118
Mock_P08_1	15	353936	64
Mock_P08_1	15	353936	51
Mock_P08_1	15	353936	22
Mock_P08_1	15	353936	83
Mock_P08_1	15	353936	82
Mock_P08_1	15	353936	29
Mock_P08_1	15	353936	23
Mock_P08_1	15	353936	77
Mock_P08_1	15	353936	44
Mock_P08_1	15	353936	47
Mock_P08_1	15	353936	24
Mock_P08_1	15	353936	26
Mock_P08_1	15	353936	65
Mock_P08_1	15	353936	25
Mock_P08_1	15	353936	30
Mock_P08_1	15	353936	21
Mock_P08_1	15	353936	39
Mock_P08_1	15	353936	10
Mock_P08_1	15	353936	40
Mock_P08_1	15	353936	45
Mock_P08_1	15	353936	60
Mock_P08_1	15	353936	51
Mock_P08_1	15	353936	74
Mock_P08_1	15	353936	89
Mock_P08_1	15	353936	56
Mock_P08_1	15	353936	20
Mock_P08_1	15	353936	37
Mock_P08_1	15	353936	27
Mock_P08_1	15	353936	63
Mock_P08_1	15	353936	74
Mock_P08_1	15	353936	38
Mock_P08_1	15	353936	38
Mock_P08_1	15	353936	66
Mock_P08_1	15	353936	11
Mock_P08_1	15	353936	73
Mock_P08_1	15	353936	67
Mock_P08_1	15	353936	77
Mock_P08_1	15	353936	46
Mock_P08_1	15	353936	21
Mock_P08_1	15	353936	68
Mock_P08_1	15	353936	11
Mock_P08_1	15	353936	80
Mock_P08_1	15	353936	13
Mock_P08_1	15	353936	57
Mock_P08_1	15	353936	45
Mock_P08_1	15	353936	13
Mock_P08_1	15	353936	90
Mock_P08_1	15	353936	37
Mock_P08_1	15	353936	61
Mock_P08_1	15	353936	21
Mock_P08_1	15	353936	19
Mock_P08_1	15	353936	60
Mock_P08_1	15	353936	54
Mock_P08_1	15	353936	42
Mock_P08_1	15	353936	50
Mock_P08_1	15	353936	46
Mock_P08_1	15	353936	72
Mock_P08_1	15	353936	87
Mock_P08_1	15	353936	61
Mock_P08_1	15	353936	88
Mock_P08_1	15	353936	68
Mock_P08_1	15	353936	129
Mock_P08_1	15	353936	64
Mock_P08_1	15	353936	65
Mock_P08_1	15	353936	31
Mock_P08_1	15	353936	51
Mock_P08_1	15	353936	41
Mock_P08_1	15	353936	93
Mock_P08_1	15	353936	38
Mock_P08_1	15	353936	69
Mock_P08_1	15	353936	24
Mock_P08_1	15	353936	28
Mock_P08_1	15	353936	99
Mock_P08_1	15	353936	33
Mock_P08_1	15	353936	53
Mock_P08_1	15	353936	102
Mock_P08_1	15	353936	76
Mock_P08_1	15	353936	41
Mock_P08_1	15	353936	29
Mock_P08_1	15	353936	11
Mock_P08_1	15	353936	10
Mock_P08_1	15	353936	32
Mock_P08_1	15	353936	63
Mock_P08_1	15	353936	30
Mock_P08_1	15	353936	66
Mock_P08_1	15	353936	24
Mock_P08_1	15	353936	98
Mock_P08_1	15	353936	76
Mock_P08_1	15	353936	20
Mock_P08_1	15	353936	29
Mock_P08_1	15	353936	50
Mock_P08_1	15	353936	65
Mock_P08_1	15	353936	154
Mock_P08_1	15	353936	85
Mock_P08_1	15	353936	53
Mock_P08_1	15	353936	50
Mock_P08_1	15	353936	97
Mock_P08_1	15	353936	48
Mock_P08_1	15	353936	71
Mock_P08_1	15	353936	41
Mock_P08_1	15	353936	68
Mock_P08_1	15	353936	52
Mock_P08_1	15	353936	81
Mock_P08_1	15	353936	54
Mock_P08_1	15	353936	76
Mock_P08_1	16	343330	11
Mock_P08_1	16	343330	36
Mock_P08_1	16	343330	51
Mock_P08_1	16	343330	65
Mock_P08_1	16	343330	60
Mock_P08_1	16	343330	86
Mock_P08_1	16	343330	156
Mock_P08_1	16	343330	65
Mock_P08_1	16	343330	48
Mock_P08_1	16	343330	78
Mock_P08_1	16	343330	64
Mock_P08_1	16	343330	64
Mock_P08_1	16	343330	154
Mock_P08_1	16	343330	70
Mock_P08_1	16	343330	109
Mock_P08_1	16	343330	39
Mock_P08_1	16	343330	20
Mock_P08_1	16	343330	65
Mock_P08_1	16	343330	124
Mock_P08_1	16	343330	182
Mock_P08_1	16	343330	75
Mock_P08_1	16	343330	46
Mock_P08_1	16	343330	59
Mock_P08_1	16	343330	168
Mock_P08_1	16	343330	80
Mock_P08_1	16	343330	82
Mock_P08_1	16	343330	48
Mock_P08_1	16	343330	117
Mock_P08_1	16	343330	84
Mock_P08_1	16	343330	39
Mock_P08_1	16	343330	141
Mock_P08_1	16	343330	42
Mock_P08_1	16	343330	77
Mock_P08_1	16	343330	50
Mock_P08_1	16	343330	81
Mock_P08_1	16	343330	127
Mock_P08_1	16	343330	86
Mock_P08_1	16	343330	82
Mock_P08_1	16	343330	74
Mock_P08_1	16	343330	28
Mock_P08_1	16	343330	48
Mock_P08_1	16	343330	42
Mock_P08_1	16	343330	85
Mock_P08_1	16	343330	42
Mock_P08_1	16	343330	64
Mock_P08_1	16	343330	104
Mock_P08_1	16	343330	24
Mock_P08_1	16	343330	55
Mock_P08_1	16	343330	21
Mock_P08_1	16	343330	65
Mock_P08_1	16	343330	50
Mock_P08_1	16	343330	34
Mock_P08_1	16	343330	19
Mock_P08_1	16	343330	31
Mock_P08_1	16	343330	43
Mock_P08_1	16	343330	42
Mock_P08_1	16	343330	86
Mock_P08_1	16	343330	112
Mock_P08_1	16	343330	80
Mock_P08_1	16	343330	52
Mock_P08_1	16	343330	114
Mock_P08_1	17	336530	62
Mock_P08_1	17	336530	45
Mock_P08_1	17	336530	33
Mock_P08_1	17	336530	60
Mock_P08_1	17	336530	57
Mock_P08_1	17	336530	59
Mock_P08_1	17	336530	53
Mock_P08_1	17	336530	35
Mock_P08_1	17	336530	57
Mock_P08_1	17	336530	52
Mock_P08_1	17	336530	78
Mock_P08_1	17	336530	39
Mock_P08_1	17	336530	24
Mock_P08_1	17	336530	66
Mock_P08_1	17	336530	88
Mock_P08_1	17	336530	73
Mock_P08_1	17	336530	14
Mock_P08_1	17	336530	81
Mock_P08_1	17	336530	59
Mock_P08_1	17	336530	128
Mock_P08_1	17	336530	98
Mock_P08_1	17	336530	29
Mock_P08_1	17	336530	96
Mock_P08_1	17	336530	27
Mock_P08_1	17	336530	23
Mock_P08_1	17	336530	47
Mock_P08_1	17	336530	100
Mock_P08_1	17	336530	52
Mock_P08_1	17	336530	164
Mock_P08_1	17	336530	80
Mock_P08_1	17	336530	54
Mock_P08_1	17	336530	83
Mock_P08_1	17	336530	63
Mock_P08_1	17	336530	102
Mock_P08_1	17	336530	34
Mock_P08_1	17	336530	127
Mock_P08_1	17	336530	92
Mock_P08_1	17	336530	126
Mock_P08_1	17	336530	72
Mock_P08_1	17	336530	31
Mock_P08_1	17	336530	41
Mock_P08_1	17	336530	97
Mock_P08_1	17	336530	62
Mock_P08_1	17	336530	67
Mock_P08_1	17	336530	40
Mock_P08_1	17	336530	94
Mock_P08_1	17	336530	129
Mock_P08_1	17	336530	103
Mock_P08_1	17	336530	188
Mock_P08_1	17	336530	52
Mock_P08_1	17	336530	91
Mock_P08_1	17	336530	184
Mock_P08_1	17	336530	81
Mock_P08_1	17	336530	79
Mock_P08_1	17	336530	19
Mock_P08_1	17	336530	117
Mock_P08_1	17	336530	61
Mock_P08_1	17	336530	41
Mock_P08_1	17	336530	46
Mock_P08_1	17	336530	40
Mock_P08_1	17	336530	82
Mock_P08_1	17	336530	75
Mock_P08_1	17	336530	32
Mock_P08_1	17	336530	62
Mock_P08_1	17	336530	61
Mock_P08_1	17	336530	78
Mock_P08_1	17	336530	51
Mock_P08_1	17	336530	46
Mock_P08_1	17	336530	57
Mock_P08_1	17	336530	49
Mock_P08_1	17	336530	74
Mock_P08_1	17	336530	32
Mock_P08_1	17	336530	51
Mock_P08_1	17	336530	128
Mock_P08_1	17	336530	62
Mock_P08_1	17	336530	113
Mock_P08_1	17	336530	12
Mock_P08_1	17	336530	48
Mock_P08_1	17	336530	24
Mock_P08_1	17	336530	11
Mock_P08_1	17	336530	14
Mock_P08_1	17	336530	44
Mock_P08_1	17	336530	44
Mock_P08_1	17	336530	35
Mock_P08_1	17	336530	62
Mock_P08_1	17	336530	107
Mock_P08_1	17	336530	54
Mock_P08_1	17	336530	62
Mock_P08_1	17	336530	14
Mock_P08_1	17	336530	113
Mock_P08_1	17	336530	31
Mock_P08_1	17	336530	103
Mock_P08_1	17	336530	59
Mock_P08_1	17	336530	44
Mock_P08_1	17	336530	78
Mock_P08_1	18	301230	31
Mock_P08_1	18	301230	41
Mock_P08_1	18	301230	117
Mock_P08_1	18	301230	33
Mock_P08_1	18	301230	50
Mock_P08_1	18	301230	68
Mock_P08_1	18	301230	66
Mock_P08_1	18	301230	11
Mock_P08_1	18	301230	37
Mock_P08_1	18	301230	18
Mock_P08_1	18	301230	43
Mock_P08_1	18	301230	12
Mock_P08_1	18	301230	11
Mock_P08_1	18	301230	23
Mock_P08_1	18	301230	48
Mock_P08_1	18	301230	12
Mock_P08_1	18	301230	54
Mock_P08_1	18	301230	69
Mock_P08_1	18	301230	58
Mock_P08_1	18	301230	46
Mock_P08_1	18	301230	27
Mock_P08_1	18	301230	23
Mock_P08_1	18	301230	42
Mock_P08_1	18	301230	52
Mock_P08_1	18	301230	31
Mock_P08_1	18	301230	59
Mock_P08_1	18	301230	86
Mock_P08_1	18	301230	90
Mock_P08_1	18	301230	74
Mock_P08_1	18	301230	19
Mock_P08_1	18	301230	25
Mock_P08_1	18	301230	59
Mock_P08_1	18	301230	28
Mock_P08_1	18	301230	24
Mock_P08_1	18	301230	55
Mock_P08_1	18	301230	56
Mock_P08_1	18	301230	36
Mock_P08_1	18	301230	23
Mock_P08_1	18	301230	96
Mock_P08_1	18	301230	41
Mock_P08_1	18	301230	113
Mock_P08_1	18	301230	26
Mock_P08_1	18	301230	43
Mock_P08_1	18	301230	69
Mock_P08_1	18	301230	43
Mock_P08_1	18	301230	62
Mock_P08_1	18	301230	73
Mock_P08_1	18	301230	103
Mock_P08_1	18	301230	23
Mock_P08_1	18	301230	89
Mock_P08_1	18	301230	61
Mock_P08_1	18	301230	93
Mock_P08_1	18	301230	134
Mock_P08_1	18	301230	158
Mock_P08_1	18	301230	26
Mock_P08_1	18	301230	56
Mock_P08_1	18	301230	129
Mock_P08_1	18	301230	45
Mock_P08_1	18	301230	1650
Mock_P08_1	18	301230	56
Mock_P08_1	18	301230	96
Mock_P08_1	18	301230	94
Mock_P08_1	18	301230	65
Mock_P08_1	18	301230	33
Mock_P08_1	18	301230	99
Mock_P08_1	18	301230	106
Mock_P08_1	18	301230	69
Mock_P08_1	18	301230	59
Mock_P08_1	18	301230	57
Mock_P08_1	18	301230	107
Mock_P08_1	18	301230	94
Mock_P08_1	19	337305	50
Mock_P08_1	19	337305	38
Mock_P08_1	19	337305	125
Mock_P08_1	19	337305	158
Mock_P08_1	19	337305	50
Mock_P08_1	19	337305	82
Mock_P08_1	19	337305	95
Mock_P08_1	19	337305	70
Mock_P08_1	19	337305	35
Mock_P08_1	19	337305	89
Mock_P08_1	19	337305	131
Mock_P08_1	19	337305	52
Mock_P08_1	19	337305	60
Mock_P08_1	19	337305	51
Mock_P08_1	19	337305	63
Mock_P08_1	19	337305	60
Mock_P08_1	19	337305	79
Mock_P08_1	19	337305	92
Mock_P08_1	19	337305	111
Mock_P08_1	19	337305	98
Mock_P08_1	19	337305	83
Mock_P08_1	19	337305	83
Mock_P08_1	19	337305	42
Mock_P08_1	19	337305	67
Mock_P08_1	19	337305	21
Mock_P08_1	19	337305	117
Mock_P08_1	19	337305	127
Mock_P08_1	19	337305	122
Mock_P08_1	19	337305	73
Mock_P08_1	19	337305	72
Mock_P08_1	19	337305	72
Mock_P08_1	19	337305	131
Mock_P08_1	19	337305	68
Mock_P08_1	19	337305	108
Mock_P08_1	19	337305	97
Mock_P08_1	19	337305	258
Mock_P08_1	19	337305	133
Mock_P08_1	19	337305	62
Mock_P08_1	19	337305	131
Mock_P08_1	19	337305	44
Mock_P08_1	19	337305	12
Mock_P08_1	19	337305	59
Mock_P08_1	19	337305	126
Mock_P08_1	19	337305	129
Mock_P08_1	19	337305	230
Mock_P08_1	19	337305	78
Mock_P08_1	19	337305	91
Mock_P08_1	19	337305	78
Mock_P08_1	19	337305	108
Mock_P08_1	19	337305	101
Mock_P08_1	19	337305	152
Mock_P08_1	19	337305	88
Mock_P08_1	19	337305	158
Mock_P08_1	19	337305	99
Mock_P08_1	19	337305	104
Mock_P08_1	19	337305	52
Mock_P08_1	19	337305	65
Mock_P08_1	19	337305	157
Mock_P08_1	19	337305	215
Mock_P08_1	19	337305	91
Mock_P08_1	19	337305	10
Mock_P08_1	19	337305	43
Mock_P08_1	19	337305	101
Mock_P08_1	19	337305	128
Mock_P08_1	19	337305	63
Mock_P08_1	19	337305	85
Mock_P08_1	19	337305	57
Mock_P08_1	19	337305	54
Mock_P08_1	19	337305	71
Mock_P08_1	19	337305	34
Mock_P08_1	19	337305	54
Mock_P08_1	19	337305	97
Mock_P08_1	19	337305	74
Mock_P08_1	19	337305	59
Mock_P08_1	19	337305	35
Mock_P08_1	19	337305	171
Mock_P08_1	19	337305	48
Mock_P08_1	19	337305	61
Mock_P08_1	19	337305	45
Mock_P08_1	19	337305	60
Mock_P08_1	19	337305	100
Mock_P08_1	19	337305	129
Mock_P08_1	19	337305	81
Mock_P08_1	19	337305	69
Mock_P08_1	19	337305	72
Mock_P08_1	19	337305	151
Mock_P08_1	19	337305	76
Mock_P08_1	19	337305	104
Mock_P08_1	19	337305	81
Mock_P08_1	19	337305	71
Mock_P08_1	19	337305	214
Mock_P08_1	19	337305	59
Mock_P08_1	19	337305	22
Mock_P08_1	19	337305	117
Mock_P08_1	19	337305	71
Mock_P08_1	19	337305	55
Mock_P08_1	19	337305	136
Mock_P08_1	19	337305	92
Mock_P08_1	19	337305	63
Mock_P08_1	19	337305	46
Mock_P08_1	19	337305	39
Mock_P08_1	19	337305	140
Mock_P08_1	19	337305	38
Mock_P08_1	19	337305	64
Mock_P08_1	19	337305	34
Mock_P08_1	19	337305	66
Mock_P08_1	19	337305	79
Mock_P08_1	19	337305	109
Mock_P08_1	19	337305	72
Mock_P08_1	19	337305	18
Mock_P08_1	19	337305	43
Mock_P08_1	19	337305	81
Mock_P08_1	19	337305	143
Mock_P08_1	19	337305	96
Mock_P08_1	19	337305	55
Mock_P08_1	19	337305	70
Mock_P08_1	19	337305	69
Mock_P08_1	19	337305	64
Mock_P08_1	19	337305	46
Mock_P08_1	19	337305	114
Mock_P08_1	19	337305	104
Mock_P08_1	19	337305	36
Mock_P08_1	19	337305	128
Mock_P08_1	19	337305	29
Mock_P08_1	19	337305	51
Mock_P08_1	19	337305	69
Mock_P08_1	19	337305	33
Mock_P08_1	19	337305	59
Mock_P08_1	19	337305	44
Mock_P08_1	19	337305	86
Mock_P08_1	19	337305	30
Mock_P08_1	19	337305	71
Mock_P08_1	19	337305	137
Mock_P08_1	19	337305	87
Mock_P08_1	19	337305	90
Mock_P08_1	19	337305	25
Mock_P08_1	19	337305	28
Mock_P08_1	19	337305	101
Mock_P08_1	19	337305	66
Mock_P08_1	19	337305	80
Mock_P08_1	19	337305	102
Mock_P08_1	19	337305	69
Mock_P08_1	19	337305	128
Mock_P08_1	19	337305	81
Mock_P08_1	19	337305	72
Mock_P08_1	19	337305	94
Mock_P08_1	19	337305	63
Mock_P08_1	19	337305	46
Mock_P08_1	19	337305	79
Mock_P08_1	19	337305	16
Mock_P08_1	19	337305	62
Mock_P08_1	19	337305	52
Mock_P08_1	19	337305	51
Mock_P08_1	19	337305	53
Mock_P08_1	19	337305	54
Mock_P08_1	20	357575	29
Mock_P08_1	20	357575	26
Mock_P08_1	20	357575	15
Mock_P08_1	20	357575	62
Mock_P08_1	20	357575	59
Mock_P08_1	20	357575	31
Mock_P08_1	20	357575	21
Mock_P08_1	20	357575	63
Mock_P08_1	20	357575	51
Mock_P08_1	20	357575	75
Mock_P08_1	20	357575	27
Mock_P08_1	20	357575	72
Mock_P08_1	20	357575	49
Mock_P08_1	20	357575	49
Mock_P08_1	20	357575	56
Mock_P08_1	20	357575	68
Mock_P08_1	20	357575	53
Mock_P08_1	20	357575	35
Mock_P08_1	20	357575	55
Mock_P08_1	20	357575	53
Mock_P08_1	20	357575	81
Mock_P08_1	20	357575	62
Mock_P08_1	20	357575	66
Mock_P08_1	20	357575	59
Mock_P08_1	20	357575	77
Mock_P08_1	20	357575	56
Mock_P08_1	20	357575	52
Mock_P08_1	20	357575	143
Mock_P08_1	20	357575	137
Mock_P08_1	20	357575	65
Mock_P08_1	20	357575	46
Mock_P08_1	20	357575	36
Mock_P08_1	20	357575	20
Mock_P08_1	20	357575	38
Mock_P08_1	20	357575	27
Mock_P08_1	20	357575	72
Mock_P08_1	20	357575	60
Mock_P08_1	20	357575	38
Mock_P08_1	20	357575	68
Mock_P08_1	20	357575	54
Mock_P08_1	20	357575	62
Mock_P08_1	20	357575	107
Mock_P08_1	20	357575	40
Mock_P08_1	20	357575	75
Mock_P08_1	20	357575	70
Mock_P08_1	20	357575	58
Mock_P08_1	20	357575	94
Mock_P08_1	20	357575	79
Mock_P08_1	20	357575	82
Mock_P08_1	20	357575	96
Mock_P08_1	20	357575	75
Mock_P08_1	20	357575	77
Mock_P08_1	20	357575	68
Mock_P08_1	20	357575	101
Mock_P08_1	20	357575	50
Mock_P08_1	20	357575	77
Mock_P08_1	20	357575	50
Mock_P08_1	20	357575	21
Mock_P08_1	20	357575	103
Mock_P08_1	20	357575	54
Mock_P08_1	20	357575	162
Mock_P08_1	20	357575	90
Mock_P08_1	20	357575	96
Mock_P08_1	20	357575	93
Mock_P08_1	20	357575	72
Mock_P08_1	20	357575	82
Mock_P08_1	20	357575	45
Mock_P08_1	20	357575	90
Mock_P08_1	20	357575	30
Mock_P08_1	20	357575	91
Mock_P08_1	20	357575	45
Mock_P08_1	20	357575	112
Mock_P08_1	20	357575	38
Mock_P08_1	20	357575	65
Mock_P08_1	20	357575	33
Mock_P08_1	20	357575	131
Mock_P08_1	20	357575	77
Mock_P08_1	20	357575	93
Mock_P08_1	20	357575	28
Mock_P08_1	20	357575	60
Mock_P08_1	20	357575	107
Mock_P08_1	20	357575	101
Mock_P08_1	20	357575	56
Mock_P08_1	20	357575	48
Mock_P08_1	20	357575	114
Mock_P08_1	20	357575	174
Mock_P08_1	20	357575	89
Mock_P08_1	20	357575	84
Mock_P08_1	20	357575	73
Mock_P08_1	20	357575	61
Mock_P08_1	20	357575	124
Mock_P08_1	20	357575	92
Mock_P08_1	20	357575	10
Mock_P08_1	20	357575	228
Mock_P08_1	20	357575	57
Mock_P08_1	20	357575	72
Mock_P08_1	20	357575	174
Mock_P08_1	20	357575	95
Mock_P08_1	20	357575	72
Mock_P08_1	20	357575	97
Mock_P08_1	20	357575	147
Mock_P08_1	20	357575	107
Mock_P08_1	20	357575	182
Mock_P08_1	20	357575	110
Mock_P08_1	20	357575	47
Mock_P08_1	20	357575	465
Mock_P08_1	20	357575	40
Mock_P08_1	20	357575	13
Mock_P08_1	20	357575	219
Mock_P08_1	20	357575	126
Mock_P08_1	20	357575	147
Mock_P08_1	20	357575	101
Mock_P08_1	20	357575	102
Mock_P08_1	20	357575	114
Mock_P08_1	20	357575	85
Mock_P08_1	20	357575	82
Mock_P08_1	20	357575	322
Mock_P08_1	20	357575	40
Mock_P08_1	20	357575	345
Mock_P08_1	20	357575	64
Mock_P08_1	20	357575	81
Mock_P08_1	20	357575	131
Mock_P08_1	20	357575	150
Mock_P08_1	20	357575	66
Mock_P08_1	20	357575	29
Mock_P08_1	20	357575	144
Mock_P08_1	20	357575	74
Mock_P08_1	20	357575	30
Mock_P08_1	20	357575	69
Mock_P08_1	20	357575	71
Mock_P08_1	20	357575	174
Mock_P08_1	20	357575	120
Mock_P08_1	20	357575	111
Mock_P08_1	20	357575	165
Mock_P08_1	20	357575	63
Mock_P08_1	20	357575	92
Mock_P08_1	20	357575	206
Mock_P08_1	20	357575	58
Mock_P08_1	20	357575	91
Mock_P08_1	20	357575	65
Mock_P08_1	20	357575	102
Mock_P08_1	20	357575	145
Mock_P08_1	20	357575	135
Mock_P08_1	20	357575	17
Mock_P08_1	20	357575	50
Mock_P08_1	20	357575	40
Mock_P08_1	20	357575	147
Mock_P08_1	20	357575	106
Mock_P08_1	20	357575	51
Mock_P08_1	20	357575	40
Mock_P08_1	20	357575	265
Mock_P08_1	20	357575	47
Mock_P08_1	20	357575	97
Mock_P08_1	20	357575	32
Mock_P08_1	20	357575	108
Mock_P08_1	21	364891	43
Mock_P08_1	21	364891	113
Mock_P08_1	21	364891	49
Mock_P08_1	21	364891	117
Mock_P08_1	21	364891	44
Mock_P08_1	21	364891	86
Mock_P08_1	21	364891	60
Mock_P08_1	21	364891	100
Mock_P08_1	21	364891	73
Mock_P08_1	21	364891	85
Mock_P08_1	21	364891	129
Mock_P08_1	21	364891	94
Mock_P08_1	21	364891	69
Mock_P08_1	21	364891	72
Mock_P08_1	21	364891	79
Mock_P08_1	21	364891	35
Mock_P08_1	21	364891	130
Mock_P08_1	21	364891	49
Mock_P08_1	21	364891	201
Mock_P08_1	21	364891	129
Mock_P08_1	21	364891	94
Mock_P08_1	21	364891	89
Mock_P08_1	21	364891	84
Mock_P08_1	21	364891	21
Mock_P08_1	21	364891	55
Mock_P08_1	21	364891	148
Mock_P08_1	21	364891	121
Mock_P08_1	21	364891	44
Mock_P08_1	21	364891	37
Mock_P08_1	21	364891	12
Mock_P08_1	21	364891	146
Mock_P08_1	21	364891	21
Mock_P08_1	21	364891	68
Mock_P08_1	21	364891	115
Mock_P08_1	21	364891	111
Mock_P08_1	21	364891	186
Mock_P08_1	21	364891	105
Mock_P08_1	21	364891	115
Mock_P08_1	21	364891	99
Mock_P08_1	21	364891	54
Mock_P08_1	21	364891	82
Mock_P08_1	21	364891	114
Mock_P08_1	21	364891	110
Mock_P08_1	21	364891	120
Mock_P08_1	21	364891	213
Mock_P08_1	21	364891	113
Mock_P08_1	21	364891	31
Mock_P08_1	21	364891	139
Mock_P08_1	21	364891	98
Mock_P08_1	21	364891	88
Mock_P08_1	21	364891	94
Mock_P08_1	21	364891	229
Mock_P08_1	21	364891	97
Mock_P08_1	21	364891	85
Mock_P08_1	21	364891	102
Mock_P08_1	21	364891	154
Mock_P08_1	21	364891	81
Mock_P08_1	21	364891	78
Mock_P08_1	21	364891	117
Mock_P08_1	21	364891	102
Mock_P08_1	21	364891	120
Mock_P08_1	21	364891	121
Mock_P08_1	21	364891	111
Mock_P08_1	21	364891	161
Mock_P08_1	21	364891	156
Mock_P08_1	21	364891	133
Mock_P08_1	21	364891	137
Mock_P08_1	21	364891	137
Mock_P08_1	21	364891	227
Mock_P08_1	21	364891	96
Mock_P08_1	21	364891	86
Mock_P08_1	21	364891	148
Mock_P08_1	21	364891	156
Mock_P08_1	21	364891	89
Mock_P08_1	21	364891	237
Mock_P08_1	21	364891	37
Mock_P08_1	21	364891	56
Mock_P08_1	21	364891	58
Mock_P08_1	21	364891	14
Mock_P08_1	21	364891	14
Mock_P08_1	21	364891	16
Mock_P08_1	21	364891	143
Mock_P08_1	21	364891	69
Mock_P08_1	21	364891	150
Mock_P08_1	21	364891	163
Mock_P08_1	21	364891	96
Mock_P08_1	21	364891	73
Mock_P08_1	21	364891	62
Mock_P08_1	21	364891	128
Mock_P08_1	21	364891	83
Mock_P08_1	21	364891	49
Mock_P08_1	21	364891	104
Mock_P08_1	21	364891	122
Mock_P08_1	21	364891	61
Mock_P08_1	21	364891	86
Mock_P08_1	21	364891	107
Mock_P08_1	21	364891	218
Mock_P08_1	21	364891	149
Mock_P08_1	21	364891	81
Mock_P08_1	21	364891	16
Mock_P08_1	21	364891	147
Mock_P08_1	21	364891	47
Mock_P08_1	21	364891	136
Mock_P08_1	21	364891	49
Mock_P08_1	21	364891	134
Mock_P08_1	21	364891	237
Mock_P08_1	21	364891	133
Mock_P08_1	21	364891	38
Mock_P08_1	21	364891	115
Mock_P08_1	22	390849	38
Mock_P08_1	22	390849	96
Mock_P08_1	22	390849	76
Mock_P08_1	22	390849	59
Mock_P08_1	22	390849	92
Mock_P08_1	22	390849	91
Mock_P08_1	22	390849	37
Mock_P08_1	22	390849	58
Mock_P08_1	22	390849	83
Mock_P08_1	22	390849	67
Mock_P08_1	22	390849	206
Mock_P08_1	22	390849	76
Mock_P08_1	22	390849	68
Mock_P08_1	22	390849	103
Mock_P08_1	22	390849	103
Mock_P08_1	22	390849	81
Mock_P08_1	22	390849	86
Mock_P08_1	22	390849	101
Mock_P08_1	22	390849	88
Mock_P08_1	22	390849	178
Mock_P08_1	22	390849	104
Mock_P08_1	22	390849	43
Mock_P08_1	22	390849	85
Mock_P08_1	22	390849	48
Mock_P08_1	22	390849	196
Mock_P08_1	22	390849	96
Mock_P08_1	22	390849	44
Mock_P08_1	22	390849	143
Mock_P08_1	22	390849	29
Mock_P08_1	22	390849	124
Mock_P08_1	22	390849	79
Mock_P08_1	22	390849	107
Mock_P08_1	22	390849	118
Mock_P08_1	22	390849	76
Mock_P08_1	22	390849	91
Mock_P08_1	22	390849	63
Mock_P08_1	22	390849	60
Mock_P08_1	22	390849	18
Mock_P08_1	22	390849	84
Mock_P08_1	22	390849	102
Mock_P08_1	22	390849	75
Mock_P08_1	22	390849	105
Mock_P08_1	22	390849	142
Mock_P08_1	22	390849	74
Mock_P08_1	22	390849	80
Mock_P08_1	22	390849	61
Mock_P08_1	22	390849	59
Mock_P08_1	22	390849	79
Mock_P08_1	22	390849	100
Mock_P08_1	22	390849	122
Mock_P08_1	22	390849	20
Mock_P08_1	22	390849	125
Mock_P08_1	22	390849	117
Mock_P08_1	22	390849	99
Mock_P08_1	22	390849	78
Mock_P08_1	22	390849	112
Mock_P08_1	22	390849	87
Mock_P08_1	22	390849	186
Mock_P08_1	22	390849	113
Mock_P08_1	22	390849	91
Mock_P08_1	22	390849	83
Mock_P08_1	22	390849	91
Mock_P08_1	22	390849	94
Mock_P08_1	22	390849	106
Mock_P08_1	22	390849	121
Mock_P08_1	22	390849	81
Mock_P08_1	22	390849	72
Mock_P08_1	22	390849	20
Mock_P08_1	22	390849	78
Mock_P08_1	22	390849	122
Mock_P08_1	22	390849	107
Mock_P08_1	22	390849	286
Mock_P08_1	22	390849	97
Mock_P08_1	22	390849	92
Mock_P08_1	22	390849	69
Mock_P08_1	22	390849	104
Mock_P08_1	22	390849	112
Mock_P08_1	22	390849	62
Mock_P08_1	22	390849	88
Mock_P08_1	22	390849	52
Mock_P08_1	22	390849	93
Mock_P08_1	22	390849	116
Mock_P08_1	22	390849	75
Mock_P08_1	22	390849	122
Mock_P08_1	22	390849	98
Mock_P08_1	22	390849	105
Mock_P08_1	22	390849	100
Mock_P08_1	22	390849	82
Mock_P08_1	22	390849	121
Mock_P08_1	22	390849	93
Mock_P08_1	22	390849	68
Mock_P08_1	22	390849	112
Mock_P08_1	22	390849	84
Mock_P08_1	22	390849	79
Mock_P08_1	22	390849	100
Mock_P08_1	22	390849	87
Mock_P08_1	22	390849	87
Mock_P08_1	22	390849	92
Mock_P08_1	22	390849	93
Mock_P08_1	22	390849	124
Mock_P08_1	22	390849	136
Mock_P08_1	22	390849	103
Mock_P08_1	22	390849	109
Mock_P08_1	22	390849	90
Mock_P08_1	22	390849	93
Mock_P08_1	22	390849	66
Mock_P08_1	22	390849	118
Mock_P08_1	22	390849	61
Mock_P08_1	22	390849	197
Mock_P08_1	22	390849	60
Mock_P08_1	22	390849	35
Mock_P08_1	22	390849	102
Mock_P08_1	22	390849	26
Mock_P08_1	22	390849	15
Mock_P08_1	22	390849	13
Mock_P08_1	22	390849	10
Mock_P08_1	22	390849	106
Mock_P08_1	22	390849	113
Mock_P08_1	22	390849	75
Mock_P08_1	22	390849	89
Mock_P08_1	22	390849	159
Mock_P08_1	22	390849	66
Mock_P08_1	22	390849	66
Mock_P08_1	22	390849	162
Mock_P08_1	22	390849	14
Mock_P08_1	22	390849	110
Mock_P08_1	22	390849	43
Mock_P08_1	22	390849	158
Mock_P08_1	22	390849	117
Mock_P08_1	22	390849	64
Mock_P08_1	22	390849	104
Mock_P08_1	22	390849	58
Mock_P08_1	22	390849	141
Mock_P08_1	22	390849	84
Mock_P08_1	22	390849	140
Mock_P08_1	22	390849	93
Mock_P08_1	22	390849	75
Mock_P08_1	23	365096	120
Mock_P08_1	23	365096	96
Mock_P08_1	23	365096	89
Mock_P08_1	23	365096	91
Mock_P08_1	23	365096	135
Mock_P08_1	23	365096	97
Mock_P08_1	23	365096	145
Mock_P08_1	23	365096	120
Mock_P08_1	23	365096	90
Mock_P08_1	23	365096	51
Mock_P08_1	23	365096	101
Mock_P08_1	23	365096	109
Mock_P08_1	23	365096	99
Mock_P08_1	23	365096	121
Mock_P08_1	23	365096	63
Mock_P08_1	23	365096	111
Mock_P08_1	23	365096	132
Mock_P08_1	23	365096	100
Mock_P08_1	23	365096	112
Mock_P08_1	23	365096	80
Mock_P08_1	23	365096	118
Mock_P08_1	23	365096	108
Mock_P08_1	23	365096	101
Mock_P08_1	23	365096	93
Mock_P08_1	23	365096	25
Mock_P08_1	23	365096	107
Mock_P08_1	23	365096	104
Mock_P08_1	23	365096	82
Mock_P08_1	23	365096	120
Mock_P08_1	23	365096	102
Mock_P08_1	23	365096	157
Mock_P08_1	23	365096	98
Mock_P08_1	23	365096	100
Mock_P08_1	23	365096	100
Mock_P08_1	23	365096	44
Mock_P08_1	23	365096	75
Mock_P08_1	23	365096	81
Mock_P08_1	23	365096	61
Mock_P08_1	23	365096	93
Mock_P08_1	23	365096	133
Mock_P08_1	23	365096	83
Mock_P08_1	23	365096	85
Mock_P08_1	23	365096	91
Mock_P08_1	23	365096	49
Mock_P08_1	23	365096	157
Mock_P08_1	23	365096	97
Mock_P08_1	23	365096	56
Mock_P08_1	23	365096	49
Mock_P08_1	23	365096	356
Mock_P08_1	23	365096	71
Mock_P08_1	23	365096	138
Mock_P08_1	23	365096	182
Mock_P08_1	23	365096	111
Mock_P08_1	23	365096	121
Mock_P08_1	23	365096	157
Mock_P08_1	23	365096	102
Mock_P08_1	23	365096	75
Mock_P08_1	23	365096	71
Mock_P08_1	23	365096	34
Mock_P08_1	23	365096	322
Mock_P08_1	23	365096	76
Mock_P08_1	23	365096	88
Mock_P08_1	23	365096	113
Mock_P08_1	23	365096	18
Mock_P08_1	23	365096	158
Mock_P08_1	23	365096	98
Mock_P08_1	23	365096	63
Mock_P08_1	23	365096	108
Mock_P08_1	23	365096	147
Mock_P08_1	23	365096	95
Mock_P08_1	23	365096	317
Mock_P08_1	23	365096	132
Mock_P08_1	23	365096	83
Mock_P08_1	23	365096	40
Mock_P08_1	23	365096	115
Mock_P08_1	23	365096	113
Mock_P08_1	23	365096	134
Mock_P08_1	23	365096	127
Mock_P08_1	23	365096	79
Mock_P08_1	23	365096	105
Mock_P08_1	23	365096	58
Mock_P08_1	23	365096	122
Mock_P08_1	23	365096	120
Mock_P08_1	23	365096	170
Mock_P08_1	23	365096	46
Mock_P08_1	23	365096	131
Mock_P08_1	23	365096	67
Mock_P08_1	23	365096	306
Mock_P08_1	23	365096	46
Mock_P08_1	23	365096	88
Mock_P08_1	23	365096	91
Mock_P08_1	23	365096	132
Mock_P08_1	23	365096	95
Mock_P08_1	23	365096	42
Mock_P08_1	23	365096	106
Mock_P08_1	23	365096	47
Mock_P08_1	23	365096	91
Mock_P08_1	23	365096	289
Mock_P08_1	23	365096	52
Mock_P08_1	23	365096	76
Mock_P08_1	23	365096	134
Mock_P08_1	23	365096	116
Mock_P08_1	23	365096	163
Mock_P08_1	23	365096	107
Mock_P08_1	23	365096	103
Mock_P08_1	23	365096	199
Mock_P08_1	23	365096	158
Mock_P08_1	23	365096	89
Mock_P08_1	23	365096	135
Mock_P08_1	23	365096	117
Mock_P08_1	23	365096	11
Mock_P08_1	23	365096	82
Mock_P08_1	23	365096	131
Mock_P08_1	23	365096	52
Mock_P08_1	23	365096	155
Mock_P08_1	23	365096	103
Mock_P08_1	23	365096	85
Mock_P08_1	23	365096	103
Mock_P08_1	23	365096	179
Mock_P08_1	23	365096	117
Mock_P08_1	23	365096	76
Mock_P08_1	23	365096	44
Mock_P08_1	23	365096	127
Mock_P08_1	23	365096	45
Mock_P08_1	23	365096	131
Mock_P08_1	23	365096	126
Mock_P08_1	23	365096	110
Mock_P08_1	23	365096	49
Mock_P08_1	23	365096	134
Mock_P08_1	23	365096	91
Mock_P08_1	23	365096	106
Mock_P08_1	23	365096	37
Mock_P08_1	23	365096	185
Mock_P08_1	23	365096	180
Mock_P08_1	24	368468	32
Mock_P08_1	24	368468	104
Mock_P08_1	24	368468	85
Mock_P08_1	24	368468	37
Mock_P08_1	24	368468	54
Mock_P08_1	24	368468	16
Mock_P08_1	24	368468	134
Mock_P08_1	24	368468	166
Mock_P08_1	24	368468	100
Mock_P08_1	24	368468	107
Mock_P08_1	24	368468	63
Mock_P08_1	24	368468	111
Mock_P08_1	24	368468	48
Mock_P08_1	24	368468	85
Mock_P08_1	24	368468	54
Mock_P08_1	24	368468	52
Mock_P08_1	24	368468	114
Mock_P08_1	24	368468	121
Mock_P08_1	24	368468	109
Mock_P08_1	24	368468	166
Mock_P08_1	24	368468	80
Mock_P08_1	24	368468	120
Mock_P08_1	24	368468	164
Mock_P08_1	24	368468	163
Mock_P08_1	24	368468	63
Mock_P08_1	24	368468	157
Mock_P08_1	24	368468	138
Mock_P08_1	24	368468	84
Mock_P08_1	24	368468	81
Mock_P08_1	24	368468	66
Mock_P08_1	24	368468	128
Mock_P08_1	24	368468	90
Mock_P08_1	24	368468	161
Mock_P08_1	24	368468	125
Mock_P08_1	24	368468	97
Mock_P08_1	24	368468	98
Mock_P08_1	24	368468	83
Mock_P08_1	24	368468	67
Mock_P08_1	24	368468	98
Mock_P08_1	24	368468	85
Mock_P08_1	24	368468	76
Mock_P08_1	24	368468	47
Mock_P08_1	24	368468	78
Mock_P08_1	24	368468	150
Mock_P08_1	24	368468	132
Mock_P08_1	24	368468	79
Mock_P08_1	24	368468	122
Mock_P08_1	24	368468	92
Mock_P08_1	24	368468	129
Mock_P08_1	24	368468	96
Mock_P08_1	24	368468	57
Mock_P08_1	24	368468	78
Mock_P08_1	24	368468	87
Mock_P08_1	24	368468	80
Mock_P08_1	24	368468	157
Mock_P08_1	24	368468	54
Mock_P08_1	24	368468	158
Mock_P08_1	24	368468	49
Mock_P08_1	24	368468	86
Mock_P08_1	24	368468	78
Mock_P08_1	24	368468	109
Mock_P08_1	24	368468	68
Mock_P08_1	24	368468	70
Mock_P08_1	24	368468	70
Mock_P08_1	24	368468	85
Mock_P08_1	24	368468	91
Mock_P08_1	24	368468	91
Mock_P08_1	24	368468	74
Mock_P08_1	24	368468	13
Mock_P08_1	24	368468	42
Mock_P08_1	24	368468	193
Mock_P08_1	24	368468	139
Mock_P08_1	24	368468	138
Mock_P08_1	24	368468	68
Mock_P08_1	24	368468	181
Mock_P08_1	24	368468	145
Mock_P08_1	24	368468	37
Mock_P08_1	24	368468	59
Mock_P08_1	24	368468	98
Mock_P08_1	24	368468	210
Mock_P08_1	24	368468	175
Mock_P08_1	24	368468	120
Mock_P08_1	24	368468	106
Mock_P08_1	24	368468	27
Mock_P08_1	24	368468	128
Mock_P08_1	24	368468	112
Mock_P08_1	24	368468	64
Mock_P08_1	24	368468	93
Mock_P08_1	24	368468	83
Mock_P08_1	24	368468	46
Mock_P08_1	24	368468	71
Mock_P08_1	24	368468	131
Mock_P08_1	24	368468	177
Mock_P08_1	24	368468	44
Mock_P08_1	24	368468	181
Mock_P08_1	24	368468	208
Mock_P08_1	24	368468	90
Mock_P08_1	24	368468	125
Mock_P08_1	24	368468	113
Mock_P08_1	24	368468	125
Mock_P08_1	24	368468	49
Mock_P08_1	24	368468	22
Mock_P08_1	24	368468	279
Mock_P08_1	24	368468	33
Mock_P08_1	24	368468	13
Mock_P08_1	24	368468	38
Mock_P08_1	24	368468	21
Mock_P08_1	24	368468	201
Mock_P08_1	24	368468	73
Mock_P08_1	24	368468	175
Mock_P08_1	24	368468	102
Mock_P08_1	24	368468	56
Mock_P08_1	24	368468	72
Mock_P08_1	24	368468	125
Mock_P08_1	24	368468	112
Mock_P08_1	24	368468	143
Mock_P08_1	24	368468	186
Mock_P08_1	24	368468	82
Mock_P08_1	24	368468	102
Mock_P08_1	24	368468	148
Mock_P08_1	24	368468	126
Mock_P08_1	24	368468	202
Mock_P08_1	24	368468	119
Mock_P08_1	24	368468	127
Mock_P08_1	24	368468	84
Mock_P08_1	24	368468	177
Mock_P08_1	24	368468	90
Mock_P08_1	24	368468	89
Mock_P08_1	24	368468	125
Mock_P08_1	24	368468	30
Mock_P08_1	24	368468	147
Mock_P08_1	24	368468	122
Mock_P08_1	24	368468	134
Mock_P08_1	24	368468	110
Mock_P08_1	24	368468	53
