fichier	leaf	surfaceLeaf	surfaceLesion
Mock_P08_2	1	225210	58
Mock_P08_2	2	315364	0
Mock_P08_2	3	287289	0
Mock_P08_2	4	289524	15
Mock_P08_2	4	289524	39
Mock_P08_2	4	289524	10
Mock_P08_2	5	257251	12
Mock_P08_2	5	257251	14
Mock_P08_2	6	256826	0
Mock_P08_2	7	228979	51
Mock_P08_2	7	228979	69
Mock_P08_2	7	228979	125
Mock_P08_2	7	228979	108
Mock_P08_2	7	228979	31
Mock_P08_2	7	228979	120
Mock_P08_2	7	228979	127
Mock_P08_2	7	228979	204
Mock_P08_2	7	228979	129
Mock_P08_2	7	228979	107
Mock_P08_2	7	228979	72
Mock_P08_2	7	228979	184
Mock_P08_2	7	228979	123
Mock_P08_2	7	228979	100
Mock_P08_2	7	228979	94
Mock_P08_2	7	228979	40
Mock_P08_2	7	228979	62
Mock_P08_2	7	228979	49
Mock_P08_2	7	228979	110
Mock_P08_2	7	228979	95
Mock_P08_2	7	228979	18
Mock_P08_2	7	228979	51
Mock_P08_2	7	228979	113
Mock_P08_2	7	228979	129
Mock_P08_2	7	228979	69
Mock_P08_2	7	228979	64
Mock_P08_2	7	228979	86
Mock_P08_2	7	228979	75
Mock_P08_2	7	228979	96
Mock_P08_2	7	228979	80
Mock_P08_2	7	228979	59
Mock_P08_2	7	228979	181
Mock_P08_2	7	228979	105
Mock_P08_2	7	228979	124
Mock_P08_2	7	228979	109
Mock_P08_2	7	228979	184
Mock_P08_2	7	228979	53
Mock_P08_2	7	228979	79
Mock_P08_2	7	228979	72
Mock_P08_2	7	228979	98
Mock_P08_2	7	228979	215
Mock_P08_2	7	228979	119
Mock_P08_2	7	228979	198
Mock_P08_2	7	228979	54
Mock_P08_2	7	228979	98
Mock_P08_2	7	228979	38
Mock_P08_2	7	228979	43
Mock_P08_2	7	228979	91
Mock_P08_2	7	228979	106
Mock_P08_2	7	228979	152
Mock_P08_2	7	228979	119
Mock_P08_2	7	228979	149
Mock_P08_2	7	228979	112
Mock_P08_2	7	228979	157
Mock_P08_2	7	228979	84
Mock_P08_2	7	228979	103
Mock_P08_2	7	228979	176
Mock_P08_2	7	228979	112
Mock_P08_2	7	228979	21
Mock_P08_2	7	228979	72
Mock_P08_2	7	228979	73
Mock_P08_2	7	228979	76
Mock_P08_2	7	228979	87
Mock_P08_2	7	228979	71
Mock_P08_2	7	228979	103
Mock_P08_2	7	228979	102
Mock_P08_2	7	228979	111
Mock_P08_2	7	228979	65
Mock_P08_2	7	228979	85
Mock_P08_2	7	228979	116
Mock_P08_2	7	228979	66
Mock_P08_2	7	228979	79
Mock_P08_2	7	228979	98
Mock_P08_2	7	228979	35
Mock_P08_2	7	228979	79
Mock_P08_2	7	228979	46
Mock_P08_2	7	228979	44
Mock_P08_2	7	228979	114
Mock_P08_2	7	228979	47
Mock_P08_2	7	228979	85
Mock_P08_2	7	228979	70
Mock_P08_2	7	228979	98
Mock_P08_2	7	228979	123
Mock_P08_2	7	228979	116
Mock_P08_2	7	228979	127
Mock_P08_2	7	228979	70
Mock_P08_2	8	274538	88
Mock_P08_2	8	274538	73
Mock_P08_2	8	274538	130
Mock_P08_2	8	274538	106
Mock_P08_2	8	274538	138
Mock_P08_2	8	274538	129
Mock_P08_2	8	274538	87
Mock_P08_2	8	274538	104
Mock_P08_2	8	274538	172
Mock_P08_2	8	274538	21
Mock_P08_2	8	274538	80
Mock_P08_2	8	274538	80
Mock_P08_2	8	274538	122
Mock_P08_2	8	274538	102
Mock_P08_2	8	274538	92
Mock_P08_2	8	274538	105
Mock_P08_2	8	274538	33
Mock_P08_2	8	274538	83
Mock_P08_2	8	274538	63
Mock_P08_2	8	274538	68
Mock_P08_2	8	274538	61
Mock_P08_2	8	274538	158
Mock_P08_2	8	274538	97
Mock_P08_2	8	274538	62
Mock_P08_2	8	274538	74
Mock_P08_2	8	274538	64
Mock_P08_2	8	274538	95
Mock_P08_2	8	274538	76
Mock_P08_2	8	274538	65
Mock_P08_2	8	274538	10
Mock_P08_2	8	274538	29
Mock_P08_2	8	274538	25
Mock_P08_2	8	274538	89
Mock_P08_2	8	274538	41
Mock_P08_2	8	274538	44
Mock_P08_2	8	274538	112
Mock_P08_2	8	274538	88
Mock_P08_2	8	274538	105
Mock_P08_2	8	274538	19
Mock_P08_2	8	274538	88
Mock_P08_2	8	274538	83
Mock_P08_2	8	274538	64
Mock_P08_2	8	274538	48
Mock_P08_2	8	274538	119
Mock_P08_2	8	274538	110
Mock_P08_2	8	274538	106
Mock_P08_2	8	274538	136
Mock_P08_2	8	274538	98
Mock_P08_2	8	274538	112
Mock_P08_2	8	274538	113
Mock_P08_2	8	274538	115
Mock_P08_2	8	274538	62
Mock_P08_2	8	274538	60
Mock_P08_2	8	274538	82
Mock_P08_2	8	274538	80
Mock_P08_2	8	274538	94
Mock_P08_2	8	274538	94
Mock_P08_2	8	274538	96
Mock_P08_2	8	274538	52
Mock_P08_2	8	274538	88
Mock_P08_2	8	274538	132
Mock_P08_2	8	274538	148
Mock_P08_2	8	274538	92
Mock_P08_2	9	328109	73
Mock_P08_2	9	328109	38
Mock_P08_2	9	328109	71
Mock_P08_2	9	328109	36
Mock_P08_2	9	328109	59
Mock_P08_2	9	328109	53
Mock_P08_2	9	328109	120
Mock_P08_2	9	328109	31
Mock_P08_2	9	328109	85
Mock_P08_2	9	328109	75
Mock_P08_2	9	328109	222
Mock_P08_2	9	328109	103
Mock_P08_2	9	328109	130
Mock_P08_2	9	328109	139
Mock_P08_2	9	328109	174
Mock_P08_2	9	328109	44
Mock_P08_2	9	328109	91
Mock_P08_2	9	328109	88
Mock_P08_2	9	328109	165
Mock_P08_2	9	328109	116
Mock_P08_2	9	328109	97
Mock_P08_2	9	328109	141
Mock_P08_2	9	328109	50
Mock_P08_2	9	328109	58
Mock_P08_2	9	328109	77
Mock_P08_2	9	328109	92
Mock_P08_2	9	328109	95
Mock_P08_2	9	328109	136
Mock_P08_2	9	328109	113
Mock_P08_2	9	328109	100
Mock_P08_2	9	328109	37
Mock_P08_2	9	328109	135
Mock_P08_2	9	328109	50
Mock_P08_2	9	328109	141
Mock_P08_2	9	328109	104
Mock_P08_2	9	328109	194
Mock_P08_2	9	328109	130
Mock_P08_2	9	328109	106
Mock_P08_2	9	328109	81
Mock_P08_2	9	328109	114
Mock_P08_2	9	328109	119
Mock_P08_2	9	328109	96
Mock_P08_2	9	328109	94
Mock_P08_2	9	328109	92
Mock_P08_2	9	328109	88
Mock_P08_2	9	328109	89
Mock_P08_2	9	328109	64
Mock_P08_2	9	328109	98
Mock_P08_2	9	328109	86
Mock_P08_2	9	328109	101
Mock_P08_2	9	328109	74
Mock_P08_2	9	328109	74
Mock_P08_2	9	328109	64
Mock_P08_2	9	328109	31
Mock_P08_2	10	348731	142
Mock_P08_2	10	348731	21
Mock_P08_2	10	348731	28
Mock_P08_2	10	348731	114
Mock_P08_2	10	348731	146
Mock_P08_2	10	348731	122
Mock_P08_2	10	348731	85
Mock_P08_2	10	348731	252
Mock_P08_2	10	348731	159
Mock_P08_2	10	348731	116
Mock_P08_2	10	348731	25
Mock_P08_2	10	348731	121
Mock_P08_2	10	348731	82
Mock_P08_2	10	348731	63
Mock_P08_2	10	348731	83
Mock_P08_2	10	348731	178
Mock_P08_2	10	348731	119
Mock_P08_2	10	348731	83
Mock_P08_2	10	348731	106
Mock_P08_2	10	348731	228
Mock_P08_2	10	348731	118
Mock_P08_2	10	348731	282
Mock_P08_2	10	348731	123
Mock_P08_2	10	348731	282
Mock_P08_2	10	348731	162
Mock_P08_2	10	348731	92
Mock_P08_2	10	348731	111
Mock_P08_2	10	348731	160
Mock_P08_2	10	348731	138
Mock_P08_2	10	348731	133
Mock_P08_2	10	348731	57
Mock_P08_2	10	348731	96
Mock_P08_2	10	348731	160
Mock_P08_2	10	348731	147
Mock_P08_2	10	348731	221
Mock_P08_2	10	348731	194
Mock_P08_2	10	348731	191
Mock_P08_2	10	348731	111
Mock_P08_2	10	348731	150
Mock_P08_2	10	348731	63
Mock_P08_2	10	348731	123
Mock_P08_2	10	348731	96
Mock_P08_2	10	348731	127
Mock_P08_2	10	348731	102
Mock_P08_2	10	348731	106
Mock_P08_2	10	348731	106
Mock_P08_2	10	348731	138
Mock_P08_2	10	348731	74
Mock_P08_2	10	348731	87
Mock_P08_2	10	348731	190
Mock_P08_2	10	348731	58
Mock_P08_2	10	348731	111
Mock_P08_2	10	348731	59
Mock_P08_2	10	348731	240
Mock_P08_2	10	348731	83
Mock_P08_2	10	348731	81
Mock_P08_2	10	348731	139
Mock_P08_2	10	348731	274
Mock_P08_2	10	348731	172
Mock_P08_2	10	348731	297
Mock_P08_2	10	348731	285
Mock_P08_2	10	348731	254
Mock_P08_2	10	348731	99
Mock_P08_2	10	348731	153
Mock_P08_2	10	348731	73
Mock_P08_2	10	348731	79
Mock_P08_2	10	348731	79
Mock_P08_2	10	348731	146
Mock_P08_2	10	348731	90
Mock_P08_2	10	348731	103
Mock_P08_2	10	348731	63
Mock_P08_2	10	348731	52
Mock_P08_2	10	348731	78
Mock_P08_2	10	348731	23
Mock_P08_2	10	348731	81
Mock_P08_2	10	348731	89
Mock_P08_2	10	348731	83
Mock_P08_2	10	348731	64
Mock_P08_2	10	348731	129
Mock_P08_2	10	348731	38
Mock_P08_2	10	348731	67
Mock_P08_2	10	348731	121
Mock_P08_2	10	348731	83
Mock_P08_2	10	348731	140
Mock_P08_2	10	348731	81
Mock_P08_2	10	348731	84
Mock_P08_2	10	348731	74
Mock_P08_2	10	348731	110
Mock_P08_2	10	348731	83
Mock_P08_2	10	348731	179
Mock_P08_2	10	348731	76
Mock_P08_2	10	348731	86
Mock_P08_2	10	348731	179
Mock_P08_2	10	348731	94
Mock_P08_2	10	348731	89
Mock_P08_2	10	348731	78
Mock_P08_2	10	348731	149
Mock_P08_2	10	348731	158
Mock_P08_2	10	348731	88
Mock_P08_2	10	348731	200
Mock_P08_2	10	348731	97
Mock_P08_2	10	348731	93
Mock_P08_2	10	348731	78
Mock_P08_2	10	348731	200
Mock_P08_2	10	348731	176
Mock_P08_2	10	348731	16
Mock_P08_2	10	348731	98
Mock_P08_2	10	348731	111
Mock_P08_2	10	348731	109
Mock_P08_2	10	348731	108
Mock_P08_2	10	348731	98
Mock_P08_2	10	348731	154
Mock_P08_2	10	348731	103
Mock_P08_2	10	348731	114
Mock_P08_2	10	348731	91
Mock_P08_2	10	348731	194
Mock_P08_2	10	348731	177
Mock_P08_2	10	348731	104
Mock_P08_2	10	348731	146
Mock_P08_2	10	348731	95
Mock_P08_2	10	348731	129
Mock_P08_2	10	348731	153
Mock_P08_2	10	348731	61
Mock_P08_2	10	348731	186
Mock_P08_2	10	348731	69
Mock_P08_2	10	348731	130
Mock_P08_2	10	348731	99
Mock_P08_2	10	348731	148
Mock_P08_2	10	348731	136
Mock_P08_2	10	348731	76
Mock_P08_2	10	348731	81
Mock_P08_2	10	348731	48
Mock_P08_2	10	348731	121
Mock_P08_2	11	260641	52
Mock_P08_2	11	260641	46
Mock_P08_2	11	260641	68
Mock_P08_2	11	260641	58
Mock_P08_2	11	260641	56
Mock_P08_2	11	260641	57
Mock_P08_2	11	260641	98
Mock_P08_2	11	260641	65
Mock_P08_2	11	260641	91
Mock_P08_2	11	260641	103
Mock_P08_2	11	260641	144
Mock_P08_2	11	260641	68
Mock_P08_2	11	260641	49
Mock_P08_2	11	260641	99
Mock_P08_2	11	260641	205
Mock_P08_2	11	260641	49
Mock_P08_2	11	260641	75
Mock_P08_2	11	260641	144
Mock_P08_2	11	260641	62
Mock_P08_2	11	260641	180
Mock_P08_2	11	260641	71
Mock_P08_2	11	260641	62
Mock_P08_2	11	260641	184
Mock_P08_2	11	260641	58
Mock_P08_2	11	260641	46
Mock_P08_2	11	260641	58
Mock_P08_2	11	260641	50
Mock_P08_2	11	260641	169
Mock_P08_2	11	260641	212
Mock_P08_2	11	260641	61
Mock_P08_2	11	260641	69
Mock_P08_2	11	260641	89
Mock_P08_2	11	260641	115
Mock_P08_2	11	260641	40
Mock_P08_2	11	260641	188
Mock_P08_2	11	260641	166
Mock_P08_2	11	260641	100
Mock_P08_2	11	260641	89
Mock_P08_2	11	260641	54
Mock_P08_2	11	260641	66
Mock_P08_2	11	260641	129
Mock_P08_2	11	260641	112
Mock_P08_2	11	260641	111
Mock_P08_2	11	260641	69
Mock_P08_2	11	260641	121
Mock_P08_2	11	260641	93
Mock_P08_2	11	260641	134
Mock_P08_2	11	260641	204
Mock_P08_2	11	260641	57
Mock_P08_2	11	260641	52
Mock_P08_2	11	260641	104
Mock_P08_2	11	260641	212
Mock_P08_2	11	260641	67
Mock_P08_2	11	260641	122
Mock_P08_2	11	260641	100
Mock_P08_2	11	260641	123
Mock_P08_2	11	260641	110
Mock_P08_2	11	260641	80
Mock_P08_2	11	260641	109
Mock_P08_2	11	260641	79
Mock_P08_2	11	260641	227
Mock_P08_2	11	260641	71
Mock_P08_2	11	260641	84
Mock_P08_2	11	260641	114
Mock_P08_2	11	260641	122
Mock_P08_2	11	260641	78
Mock_P08_2	11	260641	92
Mock_P08_2	11	260641	104
Mock_P08_2	11	260641	194
Mock_P08_2	11	260641	49
Mock_P08_2	11	260641	102
Mock_P08_2	11	260641	68
Mock_P08_2	11	260641	131
Mock_P08_2	11	260641	106
Mock_P08_2	11	260641	64
Mock_P08_2	11	260641	88
Mock_P08_2	11	260641	31
Mock_P08_2	11	260641	88
Mock_P08_2	11	260641	81
Mock_P08_2	11	260641	63
Mock_P08_2	11	260641	117
Mock_P08_2	11	260641	116
Mock_P08_2	11	260641	264
Mock_P08_2	11	260641	126
Mock_P08_2	11	260641	89
Mock_P08_2	11	260641	132
Mock_P08_2	11	260641	72
Mock_P08_2	11	260641	161
Mock_P08_2	11	260641	141
Mock_P08_2	11	260641	207
Mock_P08_2	11	260641	68
Mock_P08_2	11	260641	183
Mock_P08_2	11	260641	105
Mock_P08_2	11	260641	140
Mock_P08_2	11	260641	92
Mock_P08_2	11	260641	94
Mock_P08_2	11	260641	66
Mock_P08_2	11	260641	90
Mock_P08_2	11	260641	147
Mock_P08_2	11	260641	66
Mock_P08_2	11	260641	73
Mock_P08_2	11	260641	106
Mock_P08_2	11	260641	84
Mock_P08_2	11	260641	95
Mock_P08_2	11	260641	101
Mock_P08_2	11	260641	384
Mock_P08_2	11	260641	206
Mock_P08_2	11	260641	123
Mock_P08_2	11	260641	25
Mock_P08_2	11	260641	109
Mock_P08_2	11	260641	98
Mock_P08_2	11	260641	61
Mock_P08_2	11	260641	76
Mock_P08_2	11	260641	252
Mock_P08_2	11	260641	109
Mock_P08_2	11	260641	75
Mock_P08_2	11	260641	114
Mock_P08_2	11	260641	101
Mock_P08_2	11	260641	122
Mock_P08_2	11	260641	166
Mock_P08_2	11	260641	126
Mock_P08_2	11	260641	71
Mock_P08_2	11	260641	56
Mock_P08_2	11	260641	72
Mock_P08_2	11	260641	114
Mock_P08_2	11	260641	89
Mock_P08_2	11	260641	124
Mock_P08_2	11	260641	140
Mock_P08_2	12	258155	125
Mock_P08_2	12	258155	98
Mock_P08_2	12	258155	93
Mock_P08_2	12	258155	52
Mock_P08_2	12	258155	104
Mock_P08_2	12	258155	120
Mock_P08_2	12	258155	36
Mock_P08_2	12	258155	46
Mock_P08_2	12	258155	155
Mock_P08_2	12	258155	147
Mock_P08_2	12	258155	53
Mock_P08_2	12	258155	59
Mock_P08_2	12	258155	103
Mock_P08_2	12	258155	106
Mock_P08_2	12	258155	191
Mock_P08_2	12	258155	110
Mock_P08_2	12	258155	99
Mock_P08_2	12	258155	183
Mock_P08_2	12	258155	255
Mock_P08_2	12	258155	90
Mock_P08_2	12	258155	101
Mock_P08_2	12	258155	389
Mock_P08_2	12	258155	198
Mock_P08_2	12	258155	96
Mock_P08_2	12	258155	127
Mock_P08_2	12	258155	178
Mock_P08_2	12	258155	131
Mock_P08_2	12	258155	134
Mock_P08_2	12	258155	35
Mock_P08_2	12	258155	110
Mock_P08_2	12	258155	266
Mock_P08_2	12	258155	74
Mock_P08_2	12	258155	105
Mock_P08_2	12	258155	133
Mock_P08_2	12	258155	116
Mock_P08_2	12	258155	199
Mock_P08_2	12	258155	163
Mock_P08_2	12	258155	105
Mock_P08_2	12	258155	44
Mock_P08_2	12	258155	175
Mock_P08_2	12	258155	185
Mock_P08_2	12	258155	163
Mock_P08_2	12	258155	109
Mock_P08_2	12	258155	180
Mock_P08_2	12	258155	140
Mock_P08_2	12	258155	129
Mock_P08_2	12	258155	240
Mock_P08_2	12	258155	35
Mock_P08_2	12	258155	179
Mock_P08_2	12	258155	187
Mock_P08_2	12	258155	117
Mock_P08_2	12	258155	84
Mock_P08_2	12	258155	127
Mock_P08_2	12	258155	159
Mock_P08_2	12	258155	100
Mock_P08_2	12	258155	88
Mock_P08_2	12	258155	66
Mock_P08_2	12	258155	210
Mock_P08_2	12	258155	85
Mock_P08_2	12	258155	73
Mock_P08_2	12	258155	142
Mock_P08_2	12	258155	132
Mock_P08_2	12	258155	167
Mock_P08_2	12	258155	95
Mock_P08_2	12	258155	104
Mock_P08_2	12	258155	135
Mock_P08_2	12	258155	133
Mock_P08_2	12	258155	129
Mock_P08_2	12	258155	94
Mock_P08_2	12	258155	115
Mock_P08_2	12	258155	144
Mock_P08_2	12	258155	76
Mock_P08_2	12	258155	150
Mock_P08_2	12	258155	132
Mock_P08_2	12	258155	110
Mock_P08_2	12	258155	98
Mock_P08_2	12	258155	58
Mock_P08_2	12	258155	416
Mock_P08_2	12	258155	109
Mock_P08_2	12	258155	430
Mock_P08_2	12	258155	240
Mock_P08_2	12	258155	90
Mock_P08_2	12	258155	39
Mock_P08_2	12	258155	96
Mock_P08_2	12	258155	118
Mock_P08_2	12	258155	73
Mock_P08_2	12	258155	114
Mock_P08_2	12	258155	74
Mock_P08_2	12	258155	106
Mock_P08_2	12	258155	104
Mock_P08_2	12	258155	59
Mock_P08_2	12	258155	104
Mock_P08_2	12	258155	78
Mock_P08_2	12	258155	62
Mock_P08_2	12	258155	66
Mock_P08_2	12	258155	76
Mock_P08_2	12	258155	120
Mock_P08_2	12	258155	190
Mock_P08_2	12	258155	38
Mock_P08_2	12	258155	155
Mock_P08_2	12	258155	33
Mock_P08_2	12	258155	772
Mock_P08_2	12	258155	56
Mock_P08_2	12	258155	120
Mock_P08_2	12	258155	190
Mock_P08_2	12	258155	99
Mock_P08_2	12	258155	126
Mock_P08_2	12	258155	259
Mock_P08_2	12	258155	101
Mock_P08_2	12	258155	92
Mock_P08_2	12	258155	67
Mock_P08_2	12	258155	99
Mock_P08_2	12	258155	101
Mock_P08_2	12	258155	91
Mock_P08_2	12	258155	129
Mock_P08_2	12	258155	81
Mock_P08_2	12	258155	148
Mock_P08_2	12	258155	166
Mock_P08_2	12	258155	16
Mock_P08_2	12	258155	25
Mock_P08_2	12	258155	84
Mock_P08_2	12	258155	248
Mock_P08_2	12	258155	187
Mock_P08_2	12	258155	110
Mock_P08_2	12	258155	80
Mock_P08_2	12	258155	76
Mock_P08_2	12	258155	114
Mock_P08_2	12	258155	182
Mock_P08_2	12	258155	16
Mock_P08_2	13	315987	129
Mock_P08_2	13	315987	135
Mock_P08_2	13	315987	68
Mock_P08_2	13	315987	90
Mock_P08_2	13	315987	73
Mock_P08_2	13	315987	149
Mock_P08_2	13	315987	12
Mock_P08_2	13	315987	255
Mock_P08_2	13	315987	194
Mock_P08_2	13	315987	126
Mock_P08_2	13	315987	151
Mock_P08_2	13	315987	72
Mock_P08_2	13	315987	69
Mock_P08_2	13	315987	104
Mock_P08_2	13	315987	87
Mock_P08_2	13	315987	311
Mock_P08_2	13	315987	75
Mock_P08_2	13	315987	143
Mock_P08_2	13	315987	34
Mock_P08_2	13	315987	150
Mock_P08_2	13	315987	230
Mock_P08_2	13	315987	129
Mock_P08_2	13	315987	100
Mock_P08_2	13	315987	119
Mock_P08_2	13	315987	134
Mock_P08_2	13	315987	177
Mock_P08_2	13	315987	458
Mock_P08_2	13	315987	122
Mock_P08_2	13	315987	90
Mock_P08_2	13	315987	148
Mock_P08_2	13	315987	148
Mock_P08_2	13	315987	169
Mock_P08_2	13	315987	174
Mock_P08_2	13	315987	151
Mock_P08_2	13	315987	258
Mock_P08_2	13	315987	65
Mock_P08_2	13	315987	171
Mock_P08_2	13	315987	148
Mock_P08_2	13	315987	192
Mock_P08_2	13	315987	183
Mock_P08_2	13	315987	129
Mock_P08_2	13	315987	256
Mock_P08_2	13	315987	83
Mock_P08_2	13	315987	108
Mock_P08_2	13	315987	124
Mock_P08_2	13	315987	63
Mock_P08_2	13	315987	111
Mock_P08_2	13	315987	89
Mock_P08_2	13	315987	95
Mock_P08_2	13	315987	116
Mock_P08_2	13	315987	142
Mock_P08_2	13	315987	222
Mock_P08_2	13	315987	79
Mock_P08_2	13	315987	179
Mock_P08_2	13	315987	346
Mock_P08_2	13	315987	204
Mock_P08_2	13	315987	115
Mock_P08_2	13	315987	102
Mock_P08_2	13	315987	50
Mock_P08_2	13	315987	260
Mock_P08_2	13	315987	98
Mock_P08_2	13	315987	194
Mock_P08_2	13	315987	144
Mock_P08_2	13	315987	92
Mock_P08_2	13	315987	130
Mock_P08_2	13	315987	145
Mock_P08_2	13	315987	138
Mock_P08_2	13	315987	158
Mock_P08_2	13	315987	159
Mock_P08_2	13	315987	125
Mock_P08_2	13	315987	114
Mock_P08_2	13	315987	109
Mock_P08_2	13	315987	106
Mock_P08_2	13	315987	98
Mock_P08_2	13	315987	131
Mock_P08_2	13	315987	159
Mock_P08_2	13	315987	97
Mock_P08_2	13	315987	70
Mock_P08_2	13	315987	105
Mock_P08_2	13	315987	147
Mock_P08_2	13	315987	164
Mock_P08_2	13	315987	75
Mock_P08_2	13	315987	104
Mock_P08_2	13	315987	171
Mock_P08_2	13	315987	77
Mock_P08_2	13	315987	126
Mock_P08_2	13	315987	179
Mock_P08_2	13	315987	136
Mock_P08_2	13	315987	126
Mock_P08_2	13	315987	88
Mock_P08_2	13	315987	86
Mock_P08_2	13	315987	118
Mock_P08_2	13	315987	103
Mock_P08_2	13	315987	74
Mock_P08_2	13	315987	49
Mock_P08_2	13	315987	76
Mock_P08_2	13	315987	90
Mock_P08_2	13	315987	56
Mock_P08_2	13	315987	83
Mock_P08_2	13	315987	120
Mock_P08_2	13	315987	90
Mock_P08_2	13	315987	139
Mock_P08_2	14	323433	97
Mock_P08_2	14	323433	92
Mock_P08_2	14	323433	145
Mock_P08_2	14	323433	140
Mock_P08_2	14	323433	128
Mock_P08_2	14	323433	119
Mock_P08_2	14	323433	102
Mock_P08_2	14	323433	296
Mock_P08_2	14	323433	160
Mock_P08_2	14	323433	109
Mock_P08_2	14	323433	162
Mock_P08_2	14	323433	111
Mock_P08_2	14	323433	97
Mock_P08_2	14	323433	168
Mock_P08_2	14	323433	222
Mock_P08_2	14	323433	65
Mock_P08_2	14	323433	132
Mock_P08_2	14	323433	45
Mock_P08_2	14	323433	119
Mock_P08_2	14	323433	132
Mock_P08_2	14	323433	121
Mock_P08_2	14	323433	96
Mock_P08_2	14	323433	159
Mock_P08_2	14	323433	71
Mock_P08_2	14	323433	55
Mock_P08_2	14	323433	231
Mock_P08_2	14	323433	126
Mock_P08_2	14	323433	103
Mock_P08_2	14	323433	397
Mock_P08_2	14	323433	214
Mock_P08_2	14	323433	128
Mock_P08_2	14	323433	67
Mock_P08_2	14	323433	127
Mock_P08_2	14	323433	122
Mock_P08_2	14	323433	96
Mock_P08_2	14	323433	107
Mock_P08_2	14	323433	101
Mock_P08_2	14	323433	172
Mock_P08_2	14	323433	148
Mock_P08_2	14	323433	139
Mock_P08_2	14	323433	348
Mock_P08_2	14	323433	188
Mock_P08_2	14	323433	106
Mock_P08_2	14	323433	12
Mock_P08_2	14	323433	106
Mock_P08_2	14	323433	422
Mock_P08_2	14	323433	57
Mock_P08_2	14	323433	56
Mock_P08_2	14	323433	28
Mock_P08_2	14	323433	178
Mock_P08_2	14	323433	146
Mock_P08_2	14	323433	100
Mock_P08_2	14	323433	35
Mock_P08_2	14	323433	134
Mock_P08_2	14	323433	191
Mock_P08_2	14	323433	165
Mock_P08_2	14	323433	141
Mock_P08_2	14	323433	221
Mock_P08_2	14	323433	80
Mock_P08_2	14	323433	104
Mock_P08_2	14	323433	146
Mock_P08_2	14	323433	194
Mock_P08_2	14	323433	79
Mock_P08_2	14	323433	134
Mock_P08_2	14	323433	66
Mock_P08_2	14	323433	156
Mock_P08_2	14	323433	218
Mock_P08_2	14	323433	157
Mock_P08_2	14	323433	50
Mock_P08_2	14	323433	144
Mock_P08_2	14	323433	87
Mock_P08_2	14	323433	23
Mock_P08_2	14	323433	88
Mock_P08_2	14	323433	89
Mock_P08_2	14	323433	99
Mock_P08_2	14	323433	73
Mock_P08_2	14	323433	87
Mock_P08_2	14	323433	94
Mock_P08_2	14	323433	119
Mock_P08_2	14	323433	85
Mock_P08_2	14	323433	88
Mock_P08_2	14	323433	75
Mock_P08_2	14	323433	56
Mock_P08_2	14	323433	61
Mock_P08_2	14	323433	150
Mock_P08_2	14	323433	59
Mock_P08_2	14	323433	156
Mock_P08_2	14	323433	211
Mock_P08_2	14	323433	138
Mock_P08_2	14	323433	70
Mock_P08_2	14	323433	62
Mock_P08_2	14	323433	57
Mock_P08_2	14	323433	193
Mock_P08_2	14	323433	87
Mock_P08_2	14	323433	172
Mock_P08_2	14	323433	57
Mock_P08_2	14	323433	100
Mock_P08_2	14	323433	49
Mock_P08_2	14	323433	581
Mock_P08_2	14	323433	56
Mock_P08_2	14	323433	40
Mock_P08_2	14	323433	250
Mock_P08_2	14	323433	254
Mock_P08_2	14	323433	120
Mock_P08_2	14	323433	119
Mock_P08_2	14	323433	91
Mock_P08_2	14	323433	549
Mock_P08_2	14	323433	84
Mock_P08_2	14	323433	143
Mock_P08_2	14	323433	133
Mock_P08_2	14	323433	66
Mock_P08_2	14	323433	102
Mock_P08_2	14	323433	13
Mock_P08_2	14	323433	324
Mock_P08_2	15	334193	30
Mock_P08_2	15	334193	84
Mock_P08_2	15	334193	55
Mock_P08_2	15	334193	70
Mock_P08_2	15	334193	38
Mock_P08_2	15	334193	91
Mock_P08_2	15	334193	27
Mock_P08_2	15	334193	164
Mock_P08_2	15	334193	47
Mock_P08_2	15	334193	63
Mock_P08_2	15	334193	117
Mock_P08_2	15	334193	138
Mock_P08_2	15	334193	85
Mock_P08_2	15	334193	66
Mock_P08_2	15	334193	36
Mock_P08_2	15	334193	74
Mock_P08_2	15	334193	110
Mock_P08_2	15	334193	31
Mock_P08_2	15	334193	164
Mock_P08_2	15	334193	85
Mock_P08_2	15	334193	56
Mock_P08_2	15	334193	74
Mock_P08_2	15	334193	107
Mock_P08_2	15	334193	32
Mock_P08_2	15	334193	130
Mock_P08_2	15	334193	85
Mock_P08_2	15	334193	93
Mock_P08_2	15	334193	181
Mock_P08_2	15	334193	54
Mock_P08_2	15	334193	110
Mock_P08_2	15	334193	85
Mock_P08_2	15	334193	121
Mock_P08_2	15	334193	118
Mock_P08_2	15	334193	81
Mock_P08_2	15	334193	18
Mock_P08_2	15	334193	130
Mock_P08_2	15	334193	70
Mock_P08_2	15	334193	100
Mock_P08_2	15	334193	26
Mock_P08_2	15	334193	135
Mock_P08_2	15	334193	83
Mock_P08_2	15	334193	119
Mock_P08_2	15	334193	164
Mock_P08_2	15	334193	238
Mock_P08_2	15	334193	95
Mock_P08_2	15	334193	98
Mock_P08_2	15	334193	123
Mock_P08_2	15	334193	146
Mock_P08_2	15	334193	127
Mock_P08_2	15	334193	255
Mock_P08_2	15	334193	116
Mock_P08_2	15	334193	126
Mock_P08_2	15	334193	138
Mock_P08_2	15	334193	109
Mock_P08_2	15	334193	297
Mock_P08_2	15	334193	61
Mock_P08_2	15	334193	271
Mock_P08_2	15	334193	78
Mock_P08_2	15	334193	117
Mock_P08_2	15	334193	99
Mock_P08_2	15	334193	134
Mock_P08_2	15	334193	65
Mock_P08_2	15	334193	45
Mock_P08_2	15	334193	87
Mock_P08_2	15	334193	111
Mock_P08_2	15	334193	63
Mock_P08_2	15	334193	136
Mock_P08_2	15	334193	119
Mock_P08_2	15	334193	74
Mock_P08_2	15	334193	106
Mock_P08_2	15	334193	82
Mock_P08_2	15	334193	139
Mock_P08_2	15	334193	93
Mock_P08_2	15	334193	72
Mock_P08_2	15	334193	80
Mock_P08_2	15	334193	102
Mock_P08_2	15	334193	101
Mock_P08_2	15	334193	51
Mock_P08_2	15	334193	55
Mock_P08_2	15	334193	82
Mock_P08_2	15	334193	140
Mock_P08_2	15	334193	19
Mock_P08_2	15	334193	31
Mock_P08_2	15	334193	76
Mock_P08_2	15	334193	108
Mock_P08_2	15	334193	73
Mock_P08_2	15	334193	117
Mock_P08_2	15	334193	192
Mock_P08_2	15	334193	261
Mock_P08_2	15	334193	110
Mock_P08_2	15	334193	229
Mock_P08_2	15	334193	75
Mock_P08_2	15	334193	145
Mock_P08_2	15	334193	121
Mock_P08_2	15	334193	73
Mock_P08_2	15	334193	155
Mock_P08_2	15	334193	111
Mock_P08_2	15	334193	85
Mock_P08_2	15	334193	228
Mock_P08_2	15	334193	53
Mock_P08_2	15	334193	153
Mock_P08_2	15	334193	113
Mock_P08_2	15	334193	67
Mock_P08_2	15	334193	94
Mock_P08_2	15	334193	101
Mock_P08_2	15	334193	74
Mock_P08_2	16	322047	95
Mock_P08_2	16	322047	110
Mock_P08_2	16	322047	80
Mock_P08_2	16	322047	149
Mock_P08_2	16	322047	109
Mock_P08_2	16	322047	513
Mock_P08_2	16	322047	97
Mock_P08_2	16	322047	410
Mock_P08_2	16	322047	105
Mock_P08_2	16	322047	175
Mock_P08_2	16	322047	90
Mock_P08_2	16	322047	42
Mock_P08_2	16	322047	94
Mock_P08_2	16	322047	128
Mock_P08_2	16	322047	93
Mock_P08_2	16	322047	207
Mock_P08_2	16	322047	120
Mock_P08_2	16	322047	139
Mock_P08_2	16	322047	88
Mock_P08_2	16	322047	143
Mock_P08_2	16	322047	109
Mock_P08_2	16	322047	138
Mock_P08_2	16	322047	155
Mock_P08_2	16	322047	82
Mock_P08_2	16	322047	152
Mock_P08_2	16	322047	130
Mock_P08_2	16	322047	147
Mock_P08_2	16	322047	94
Mock_P08_2	16	322047	142
Mock_P08_2	16	322047	55
Mock_P08_2	16	322047	92
Mock_P08_2	16	322047	338
Mock_P08_2	16	322047	100
Mock_P08_2	16	322047	59
Mock_P08_2	16	322047	168
Mock_P08_2	16	322047	210
Mock_P08_2	16	322047	128
Mock_P08_2	16	322047	114
Mock_P08_2	16	322047	131
Mock_P08_2	16	322047	125
Mock_P08_2	16	322047	96
Mock_P08_2	16	322047	661
Mock_P08_2	16	322047	107
Mock_P08_2	16	322047	127
Mock_P08_2	16	322047	222
Mock_P08_2	16	322047	115
Mock_P08_2	16	322047	235
Mock_P08_2	16	322047	93
Mock_P08_2	16	322047	126
Mock_P08_2	16	322047	273
Mock_P08_2	16	322047	101
Mock_P08_2	16	322047	175
Mock_P08_2	16	322047	199
Mock_P08_2	16	322047	124
Mock_P08_2	16	322047	273
Mock_P08_2	16	322047	81
Mock_P08_2	16	322047	55
Mock_P08_2	16	322047	107
Mock_P08_2	16	322047	292
Mock_P08_2	16	322047	121
Mock_P08_2	16	322047	45
Mock_P08_2	16	322047	145
Mock_P08_2	16	322047	129
Mock_P08_2	16	322047	187
Mock_P08_2	16	322047	121
Mock_P08_2	16	322047	116
Mock_P08_2	16	322047	108
Mock_P08_2	16	322047	109
Mock_P08_2	16	322047	18
Mock_P08_2	16	322047	40
Mock_P08_2	16	322047	226
Mock_P08_2	16	322047	56
Mock_P08_2	16	322047	87
Mock_P08_2	16	322047	111
Mock_P08_2	16	322047	93
Mock_P08_2	16	322047	163
Mock_P08_2	16	322047	63
Mock_P08_2	16	322047	30
Mock_P08_2	16	322047	22
Mock_P08_2	16	322047	205
Mock_P08_2	16	322047	100
Mock_P08_2	16	322047	82
Mock_P08_2	16	322047	150
Mock_P08_2	16	322047	132
Mock_P08_2	16	322047	67
Mock_P08_2	16	322047	81
Mock_P08_2	16	322047	59
Mock_P08_2	16	322047	148
Mock_P08_2	16	322047	100
Mock_P08_2	16	322047	58
Mock_P08_2	16	322047	84
Mock_P08_2	16	322047	37
Mock_P08_2	16	322047	65
Mock_P08_2	16	322047	90
Mock_P08_2	16	322047	94
Mock_P08_2	16	322047	78
Mock_P08_2	16	322047	230
Mock_P08_2	16	322047	38
Mock_P08_2	16	322047	19
Mock_P08_2	16	322047	72
Mock_P08_2	16	322047	94
Mock_P08_2	16	322047	153
Mock_P08_2	16	322047	127
Mock_P08_2	16	322047	101
Mock_P08_2	16	322047	128
Mock_P08_2	16	322047	94
Mock_P08_2	16	322047	67
Mock_P08_2	16	322047	145
Mock_P08_2	16	322047	51
Mock_P08_2	16	322047	68
Mock_P08_2	16	322047	74
Mock_P08_2	16	322047	106
Mock_P08_2	16	322047	107
Mock_P08_2	16	322047	193
Mock_P08_2	16	322047	131
Mock_P08_2	16	322047	113
Mock_P08_2	16	322047	78
Mock_P08_2	16	322047	87
Mock_P08_2	16	322047	33
Mock_P08_2	16	322047	79
Mock_P08_2	16	322047	94
Mock_P08_2	16	322047	93
Mock_P08_2	16	322047	96
Mock_P08_2	16	322047	56
Mock_P08_2	16	322047	149
Mock_P08_2	16	322047	97
Mock_P08_2	16	322047	135
Mock_P08_2	16	322047	81
Mock_P08_2	16	322047	32
Mock_P08_2	16	322047	16
Mock_P08_2	16	322047	57
Mock_P08_2	16	322047	184
Mock_P08_2	16	322047	17
Mock_P08_2	16	322047	51
Mock_P08_2	16	322047	57
Mock_P08_2	16	322047	109
Mock_P08_2	16	322047	113
Mock_P08_2	16	322047	174
Mock_P08_2	16	322047	65
Mock_P08_2	16	322047	53
Mock_P08_2	16	322047	101
Mock_P08_2	16	322047	206
Mock_P08_2	16	322047	118
Mock_P08_2	16	322047	67
Mock_P08_2	16	322047	64
Mock_P08_2	16	322047	101
Mock_P08_2	16	322047	104
Mock_P08_2	16	322047	71
Mock_P08_2	16	322047	99
Mock_P08_2	16	322047	97
Mock_P08_2	16	322047	122
Mock_P08_2	16	322047	77
Mock_P08_2	16	322047	81
Mock_P08_2	16	322047	121
Mock_P08_2	16	322047	79
Mock_P08_2	16	322047	111
Mock_P08_2	16	322047	115
Mock_P08_2	16	322047	61
Mock_P08_2	16	322047	135
Mock_P08_2	16	322047	86
Mock_P08_2	16	322047	127
Mock_P08_2	16	322047	256
Mock_P08_2	16	322047	86
Mock_P08_2	16	322047	45
Mock_P08_2	17	292735	41
Mock_P08_2	17	292735	85
Mock_P08_2	17	292735	130
Mock_P08_2	17	292735	99
Mock_P08_2	17	292735	109
Mock_P08_2	17	292735	122
Mock_P08_2	17	292735	48
Mock_P08_2	17	292735	103
Mock_P08_2	17	292735	188
Mock_P08_2	17	292735	110
Mock_P08_2	17	292735	12
Mock_P08_2	17	292735	75
Mock_P08_2	17	292735	119
Mock_P08_2	17	292735	129
Mock_P08_2	17	292735	124
Mock_P08_2	17	292735	52
Mock_P08_2	17	292735	64
Mock_P08_2	17	292735	86
Mock_P08_2	17	292735	296
Mock_P08_2	17	292735	26
Mock_P08_2	17	292735	137
Mock_P08_2	17	292735	141
Mock_P08_2	17	292735	117
Mock_P08_2	17	292735	112
Mock_P08_2	17	292735	138
Mock_P08_2	17	292735	106
Mock_P08_2	17	292735	109
Mock_P08_2	17	292735	15
Mock_P08_2	17	292735	62
Mock_P08_2	17	292735	95
Mock_P08_2	17	292735	152
Mock_P08_2	17	292735	182
Mock_P08_2	17	292735	130
Mock_P08_2	17	292735	325
Mock_P08_2	17	292735	178
Mock_P08_2	17	292735	115
Mock_P08_2	17	292735	92
Mock_P08_2	17	292735	162
Mock_P08_2	17	292735	77
Mock_P08_2	17	292735	75
Mock_P08_2	17	292735	93
Mock_P08_2	17	292735	90
Mock_P08_2	17	292735	82
Mock_P08_2	17	292735	105
Mock_P08_2	17	292735	17
Mock_P08_2	17	292735	142
Mock_P08_2	17	292735	111
Mock_P08_2	17	292735	175
Mock_P08_2	17	292735	94
Mock_P08_2	17	292735	106
Mock_P08_2	17	292735	151
Mock_P08_2	17	292735	81
Mock_P08_2	17	292735	67
Mock_P08_2	17	292735	98
Mock_P08_2	17	292735	76
Mock_P08_2	17	292735	89
Mock_P08_2	17	292735	53
Mock_P08_2	17	292735	169
Mock_P08_2	17	292735	80
Mock_P08_2	17	292735	215
Mock_P08_2	17	292735	92
Mock_P08_2	17	292735	98
Mock_P08_2	17	292735	101
Mock_P08_2	17	292735	69
Mock_P08_2	17	292735	95
Mock_P08_2	17	292735	35
Mock_P08_2	17	292735	101
Mock_P08_2	17	292735	10
Mock_P08_2	17	292735	35
Mock_P08_2	17	292735	18
Mock_P08_2	17	292735	67
Mock_P08_2	17	292735	204
Mock_P08_2	17	292735	193
Mock_P08_2	17	292735	140
Mock_P08_2	17	292735	139
Mock_P08_2	17	292735	116
Mock_P08_2	17	292735	128
Mock_P08_2	17	292735	73
Mock_P08_2	17	292735	55
Mock_P08_2	17	292735	92
Mock_P08_2	17	292735	157
Mock_P08_2	17	292735	238
Mock_P08_2	17	292735	222
Mock_P08_2	17	292735	105
Mock_P08_2	17	292735	184
Mock_P08_2	18	342332	116
Mock_P08_2	18	342332	51
Mock_P08_2	18	342332	52
Mock_P08_2	18	342332	51
Mock_P08_2	18	342332	81
Mock_P08_2	18	342332	91
Mock_P08_2	18	342332	80
Mock_P08_2	18	342332	41
Mock_P08_2	18	342332	77
Mock_P08_2	18	342332	28
Mock_P08_2	18	342332	79
Mock_P08_2	18	342332	30
Mock_P08_2	18	342332	61
Mock_P08_2	18	342332	40
Mock_P08_2	18	342332	48
Mock_P08_2	18	342332	115
Mock_P08_2	18	342332	33
Mock_P08_2	18	342332	52
Mock_P08_2	18	342332	76
Mock_P08_2	18	342332	59
Mock_P08_2	18	342332	65
Mock_P08_2	18	342332	37
Mock_P08_2	18	342332	64
Mock_P08_2	18	342332	91
Mock_P08_2	18	342332	43
Mock_P08_2	18	342332	28
Mock_P08_2	18	342332	60
Mock_P08_2	18	342332	92
Mock_P08_2	18	342332	45
Mock_P08_2	18	342332	49
Mock_P08_2	18	342332	21
Mock_P08_2	18	342332	79
Mock_P08_2	18	342332	96
Mock_P08_2	18	342332	148
Mock_P08_2	18	342332	59
Mock_P08_2	18	342332	70
Mock_P08_2	18	342332	58
Mock_P08_2	18	342332	253
Mock_P08_2	18	342332	105
Mock_P08_2	18	342332	54
Mock_P08_2	18	342332	98
Mock_P08_2	18	342332	70
Mock_P08_2	18	342332	225
Mock_P08_2	18	342332	127
Mock_P08_2	18	342332	80
Mock_P08_2	18	342332	89
Mock_P08_2	18	342332	301
Mock_P08_2	18	342332	91
Mock_P08_2	18	342332	114
Mock_P08_2	18	342332	123
Mock_P08_2	18	342332	127
Mock_P08_2	18	342332	93
Mock_P08_2	18	342332	17
Mock_P08_2	18	342332	77
Mock_P08_2	18	342332	76
Mock_P08_2	18	342332	69
Mock_P08_2	18	342332	77
Mock_P08_2	18	342332	81
Mock_P08_2	18	342332	106
Mock_P08_2	18	342332	85
Mock_P08_2	18	342332	78
Mock_P08_2	18	342332	63
Mock_P08_2	18	342332	131
Mock_P08_2	18	342332	17
Mock_P08_2	18	342332	124
Mock_P08_2	18	342332	95
Mock_P08_2	18	342332	41
Mock_P08_2	18	342332	84
Mock_P08_2	18	342332	79
Mock_P08_2	18	342332	101
Mock_P08_2	18	342332	76
Mock_P08_2	18	342332	106
Mock_P08_2	18	342332	55
Mock_P08_2	18	342332	94
Mock_P08_2	18	342332	106
Mock_P08_2	18	342332	71
Mock_P08_2	18	342332	138
Mock_P08_2	18	342332	80
Mock_P08_2	18	342332	98
Mock_P08_2	18	342332	158
Mock_P08_2	18	342332	92
Mock_P08_2	18	342332	90
Mock_P08_2	18	342332	94
Mock_P08_2	18	342332	80
Mock_P08_2	18	342332	209
Mock_P08_2	18	342332	45
Mock_P08_2	18	342332	85
Mock_P08_2	18	342332	131
Mock_P08_2	18	342332	67
Mock_P08_2	18	342332	90
Mock_P08_2	18	342332	235
Mock_P08_2	18	342332	66
Mock_P08_2	18	342332	14
Mock_P08_2	18	342332	53
Mock_P08_2	18	342332	62
Mock_P08_2	18	342332	49
Mock_P08_2	18	342332	270
Mock_P08_2	18	342332	75
Mock_P08_2	18	342332	194
Mock_P08_2	18	342332	110
Mock_P08_2	18	342332	105
Mock_P08_2	18	342332	102
Mock_P08_2	18	342332	84
Mock_P08_2	18	342332	127
Mock_P08_2	18	342332	112
Mock_P08_2	18	342332	13
Mock_P08_2	18	342332	107
Mock_P08_2	18	342332	161
Mock_P08_2	18	342332	57
Mock_P08_2	18	342332	107
Mock_P08_2	18	342332	74
Mock_P08_2	18	342332	78
Mock_P08_2	18	342332	46
Mock_P08_2	18	342332	101
Mock_P08_2	18	342332	46
Mock_P08_2	18	342332	90
Mock_P08_2	18	342332	105
Mock_P08_2	18	342332	98
Mock_P08_2	18	342332	37
Mock_P08_2	18	342332	20
Mock_P08_2	18	342332	182
Mock_P08_2	18	342332	56
Mock_P08_2	18	342332	73
Mock_P08_2	18	342332	112
Mock_P08_2	18	342332	64
Mock_P08_2	18	342332	219
Mock_P08_2	18	342332	178
Mock_P08_2	18	342332	82
Mock_P08_2	18	342332	83
Mock_P08_2	18	342332	74
Mock_P08_2	18	342332	90
Mock_P08_2	18	342332	58
Mock_P08_2	18	342332	79
Mock_P08_2	18	342332	87
Mock_P08_2	18	342332	103
Mock_P08_2	18	342332	120
Mock_P08_2	18	342332	94
Mock_P08_2	18	342332	102
Mock_P08_2	18	342332	49
Mock_P08_2	19	306352	87
Mock_P08_2	19	306352	61
Mock_P08_2	19	306352	149
Mock_P08_2	19	306352	114
Mock_P08_2	19	306352	150
Mock_P08_2	19	306352	27
Mock_P08_2	19	306352	81
Mock_P08_2	19	306352	119
Mock_P08_2	19	306352	61
Mock_P08_2	19	306352	107
Mock_P08_2	19	306352	30
Mock_P08_2	19	306352	41
Mock_P08_2	19	306352	88
Mock_P08_2	19	306352	123
Mock_P08_2	19	306352	109
Mock_P08_2	19	306352	58
Mock_P08_2	19	306352	103
Mock_P08_2	19	306352	124
Mock_P08_2	19	306352	71
Mock_P08_2	19	306352	130
Mock_P08_2	19	306352	110
Mock_P08_2	19	306352	120
Mock_P08_2	19	306352	148
Mock_P08_2	19	306352	67
Mock_P08_2	19	306352	129
Mock_P08_2	19	306352	147
Mock_P08_2	19	306352	305
Mock_P08_2	19	306352	147
Mock_P08_2	19	306352	34
Mock_P08_2	19	306352	127
Mock_P08_2	19	306352	110
Mock_P08_2	19	306352	111
Mock_P08_2	19	306352	149
Mock_P08_2	19	306352	169
Mock_P08_2	19	306352	137
Mock_P08_2	19	306352	91
Mock_P08_2	19	306352	135
Mock_P08_2	19	306352	90
Mock_P08_2	19	306352	166
Mock_P08_2	19	306352	111
Mock_P08_2	19	306352	138
Mock_P08_2	19	306352	106
Mock_P08_2	19	306352	95
Mock_P08_2	19	306352	191
Mock_P08_2	19	306352	153
Mock_P08_2	19	306352	129
Mock_P08_2	19	306352	165
Mock_P08_2	19	306352	106
Mock_P08_2	19	306352	90
Mock_P08_2	19	306352	180
Mock_P08_2	19	306352	96
Mock_P08_2	19	306352	96
Mock_P08_2	19	306352	190
Mock_P08_2	19	306352	139
Mock_P08_2	19	306352	86
Mock_P08_2	19	306352	84
Mock_P08_2	19	306352	111
Mock_P08_2	19	306352	153
Mock_P08_2	19	306352	134
Mock_P08_2	19	306352	103
Mock_P08_2	19	306352	313
Mock_P08_2	19	306352	55
Mock_P08_2	19	306352	81
Mock_P08_2	19	306352	103
Mock_P08_2	19	306352	133
Mock_P08_2	19	306352	252
Mock_P08_2	19	306352	84
Mock_P08_2	19	306352	91
Mock_P08_2	19	306352	86
Mock_P08_2	19	306352	140
Mock_P08_2	19	306352	151
Mock_P08_2	19	306352	125
Mock_P08_2	19	306352	92
Mock_P08_2	19	306352	145
Mock_P08_2	19	306352	113
Mock_P08_2	19	306352	148
Mock_P08_2	20	308322	37
Mock_P08_2	20	308322	22
Mock_P08_2	20	308322	47
Mock_P08_2	20	308322	95
Mock_P08_2	20	308322	81
Mock_P08_2	20	308322	33
Mock_P08_2	20	308322	82
Mock_P08_2	20	308322	148
Mock_P08_2	20	308322	11
Mock_P08_2	20	308322	80
Mock_P08_2	20	308322	50
Mock_P08_2	20	308322	70
Mock_P08_2	20	308322	131
Mock_P08_2	20	308322	114
Mock_P08_2	20	308322	74
Mock_P08_2	20	308322	126
Mock_P08_2	20	308322	85
Mock_P08_2	20	308322	84
Mock_P08_2	20	308322	33
Mock_P08_2	20	308322	50
Mock_P08_2	20	308322	105
Mock_P08_2	20	308322	57
Mock_P08_2	20	308322	80
Mock_P08_2	20	308322	85
Mock_P08_2	20	308322	48
Mock_P08_2	20	308322	124
Mock_P08_2	20	308322	81
Mock_P08_2	20	308322	84
Mock_P08_2	20	308322	71
Mock_P08_2	20	308322	83
Mock_P08_2	20	308322	127
Mock_P08_2	20	308322	15
Mock_P08_2	20	308322	130
Mock_P08_2	20	308322	33
Mock_P08_2	20	308322	82
Mock_P08_2	20	308322	156
Mock_P08_2	20	308322	91
Mock_P08_2	20	308322	118
Mock_P08_2	20	308322	94
Mock_P08_2	20	308322	63
Mock_P08_2	20	308322	70
Mock_P08_2	20	308322	114
Mock_P08_2	20	308322	79
Mock_P08_2	20	308322	51
Mock_P08_2	20	308322	111
Mock_P08_2	20	308322	94
Mock_P08_2	20	308322	83
Mock_P08_2	20	308322	76
Mock_P08_2	20	308322	163
Mock_P08_2	20	308322	169
Mock_P08_2	20	308322	145
Mock_P08_2	20	308322	123
Mock_P08_2	20	308322	178
Mock_P08_2	20	308322	168
Mock_P08_2	20	308322	156
Mock_P08_2	20	308322	264
Mock_P08_2	20	308322	92
Mock_P08_2	20	308322	138
Mock_P08_2	20	308322	56
Mock_P08_2	20	308322	97
Mock_P08_2	20	308322	67
Mock_P08_2	20	308322	89
Mock_P08_2	20	308322	135
Mock_P08_2	20	308322	202
Mock_P08_2	20	308322	226
Mock_P08_2	20	308322	93
Mock_P08_2	20	308322	83
Mock_P08_2	20	308322	78
Mock_P08_2	20	308322	56
Mock_P08_2	20	308322	75
Mock_P08_2	20	308322	71
Mock_P08_2	20	308322	91
Mock_P08_2	20	308322	70
Mock_P08_2	20	308322	61
Mock_P08_2	20	308322	46
Mock_P08_2	20	308322	100
Mock_P08_2	20	308322	101
Mock_P08_2	20	308322	91
Mock_P08_2	20	308322	91
Mock_P08_2	20	308322	66
Mock_P08_2	20	308322	50
Mock_P08_2	20	308322	84
Mock_P08_2	20	308322	54
Mock_P08_2	20	308322	84
Mock_P08_2	20	308322	221
Mock_P08_2	20	308322	31
Mock_P08_2	20	308322	65
Mock_P08_2	20	308322	107
Mock_P08_2	20	308322	95
Mock_P08_2	20	308322	59
Mock_P08_2	20	308322	61
Mock_P08_2	20	308322	207
Mock_P08_2	20	308322	105
Mock_P08_2	20	308322	80
Mock_P08_2	20	308322	174
Mock_P08_2	20	308322	115
Mock_P08_2	20	308322	111
Mock_P08_2	20	308322	52
Mock_P08_2	20	308322	50
Mock_P08_2	20	308322	99
Mock_P08_2	20	308322	55
Mock_P08_2	20	308322	222
Mock_P08_2	20	308322	101
Mock_P08_2	20	308322	142
Mock_P08_2	20	308322	200
Mock_P08_2	20	308322	126
Mock_P08_2	20	308322	136
Mock_P08_2	20	308322	55
Mock_P08_2	20	308322	101
Mock_P08_2	20	308322	100
Mock_P08_2	20	308322	87
Mock_P08_2	20	308322	120
Mock_P08_2	20	308322	11
Mock_P08_2	20	308322	108
Mock_P08_2	20	308322	158
Mock_P08_2	20	308322	146
Mock_P08_2	20	308322	107
Mock_P08_2	20	308322	155
Mock_P08_2	20	308322	138
Mock_P08_2	20	308322	48
Mock_P08_2	20	308322	63
Mock_P08_2	20	308322	89
Mock_P08_2	20	308322	123
Mock_P08_2	21	313425	42
Mock_P08_2	21	313425	74
Mock_P08_2	21	313425	62
Mock_P08_2	21	313425	71
Mock_P08_2	21	313425	52
Mock_P08_2	21	313425	23
Mock_P08_2	21	313425	21
Mock_P08_2	21	313425	133
Mock_P08_2	21	313425	54
Mock_P08_2	21	313425	58
Mock_P08_2	21	313425	90
Mock_P08_2	21	313425	51
Mock_P08_2	21	313425	41
Mock_P08_2	21	313425	68
Mock_P08_2	21	313425	43
Mock_P08_2	21	313425	82
Mock_P08_2	21	313425	117
Mock_P08_2	21	313425	69
Mock_P08_2	21	313425	106
Mock_P08_2	21	313425	80
Mock_P08_2	21	313425	64
Mock_P08_2	21	313425	88
Mock_P08_2	21	313425	96
Mock_P08_2	21	313425	79
Mock_P08_2	21	313425	51
Mock_P08_2	21	313425	78
Mock_P08_2	21	313425	35
Mock_P08_2	21	313425	79
Mock_P08_2	21	313425	131
Mock_P08_2	21	313425	116
Mock_P08_2	21	313425	77
Mock_P08_2	21	313425	103
Mock_P08_2	21	313425	45
Mock_P08_2	21	313425	61
Mock_P08_2	21	313425	70
Mock_P08_2	21	313425	73
Mock_P08_2	21	313425	184
Mock_P08_2	21	313425	60
Mock_P08_2	21	313425	87
Mock_P08_2	21	313425	87
Mock_P08_2	21	313425	81
Mock_P08_2	21	313425	104
Mock_P08_2	21	313425	111
Mock_P08_2	21	313425	95
Mock_P08_2	21	313425	85
Mock_P08_2	21	313425	116
Mock_P08_2	21	313425	114
Mock_P08_2	21	313425	101
Mock_P08_2	21	313425	57
Mock_P08_2	21	313425	278
Mock_P08_2	21	313425	199
Mock_P08_2	21	313425	101
Mock_P08_2	21	313425	96
Mock_P08_2	21	313425	201
Mock_P08_2	21	313425	118
Mock_P08_2	21	313425	135
Mock_P08_2	21	313425	179
Mock_P08_2	21	313425	139
Mock_P08_2	21	313425	94
Mock_P08_2	21	313425	190
Mock_P08_2	21	313425	107
Mock_P08_2	21	313425	69
Mock_P08_2	21	313425	136
Mock_P08_2	21	313425	132
Mock_P08_2	21	313425	75
Mock_P08_2	21	313425	102
Mock_P08_2	21	313425	207
Mock_P08_2	21	313425	116
Mock_P08_2	21	313425	57
Mock_P08_2	21	313425	198
Mock_P08_2	21	313425	125
Mock_P08_2	21	313425	111
Mock_P08_2	21	313425	221
Mock_P08_2	21	313425	103
Mock_P08_2	21	313425	165
Mock_P08_2	21	313425	122
Mock_P08_2	21	313425	133
Mock_P08_2	21	313425	129
