fichier	leaf	surfaceLeaf	surfaceLesion
Mock_P04_2	1	327857	19
Mock_P04_2	1	327857	44
Mock_P04_2	1	327857	51
Mock_P04_2	1	327857	34
Mock_P04_2	1	327857	36
Mock_P04_2	1	327857	101
Mock_P04_2	1	327857	82
Mock_P04_2	1	327857	59
Mock_P04_2	1	327857	55
Mock_P04_2	1	327857	134
Mock_P04_2	1	327857	27
Mock_P04_2	1	327857	51
Mock_P04_2	1	327857	117
Mock_P04_2	1	327857	134
Mock_P04_2	1	327857	62
Mock_P04_2	1	327857	96
Mock_P04_2	1	327857	55
Mock_P04_2	1	327857	26
Mock_P04_2	1	327857	50
Mock_P04_2	1	327857	64
Mock_P04_2	1	327857	52
Mock_P04_2	1	327857	14
Mock_P04_2	1	327857	42
Mock_P04_2	1	327857	35
Mock_P04_2	1	327857	12
Mock_P04_2	1	327857	59
Mock_P04_2	1	327857	35
Mock_P04_2	1	327857	79
Mock_P04_2	1	327857	57
Mock_P04_2	1	327857	47
Mock_P04_2	1	327857	66
Mock_P04_2	1	327857	60
Mock_P04_2	1	327857	29
Mock_P04_2	1	327857	116
Mock_P04_2	1	327857	119
Mock_P04_2	1	327857	73
Mock_P04_2	1	327857	76
Mock_P04_2	1	327857	61
Mock_P04_2	1	327857	58
Mock_P04_2	1	327857	73
Mock_P04_2	1	327857	52
Mock_P04_2	1	327857	36
Mock_P04_2	1	327857	104
Mock_P04_2	1	327857	39
Mock_P04_2	1	327857	42
Mock_P04_2	1	327857	119
Mock_P04_2	1	327857	48
Mock_P04_2	1	327857	51
Mock_P04_2	1	327857	54
Mock_P04_2	1	327857	99
Mock_P04_2	1	327857	67
Mock_P04_2	1	327857	78
Mock_P04_2	1	327857	48
Mock_P04_2	1	327857	47
Mock_P04_2	1	327857	67
Mock_P04_2	1	327857	15
Mock_P04_2	1	327857	45
Mock_P04_2	1	327857	75
Mock_P04_2	1	327857	47
Mock_P04_2	1	327857	78
Mock_P04_2	1	327857	146
Mock_P04_2	1	327857	83
Mock_P04_2	1	327857	77
Mock_P04_2	1	327857	81
Mock_P04_2	1	327857	103
Mock_P04_2	1	327857	54
Mock_P04_2	1	327857	65
Mock_P04_2	1	327857	47
Mock_P04_2	1	327857	61
Mock_P04_2	1	327857	52
Mock_P04_2	1	327857	50
Mock_P04_2	1	327857	12
Mock_P04_2	1	327857	26
Mock_P04_2	1	327857	56
Mock_P04_2	1	327857	45
Mock_P04_2	1	327857	97
Mock_P04_2	1	327857	56
Mock_P04_2	1	327857	21
Mock_P04_2	1	327857	67
Mock_P04_2	1	327857	63
Mock_P04_2	1	327857	49
Mock_P04_2	1	327857	86
Mock_P04_2	1	327857	39
Mock_P04_2	1	327857	51
Mock_P04_2	1	327857	36
Mock_P04_2	1	327857	35
Mock_P04_2	1	327857	60
Mock_P04_2	1	327857	125
Mock_P04_2	1	327857	64
Mock_P04_2	1	327857	58
Mock_P04_2	1	327857	96
Mock_P04_2	1	327857	53
Mock_P04_2	1	327857	112
Mock_P04_2	1	327857	121
Mock_P04_2	1	327857	44
Mock_P04_2	1	327857	19
Mock_P04_2	1	327857	111
Mock_P04_2	1	327857	73
Mock_P04_2	1	327857	112
Mock_P04_2	1	327857	54
Mock_P04_2	1	327857	79
Mock_P04_2	1	327857	22
Mock_P04_2	1	327857	183
Mock_P04_2	1	327857	83
Mock_P04_2	1	327857	104
Mock_P04_2	1	327857	48
Mock_P04_2	1	327857	65
Mock_P04_2	1	327857	57
Mock_P04_2	1	327857	100
Mock_P04_2	1	327857	64
Mock_P04_2	1	327857	58
Mock_P04_2	1	327857	70
Mock_P04_2	1	327857	79
Mock_P04_2	1	327857	74
Mock_P04_2	1	327857	55
Mock_P04_2	1	327857	44
Mock_P04_2	1	327857	111
Mock_P04_2	1	327857	130
Mock_P04_2	1	327857	24
Mock_P04_2	1	327857	81
Mock_P04_2	1	327857	30
Mock_P04_2	1	327857	57
Mock_P04_2	1	327857	64
Mock_P04_2	1	327857	78
Mock_P04_2	1	327857	87
Mock_P04_2	1	327857	10
Mock_P04_2	1	327857	72
Mock_P04_2	1	327857	177
Mock_P04_2	1	327857	66
Mock_P04_2	1	327857	106
Mock_P04_2	1	327857	38
Mock_P04_2	1	327857	143
Mock_P04_2	1	327857	16
Mock_P04_2	1	327857	92
Mock_P04_2	1	327857	68
Mock_P04_2	1	327857	63
Mock_P04_2	1	327857	68
Mock_P04_2	1	327857	28
Mock_P04_2	1	327857	63
Mock_P04_2	1	327857	82
Mock_P04_2	1	327857	58
Mock_P04_2	1	327857	72
Mock_P04_2	1	327857	36
Mock_P04_2	1	327857	58
Mock_P04_2	1	327857	40
Mock_P04_2	1	327857	47
Mock_P04_2	1	327857	45
Mock_P04_2	1	327857	72
Mock_P04_2	1	327857	75
Mock_P04_2	1	327857	82
Mock_P04_2	1	327857	61
Mock_P04_2	1	327857	171
Mock_P04_2	1	327857	44
Mock_P04_2	1	327857	121
Mock_P04_2	1	327857	21
Mock_P04_2	2	327682	52
Mock_P04_2	2	327682	32
Mock_P04_2	2	327682	17
Mock_P04_2	2	327682	12
Mock_P04_2	2	327682	35
Mock_P04_2	2	327682	70
Mock_P04_2	2	327682	37
Mock_P04_2	2	327682	48
Mock_P04_2	2	327682	41
Mock_P04_2	2	327682	54
Mock_P04_2	2	327682	25
Mock_P04_2	2	327682	42
Mock_P04_2	2	327682	24
Mock_P04_2	2	327682	73
Mock_P04_2	2	327682	37
Mock_P04_2	2	327682	17
Mock_P04_2	2	327682	20
Mock_P04_2	2	327682	36
Mock_P04_2	2	327682	45
Mock_P04_2	2	327682	47
Mock_P04_2	2	327682	58
Mock_P04_2	2	327682	48
Mock_P04_2	2	327682	85
Mock_P04_2	2	327682	64
Mock_P04_2	2	327682	81
Mock_P04_2	2	327682	78
Mock_P04_2	2	327682	29
Mock_P04_2	2	327682	29
Mock_P04_2	2	327682	56
Mock_P04_2	2	327682	43
Mock_P04_2	2	327682	44
Mock_P04_2	2	327682	56
Mock_P04_2	2	327682	17
Mock_P04_2	2	327682	28
Mock_P04_2	2	327682	13
Mock_P04_2	2	327682	14
Mock_P04_2	2	327682	58
Mock_P04_2	2	327682	28
Mock_P04_2	2	327682	13
Mock_P04_2	2	327682	26
Mock_P04_2	2	327682	48
Mock_P04_2	2	327682	76
Mock_P04_2	2	327682	43
Mock_P04_2	2	327682	24
Mock_P04_2	2	327682	51
Mock_P04_2	2	327682	55
Mock_P04_2	2	327682	18
Mock_P04_2	2	327682	25
Mock_P04_2	2	327682	54
Mock_P04_2	2	327682	24
Mock_P04_2	2	327682	75
Mock_P04_2	2	327682	58
Mock_P04_2	2	327682	28
Mock_P04_2	2	327682	68
Mock_P04_2	2	327682	66
Mock_P04_2	2	327682	80
Mock_P04_2	2	327682	48
Mock_P04_2	2	327682	58
Mock_P04_2	2	327682	60
Mock_P04_2	2	327682	41
Mock_P04_2	2	327682	52
Mock_P04_2	2	327682	21
Mock_P04_2	2	327682	22
Mock_P04_2	2	327682	30
Mock_P04_2	2	327682	44
Mock_P04_2	2	327682	41
Mock_P04_2	2	327682	79
Mock_P04_2	2	327682	88
Mock_P04_2	2	327682	45
Mock_P04_2	2	327682	189
Mock_P04_2	2	327682	71
Mock_P04_2	2	327682	63
Mock_P04_2	2	327682	44
Mock_P04_2	2	327682	81
Mock_P04_2	2	327682	63
Mock_P04_2	2	327682	48
Mock_P04_2	3	322070	36
Mock_P04_2	3	322070	44
Mock_P04_2	3	322070	37
Mock_P04_2	3	322070	11
Mock_P04_2	3	322070	21
Mock_P04_2	3	322070	50
Mock_P04_2	3	322070	18
Mock_P04_2	3	322070	28
Mock_P04_2	3	322070	26
Mock_P04_2	3	322070	31
Mock_P04_2	3	322070	68
Mock_P04_2	3	322070	17
Mock_P04_2	3	322070	44
Mock_P04_2	3	322070	22
Mock_P04_2	3	322070	89
Mock_P04_2	3	322070	36
Mock_P04_2	3	322070	21
Mock_P04_2	3	322070	14
Mock_P04_2	3	322070	46
Mock_P04_2	3	322070	11
Mock_P04_2	3	322070	22
Mock_P04_2	3	322070	21
Mock_P04_2	3	322070	76
Mock_P04_2	3	322070	22
Mock_P04_2	3	322070	61
Mock_P04_2	3	322070	48
Mock_P04_2	3	322070	52
Mock_P04_2	3	322070	55
Mock_P04_2	3	322070	68
Mock_P04_2	3	322070	26
Mock_P04_2	3	322070	48
Mock_P04_2	3	322070	41
Mock_P04_2	3	322070	59
Mock_P04_2	3	322070	63
Mock_P04_2	3	322070	48
Mock_P04_2	3	322070	51
Mock_P04_2	3	322070	49
Mock_P04_2	3	322070	48
Mock_P04_2	3	322070	61
Mock_P04_2	3	322070	40
Mock_P04_2	3	322070	53
Mock_P04_2	3	322070	50
Mock_P04_2	3	322070	31
Mock_P04_2	3	322070	40
Mock_P04_2	3	322070	54
Mock_P04_2	3	322070	44
Mock_P04_2	3	322070	33
Mock_P04_2	3	322070	28
Mock_P04_2	3	322070	61
Mock_P04_2	3	322070	73
Mock_P04_2	3	322070	27
Mock_P04_2	3	322070	26
Mock_P04_2	3	322070	127
Mock_P04_2	3	322070	73
Mock_P04_2	3	322070	50
Mock_P04_2	3	322070	44
Mock_P04_2	3	322070	67
Mock_P04_2	3	322070	119
Mock_P04_2	3	322070	58
Mock_P04_2	3	322070	34
Mock_P04_2	3	322070	49
Mock_P04_2	3	322070	70
Mock_P04_2	3	322070	32
Mock_P04_2	3	322070	66
Mock_P04_2	3	322070	33
Mock_P04_2	3	322070	68
Mock_P04_2	3	322070	54
Mock_P04_2	3	322070	36
Mock_P04_2	3	322070	52
Mock_P04_2	3	322070	50
Mock_P04_2	3	322070	37
Mock_P04_2	3	322070	53
Mock_P04_2	3	322070	46
Mock_P04_2	3	322070	44
Mock_P04_2	3	322070	99
Mock_P04_2	3	322070	45
Mock_P04_2	3	322070	66
Mock_P04_2	3	322070	39
Mock_P04_2	3	322070	61
Mock_P04_2	3	322070	68
Mock_P04_2	3	322070	77
Mock_P04_2	3	322070	59
Mock_P04_2	3	322070	33
Mock_P04_2	3	322070	19
Mock_P04_2	3	322070	28
Mock_P04_2	3	322070	33
Mock_P04_2	3	322070	31
Mock_P04_2	3	322070	57
Mock_P04_2	3	322070	41
Mock_P04_2	3	322070	38
Mock_P04_2	3	322070	54
Mock_P04_2	3	322070	48
Mock_P04_2	3	322070	24
Mock_P04_2	3	322070	25
Mock_P04_2	3	322070	54
Mock_P04_2	3	322070	42
Mock_P04_2	3	322070	52
Mock_P04_2	3	322070	14
Mock_P04_2	3	322070	35
Mock_P04_2	3	322070	24
Mock_P04_2	3	322070	44
Mock_P04_2	3	322070	35
Mock_P04_2	3	322070	36
Mock_P04_2	3	322070	30
Mock_P04_2	3	322070	33
Mock_P04_2	3	322070	69
Mock_P04_2	3	322070	63
Mock_P04_2	3	322070	38
Mock_P04_2	3	322070	39
Mock_P04_2	3	322070	20
Mock_P04_2	3	322070	48
Mock_P04_2	3	322070	17
Mock_P04_2	4	286980	34
Mock_P04_2	4	286980	63
Mock_P04_2	4	286980	134
Mock_P04_2	4	286980	15
Mock_P04_2	4	286980	71
Mock_P04_2	4	286980	62
Mock_P04_2	4	286980	10
Mock_P04_2	4	286980	148
Mock_P04_2	4	286980	41
Mock_P04_2	4	286980	33
Mock_P04_2	4	286980	139
Mock_P04_2	4	286980	48
Mock_P04_2	4	286980	96
Mock_P04_2	4	286980	61
Mock_P04_2	4	286980	107
Mock_P04_2	4	286980	49
Mock_P04_2	4	286980	54
Mock_P04_2	4	286980	125
Mock_P04_2	4	286980	54
Mock_P04_2	4	286980	35
Mock_P04_2	4	286980	172
Mock_P04_2	4	286980	51
Mock_P04_2	4	286980	39
Mock_P04_2	4	286980	12
Mock_P04_2	4	286980	46
Mock_P04_2	4	286980	65
Mock_P04_2	4	286980	62
Mock_P04_2	4	286980	46
Mock_P04_2	4	286980	60
Mock_P04_2	4	286980	48
Mock_P04_2	4	286980	99
Mock_P04_2	4	286980	48
Mock_P04_2	4	286980	61
Mock_P04_2	4	286980	128
Mock_P04_2	4	286980	91
Mock_P04_2	4	286980	174
Mock_P04_2	4	286980	94
Mock_P04_2	4	286980	80
Mock_P04_2	4	286980	30
Mock_P04_2	4	286980	51
Mock_P04_2	4	286980	93
Mock_P04_2	4	286980	118
Mock_P04_2	4	286980	58
Mock_P04_2	4	286980	241
Mock_P04_2	4	286980	105
Mock_P04_2	4	286980	58
Mock_P04_2	4	286980	59
Mock_P04_2	4	286980	73
Mock_P04_2	4	286980	42
Mock_P04_2	4	286980	69
Mock_P04_2	4	286980	50
Mock_P04_2	4	286980	43
Mock_P04_2	4	286980	164
Mock_P04_2	4	286980	134
Mock_P04_2	4	286980	25
Mock_P04_2	4	286980	75
Mock_P04_2	4	286980	82
Mock_P04_2	4	286980	40
Mock_P04_2	4	286980	38
Mock_P04_2	4	286980	43
Mock_P04_2	4	286980	93
Mock_P04_2	4	286980	33
Mock_P04_2	4	286980	67
Mock_P04_2	4	286980	39
Mock_P04_2	4	286980	63
Mock_P04_2	4	286980	67
Mock_P04_2	4	286980	44
Mock_P04_2	4	286980	56
Mock_P04_2	4	286980	37
Mock_P04_2	4	286980	45
Mock_P04_2	4	286980	51
Mock_P04_2	4	286980	58
Mock_P04_2	4	286980	69
Mock_P04_2	4	286980	41
Mock_P04_2	4	286980	43
Mock_P04_2	4	286980	52
Mock_P04_2	4	286980	67
Mock_P04_2	4	286980	71
Mock_P04_2	4	286980	62
Mock_P04_2	4	286980	66
Mock_P04_2	4	286980	17
Mock_P04_2	4	286980	65
Mock_P04_2	4	286980	158
Mock_P04_2	4	286980	30
Mock_P04_2	4	286980	98
Mock_P04_2	4	286980	47
Mock_P04_2	4	286980	13
Mock_P04_2	4	286980	79
Mock_P04_2	4	286980	15
Mock_P04_2	4	286980	55
Mock_P04_2	4	286980	63
Mock_P04_2	4	286980	97
Mock_P04_2	4	286980	87
Mock_P04_2	4	286980	53
Mock_P04_2	4	286980	152
Mock_P04_2	4	286980	36
Mock_P04_2	4	286980	75
Mock_P04_2	4	286980	103
Mock_P04_2	4	286980	99
Mock_P04_2	4	286980	58
Mock_P04_2	4	286980	50
Mock_P04_2	4	286980	24
Mock_P04_2	4	286980	30
Mock_P04_2	4	286980	30
Mock_P04_2	4	286980	48
Mock_P04_2	4	286980	32
Mock_P04_2	4	286980	55
Mock_P04_2	4	286980	88
Mock_P04_2	4	286980	30
Mock_P04_2	4	286980	58
Mock_P04_2	4	286980	18
Mock_P04_2	4	286980	64
Mock_P04_2	4	286980	88
Mock_P04_2	4	286980	21
Mock_P04_2	4	286980	46
Mock_P04_2	4	286980	51
Mock_P04_2	4	286980	39
Mock_P04_2	4	286980	68
Mock_P04_2	4	286980	20
Mock_P04_2	4	286980	200
Mock_P04_2	4	286980	45
Mock_P04_2	4	286980	66
Mock_P04_2	4	286980	115
Mock_P04_2	4	286980	18
Mock_P04_2	4	286980	60
Mock_P04_2	4	286980	31
Mock_P04_2	4	286980	70
Mock_P04_2	4	286980	113
Mock_P04_2	4	286980	48
Mock_P04_2	4	286980	44
Mock_P04_2	4	286980	70
Mock_P04_2	4	286980	53
Mock_P04_2	4	286980	49
Mock_P04_2	4	286980	68
Mock_P04_2	4	286980	30
Mock_P04_2	4	286980	65
Mock_P04_2	4	286980	26
Mock_P04_2	4	286980	54
Mock_P04_2	4	286980	31
Mock_P04_2	4	286980	50
Mock_P04_2	4	286980	50
Mock_P04_2	5	237989	75
Mock_P04_2	5	237989	82
Mock_P04_2	5	237989	42
Mock_P04_2	5	237989	76
Mock_P04_2	5	237989	40
Mock_P04_2	5	237989	50
Mock_P04_2	5	237989	49
Mock_P04_2	5	237989	18
Mock_P04_2	5	237989	64
Mock_P04_2	5	237989	22
Mock_P04_2	5	237989	97
Mock_P04_2	5	237989	21
Mock_P04_2	5	237989	58
Mock_P04_2	5	237989	37
Mock_P04_2	5	237989	63
Mock_P04_2	5	237989	20
Mock_P04_2	5	237989	207
Mock_P04_2	5	237989	41
Mock_P04_2	5	237989	37
Mock_P04_2	5	237989	49
Mock_P04_2	5	237989	35
Mock_P04_2	5	237989	115
Mock_P04_2	5	237989	57
Mock_P04_2	5	237989	18
Mock_P04_2	5	237989	51
Mock_P04_2	5	237989	46
Mock_P04_2	5	237989	72
Mock_P04_2	5	237989	78
Mock_P04_2	5	237989	93
Mock_P04_2	5	237989	55
Mock_P04_2	5	237989	98
Mock_P04_2	5	237989	48
Mock_P04_2	5	237989	53
Mock_P04_2	5	237989	135
Mock_P04_2	5	237989	70
Mock_P04_2	5	237989	28
Mock_P04_2	5	237989	69
Mock_P04_2	5	237989	65
Mock_P04_2	5	237989	51
Mock_P04_2	5	237989	79
Mock_P04_2	5	237989	62
Mock_P04_2	5	237989	66
Mock_P04_2	5	237989	61
Mock_P04_2	5	237989	68
Mock_P04_2	5	237989	97
Mock_P04_2	5	237989	18
Mock_P04_2	5	237989	97
Mock_P04_2	5	237989	100
Mock_P04_2	5	237989	87
Mock_P04_2	5	237989	65
Mock_P04_2	5	237989	76
Mock_P04_2	5	237989	65
Mock_P04_2	5	237989	65
Mock_P04_2	5	237989	52
Mock_P04_2	5	237989	59
Mock_P04_2	5	237989	84
Mock_P04_2	5	237989	21
Mock_P04_2	5	237989	50
Mock_P04_2	5	237989	61
Mock_P04_2	5	237989	116
Mock_P04_2	5	237989	82
Mock_P04_2	5	237989	37
Mock_P04_2	5	237989	79
Mock_P04_2	5	237989	70
Mock_P04_2	5	237989	147
Mock_P04_2	5	237989	97
Mock_P04_2	5	237989	88
Mock_P04_2	5	237989	67
Mock_P04_2	5	237989	59
Mock_P04_2	5	237989	70
Mock_P04_2	5	237989	82
Mock_P04_2	5	237989	25
Mock_P04_2	5	237989	64
Mock_P04_2	5	237989	100
Mock_P04_2	5	237989	78
Mock_P04_2	5	237989	46
Mock_P04_2	5	237989	54
Mock_P04_2	5	237989	32
Mock_P04_2	5	237989	54
Mock_P04_2	5	237989	86
Mock_P04_2	5	237989	47
Mock_P04_2	5	237989	69
Mock_P04_2	5	237989	60
Mock_P04_2	5	237989	36
Mock_P04_2	5	237989	13
Mock_P04_2	5	237989	26
Mock_P04_2	5	237989	50
Mock_P04_2	5	237989	77
Mock_P04_2	5	237989	38
Mock_P04_2	5	237989	88
Mock_P04_2	5	237989	66
Mock_P04_2	5	237989	56
Mock_P04_2	5	237989	34
Mock_P04_2	5	237989	36
Mock_P04_2	5	237989	114
Mock_P04_2	5	237989	75
Mock_P04_2	6	258380	73
Mock_P04_2	6	258380	108
Mock_P04_2	6	258380	64
Mock_P04_2	6	258380	82
Mock_P04_2	6	258380	61
Mock_P04_2	6	258380	182
Mock_P04_2	6	258380	131
Mock_P04_2	6	258380	81
Mock_P04_2	6	258380	59
Mock_P04_2	6	258380	64
Mock_P04_2	6	258380	63
Mock_P04_2	6	258380	43
Mock_P04_2	6	258380	97
Mock_P04_2	6	258380	99
Mock_P04_2	6	258380	123
Mock_P04_2	6	258380	50
Mock_P04_2	6	258380	238
Mock_P04_2	6	258380	103
Mock_P04_2	6	258380	66
Mock_P04_2	6	258380	115
Mock_P04_2	6	258380	89
Mock_P04_2	6	258380	52
Mock_P04_2	6	258380	29
Mock_P04_2	6	258380	42
Mock_P04_2	6	258380	84
Mock_P04_2	6	258380	133
Mock_P04_2	6	258380	53
Mock_P04_2	6	258380	45
Mock_P04_2	6	258380	27
Mock_P04_2	6	258380	113
Mock_P04_2	6	258380	102
Mock_P04_2	6	258380	70
Mock_P04_2	6	258380	54
Mock_P04_2	6	258380	78
Mock_P04_2	6	258380	27
Mock_P04_2	6	258380	128
Mock_P04_2	6	258380	10
Mock_P04_2	6	258380	196
Mock_P04_2	6	258380	63
Mock_P04_2	6	258380	28
Mock_P04_2	6	258380	91
Mock_P04_2	6	258380	94
Mock_P04_2	6	258380	72
Mock_P04_2	6	258380	110
Mock_P04_2	6	258380	64
Mock_P04_2	6	258380	10
Mock_P04_2	6	258380	75
Mock_P04_2	6	258380	67
Mock_P04_2	6	258380	56
Mock_P04_2	6	258380	63
Mock_P04_2	6	258380	16
Mock_P04_2	6	258380	61
Mock_P04_2	6	258380	35
Mock_P04_2	6	258380	50
Mock_P04_2	6	258380	27
Mock_P04_2	6	258380	77
Mock_P04_2	6	258380	152
Mock_P04_2	6	258380	57
Mock_P04_2	6	258380	102
Mock_P04_2	6	258380	60
Mock_P04_2	6	258380	279
Mock_P04_2	6	258380	29
Mock_P04_2	6	258380	84
Mock_P04_2	6	258380	104
Mock_P04_2	6	258380	166
Mock_P04_2	6	258380	95
Mock_P04_2	6	258380	79
Mock_P04_2	6	258380	93
Mock_P04_2	6	258380	46
Mock_P04_2	6	258380	96
Mock_P04_2	6	258380	138
Mock_P04_2	6	258380	76
Mock_P04_2	6	258380	54
Mock_P04_2	6	258380	125
Mock_P04_2	6	258380	152
Mock_P04_2	6	258380	84
Mock_P04_2	6	258380	88
Mock_P04_2	6	258380	77
Mock_P04_2	6	258380	65
Mock_P04_2	6	258380	95
Mock_P04_2	6	258380	63
Mock_P04_2	6	258380	98
Mock_P04_2	6	258380	67
Mock_P04_2	6	258380	36
Mock_P04_2	6	258380	61
Mock_P04_2	6	258380	109
Mock_P04_2	6	258380	74
Mock_P04_2	6	258380	126
Mock_P04_2	6	258380	21
Mock_P04_2	6	258380	100
Mock_P04_2	6	258380	18
Mock_P04_2	6	258380	68
Mock_P04_2	6	258380	48
Mock_P04_2	6	258380	44
Mock_P04_2	6	258380	76
Mock_P04_2	6	258380	12
Mock_P04_2	6	258380	61
Mock_P04_2	6	258380	110
Mock_P04_2	6	258380	103
Mock_P04_2	6	258380	58
Mock_P04_2	6	258380	71
Mock_P04_2	6	258380	213
Mock_P04_2	6	258380	93
Mock_P04_2	6	258380	117
Mock_P04_2	6	258380	150
Mock_P04_2	6	258380	105
Mock_P04_2	6	258380	137
Mock_P04_2	6	258380	130
Mock_P04_2	6	258380	128
Mock_P04_2	7	168938	89
Mock_P04_2	7	168938	34
Mock_P04_2	7	168938	25
Mock_P04_2	7	168938	80
Mock_P04_2	7	168938	58
Mock_P04_2	7	168938	67
Mock_P04_2	7	168938	50
Mock_P04_2	7	168938	77
Mock_P04_2	7	168938	67
Mock_P04_2	7	168938	134
Mock_P04_2	7	168938	134
Mock_P04_2	7	168938	141
Mock_P04_2	7	168938	114
Mock_P04_2	7	168938	174
Mock_P04_2	7	168938	58
Mock_P04_2	7	168938	53
Mock_P04_2	7	168938	107
Mock_P04_2	7	168938	57
Mock_P04_2	7	168938	76
Mock_P04_2	7	168938	83
Mock_P04_2	7	168938	86
Mock_P04_2	7	168938	161
Mock_P04_2	7	168938	81
Mock_P04_2	7	168938	114
Mock_P04_2	7	168938	75
Mock_P04_2	7	168938	69
Mock_P04_2	7	168938	109
Mock_P04_2	7	168938	67
Mock_P04_2	7	168938	75
Mock_P04_2	7	168938	74
Mock_P04_2	7	168938	69
Mock_P04_2	7	168938	101
Mock_P04_2	7	168938	104
Mock_P04_2	7	168938	71
Mock_P04_2	7	168938	136
Mock_P04_2	7	168938	176
Mock_P04_2	7	168938	80
Mock_P04_2	7	168938	223
Mock_P04_2	7	168938	95
Mock_P04_2	7	168938	31
Mock_P04_2	7	168938	99
Mock_P04_2	7	168938	91
Mock_P04_2	7	168938	149
Mock_P04_2	7	168938	141
Mock_P04_2	7	168938	47
Mock_P04_2	7	168938	75
Mock_P04_2	7	168938	27
Mock_P04_2	7	168938	68
Mock_P04_2	7	168938	60
Mock_P04_2	7	168938	13
Mock_P04_2	7	168938	147
Mock_P04_2	7	168938	113
Mock_P04_2	7	168938	94
Mock_P04_2	7	168938	90
Mock_P04_2	7	168938	76
Mock_P04_2	7	168938	124
Mock_P04_2	7	168938	73
Mock_P04_2	7	168938	129
Mock_P04_2	7	168938	74
Mock_P04_2	7	168938	43
Mock_P04_2	7	168938	84
Mock_P04_2	7	168938	57
Mock_P04_2	7	168938	50
Mock_P04_2	7	168938	22
Mock_P04_2	7	168938	110
Mock_P04_2	7	168938	41
Mock_P04_2	7	168938	43
Mock_P04_2	7	168938	75
Mock_P04_2	7	168938	49
Mock_P04_2	7	168938	217
Mock_P04_2	7	168938	63
Mock_P04_2	7	168938	148
Mock_P04_2	7	168938	85
Mock_P04_2	7	168938	119
Mock_P04_2	7	168938	89
Mock_P04_2	7	168938	54
Mock_P04_2	7	168938	24
Mock_P04_2	7	168938	44
Mock_P04_2	7	168938	89
Mock_P04_2	7	168938	96
Mock_P04_2	7	168938	138
Mock_P04_2	7	168938	81
Mock_P04_2	7	168938	50
Mock_P04_2	7	168938	82
Mock_P04_2	7	168938	164
Mock_P04_2	7	168938	61
Mock_P04_2	7	168938	171
Mock_P04_2	7	168938	14
Mock_P04_2	7	168938	96
Mock_P04_2	7	168938	342
Mock_P04_2	7	168938	114
Mock_P04_2	8	267116	97
Mock_P04_2	8	267116	170
Mock_P04_2	8	267116	134
Mock_P04_2	8	267116	40
Mock_P04_2	8	267116	65
Mock_P04_2	8	267116	92
Mock_P04_2	8	267116	183
Mock_P04_2	8	267116	53
Mock_P04_2	8	267116	52
Mock_P04_2	8	267116	75
Mock_P04_2	8	267116	178
Mock_P04_2	8	267116	74
Mock_P04_2	8	267116	64
Mock_P04_2	8	267116	90
Mock_P04_2	8	267116	83
Mock_P04_2	8	267116	101
Mock_P04_2	8	267116	96
Mock_P04_2	8	267116	90
Mock_P04_2	8	267116	58
Mock_P04_2	8	267116	90
Mock_P04_2	8	267116	59
Mock_P04_2	8	267116	108
Mock_P04_2	8	267116	95
Mock_P04_2	8	267116	33
Mock_P04_2	8	267116	48
Mock_P04_2	8	267116	66
Mock_P04_2	8	267116	72
Mock_P04_2	8	267116	188
Mock_P04_2	8	267116	123
Mock_P04_2	8	267116	135
Mock_P04_2	8	267116	13
Mock_P04_2	8	267116	54
Mock_P04_2	8	267116	30
Mock_P04_2	8	267116	35
Mock_P04_2	8	267116	100
Mock_P04_2	8	267116	58
Mock_P04_2	8	267116	78
Mock_P04_2	8	267116	31
Mock_P04_2	8	267116	14
Mock_P04_2	8	267116	56
Mock_P04_2	8	267116	109
Mock_P04_2	8	267116	97
Mock_P04_2	8	267116	54
Mock_P04_2	8	267116	48
Mock_P04_2	8	267116	154
Mock_P04_2	8	267116	70
Mock_P04_2	8	267116	115
Mock_P04_2	8	267116	127
Mock_P04_2	8	267116	77
Mock_P04_2	8	267116	106
Mock_P04_2	8	267116	112
Mock_P04_2	8	267116	72
Mock_P04_2	8	267116	139
Mock_P04_2	8	267116	59
Mock_P04_2	8	267116	85
Mock_P04_2	8	267116	98
Mock_P04_2	8	267116	94
Mock_P04_2	8	267116	211
Mock_P04_2	8	267116	79
Mock_P04_2	8	267116	120
Mock_P04_2	8	267116	90
Mock_P04_2	8	267116	78
Mock_P04_2	8	267116	78
Mock_P04_2	8	267116	103
Mock_P04_2	8	267116	67
Mock_P04_2	8	267116	97
Mock_P04_2	8	267116	77
Mock_P04_2	8	267116	68
Mock_P04_2	8	267116	66
Mock_P04_2	8	267116	138
Mock_P04_2	8	267116	68
Mock_P04_2	8	267116	85
Mock_P04_2	8	267116	128
Mock_P04_2	8	267116	97
Mock_P04_2	8	267116	203
Mock_P04_2	8	267116	67
Mock_P04_2	8	267116	99
Mock_P04_2	8	267116	67
Mock_P04_2	8	267116	215
Mock_P04_2	8	267116	179
Mock_P04_2	8	267116	71
Mock_P04_2	8	267116	288
Mock_P04_2	8	267116	69
Mock_P04_2	8	267116	63
Mock_P04_2	8	267116	98
Mock_P04_2	8	267116	87
Mock_P04_2	8	267116	120
Mock_P04_2	8	267116	190
Mock_P04_2	8	267116	96
Mock_P04_2	8	267116	90
Mock_P04_2	8	267116	33
Mock_P04_2	8	267116	37
Mock_P04_2	8	267116	80
Mock_P04_2	8	267116	32
Mock_P04_2	8	267116	58
Mock_P04_2	8	267116	61
Mock_P04_2	8	267116	43
Mock_P04_2	8	267116	19
Mock_P04_2	8	267116	71
Mock_P04_2	8	267116	66
Mock_P04_2	8	267116	37
Mock_P04_2	8	267116	68
Mock_P04_2	8	267116	47
Mock_P04_2	8	267116	83
Mock_P04_2	8	267116	64
Mock_P04_2	8	267116	97
Mock_P04_2	8	267116	67
Mock_P04_2	8	267116	75
Mock_P04_2	8	267116	98
Mock_P04_2	8	267116	100
Mock_P04_2	8	267116	72
Mock_P04_2	8	267116	65
Mock_P04_2	8	267116	56
Mock_P04_2	8	267116	59
Mock_P04_2	8	267116	130
Mock_P04_2	8	267116	77
Mock_P04_2	8	267116	45
Mock_P04_2	8	267116	178
Mock_P04_2	8	267116	102
Mock_P04_2	8	267116	24
Mock_P04_2	8	267116	122
Mock_P04_2	8	267116	73
Mock_P04_2	8	267116	59
Mock_P04_2	8	267116	56
Mock_P04_2	8	267116	48
Mock_P04_2	8	267116	108
Mock_P04_2	8	267116	117
Mock_P04_2	8	267116	62
Mock_P04_2	8	267116	101
Mock_P04_2	8	267116	73
Mock_P04_2	8	267116	173
Mock_P04_2	8	267116	117
Mock_P04_2	8	267116	38
Mock_P04_2	8	267116	99
Mock_P04_2	8	267116	103
Mock_P04_2	8	267116	46
Mock_P04_2	8	267116	54
Mock_P04_2	8	267116	78
Mock_P04_2	8	267116	44
Mock_P04_2	8	267116	117
Mock_P04_2	8	267116	113
Mock_P04_2	8	267116	63
Mock_P04_2	8	267116	28
Mock_P04_2	8	267116	60
Mock_P04_2	8	267116	83
Mock_P04_2	8	267116	24
Mock_P04_2	8	267116	119
Mock_P04_2	8	267116	80
Mock_P04_2	8	267116	58
Mock_P04_2	8	267116	56
Mock_P04_2	8	267116	100
Mock_P04_2	8	267116	34
Mock_P04_2	8	267116	122
Mock_P04_2	8	267116	78
Mock_P04_2	8	267116	88
Mock_P04_2	8	267116	58
Mock_P04_2	8	267116	21
Mock_P04_2	8	267116	40
Mock_P04_2	8	267116	47
Mock_P04_2	8	267116	105
Mock_P04_2	8	267116	71
Mock_P04_2	8	267116	95
Mock_P04_2	8	267116	47
Mock_P04_2	8	267116	87
Mock_P04_2	8	267116	57
Mock_P04_2	8	267116	47
Mock_P04_2	8	267116	126
Mock_P04_2	8	267116	92
Mock_P04_2	8	267116	111
Mock_P04_2	8	267116	41
Mock_P04_2	8	267116	314
Mock_P04_2	8	267116	70
Mock_P04_2	8	267116	91
Mock_P04_2	8	267116	36
Mock_P04_2	8	267116	58
Mock_P04_2	8	267116	163
Mock_P04_2	8	267116	21
Mock_P04_2	8	267116	38
Mock_P04_2	8	267116	15
Mock_P04_2	8	267116	86
Mock_P04_2	8	267116	57
Mock_P04_2	8	267116	150
Mock_P04_2	8	267116	54
Mock_P04_2	8	267116	125
Mock_P04_2	8	267116	91
Mock_P04_2	8	267116	65
Mock_P04_2	8	267116	48
Mock_P04_2	8	267116	43
Mock_P04_2	8	267116	18
Mock_P04_2	8	267116	142
Mock_P04_2	8	267116	174
Mock_P04_2	8	267116	71
Mock_P04_2	8	267116	105
Mock_P04_2	8	267116	114
Mock_P04_2	8	267116	11
Mock_P04_2	9	321238	83
Mock_P04_2	9	321238	76
Mock_P04_2	9	321238	85
Mock_P04_2	9	321238	142
Mock_P04_2	9	321238	51
Mock_P04_2	9	321238	102
Mock_P04_2	9	321238	35
Mock_P04_2	9	321238	139
Mock_P04_2	9	321238	81
Mock_P04_2	9	321238	103
Mock_P04_2	9	321238	93
Mock_P04_2	9	321238	197
Mock_P04_2	9	321238	116
Mock_P04_2	9	321238	47
Mock_P04_2	9	321238	74
Mock_P04_2	9	321238	176
Mock_P04_2	9	321238	72
Mock_P04_2	9	321238	43
Mock_P04_2	9	321238	44
Mock_P04_2	9	321238	130
Mock_P04_2	9	321238	118
Mock_P04_2	9	321238	80
Mock_P04_2	9	321238	45
Mock_P04_2	9	321238	109
Mock_P04_2	9	321238	101
Mock_P04_2	9	321238	79
Mock_P04_2	9	321238	132
Mock_P04_2	9	321238	41
Mock_P04_2	9	321238	127
Mock_P04_2	9	321238	49
Mock_P04_2	9	321238	124
Mock_P04_2	9	321238	23
Mock_P04_2	9	321238	100
Mock_P04_2	9	321238	78
Mock_P04_2	9	321238	142
Mock_P04_2	9	321238	89
Mock_P04_2	9	321238	140
Mock_P04_2	9	321238	93
Mock_P04_2	9	321238	168
Mock_P04_2	9	321238	129
Mock_P04_2	9	321238	158
Mock_P04_2	9	321238	64
Mock_P04_2	9	321238	18
Mock_P04_2	9	321238	90
Mock_P04_2	9	321238	37
Mock_P04_2	9	321238	59
Mock_P04_2	9	321238	128
Mock_P04_2	9	321238	107
Mock_P04_2	9	321238	63
Mock_P04_2	9	321238	34
Mock_P04_2	9	321238	75
Mock_P04_2	9	321238	168
Mock_P04_2	9	321238	144
Mock_P04_2	9	321238	73
Mock_P04_2	9	321238	169
Mock_P04_2	9	321238	190
Mock_P04_2	9	321238	158
Mock_P04_2	9	321238	90
Mock_P04_2	9	321238	101
Mock_P04_2	9	321238	53
Mock_P04_2	9	321238	69
Mock_P04_2	9	321238	95
Mock_P04_2	9	321238	110
Mock_P04_2	9	321238	57
Mock_P04_2	9	321238	68
Mock_P04_2	9	321238	103
Mock_P04_2	9	321238	118
Mock_P04_2	9	321238	94
Mock_P04_2	9	321238	59
Mock_P04_2	9	321238	117
Mock_P04_2	9	321238	183
Mock_P04_2	9	321238	56
Mock_P04_2	9	321238	155
Mock_P04_2	9	321238	196
Mock_P04_2	9	321238	116
Mock_P04_2	9	321238	137
Mock_P04_2	9	321238	60
Mock_P04_2	9	321238	81
Mock_P04_2	9	321238	98
Mock_P04_2	9	321238	81
Mock_P04_2	9	321238	102
Mock_P04_2	9	321238	169
Mock_P04_2	9	321238	132
Mock_P04_2	9	321238	174
Mock_P04_2	9	321238	244
Mock_P04_2	9	321238	119
Mock_P04_2	9	321238	112
Mock_P04_2	9	321238	73
Mock_P04_2	9	321238	112
Mock_P04_2	9	321238	190
Mock_P04_2	9	321238	113
Mock_P04_2	9	321238	117
Mock_P04_2	9	321238	121
Mock_P04_2	9	321238	218
Mock_P04_2	9	321238	113
Mock_P04_2	9	321238	101
Mock_P04_2	9	321238	98
Mock_P04_2	9	321238	38
Mock_P04_2	9	321238	102
Mock_P04_2	9	321238	158
Mock_P04_2	9	321238	173
Mock_P04_2	9	321238	133
Mock_P04_2	9	321238	91
Mock_P04_2	9	321238	79
Mock_P04_2	9	321238	154
Mock_P04_2	9	321238	26
Mock_P04_2	9	321238	175
Mock_P04_2	9	321238	98
Mock_P04_2	9	321238	98
Mock_P04_2	9	321238	147
Mock_P04_2	9	321238	55
Mock_P04_2	9	321238	88
Mock_P04_2	9	321238	92
Mock_P04_2	9	321238	105
Mock_P04_2	9	321238	79
Mock_P04_2	9	321238	80
Mock_P04_2	9	321238	77
Mock_P04_2	9	321238	155
Mock_P04_2	9	321238	31
Mock_P04_2	9	321238	173
Mock_P04_2	9	321238	68
Mock_P04_2	9	321238	260
Mock_P04_2	9	321238	80
Mock_P04_2	9	321238	76
Mock_P04_2	9	321238	129
Mock_P04_2	9	321238	126
Mock_P04_2	9	321238	86
Mock_P04_2	9	321238	163
Mock_P04_2	9	321238	58
Mock_P04_2	9	321238	82
Mock_P04_2	9	321238	59
Mock_P04_2	9	321238	96
Mock_P04_2	9	321238	118
Mock_P04_2	9	321238	124
Mock_P04_2	9	321238	125
Mock_P04_2	9	321238	148
Mock_P04_2	9	321238	143
Mock_P04_2	9	321238	310
Mock_P04_2	9	321238	139
Mock_P04_2	9	321238	133
Mock_P04_2	9	321238	122
Mock_P04_2	9	321238	108
Mock_P04_2	9	321238	100
Mock_P04_2	9	321238	143
Mock_P04_2	9	321238	175
Mock_P04_2	9	321238	108
Mock_P04_2	9	321238	194
Mock_P04_2	9	321238	61
Mock_P04_2	9	321238	184
Mock_P04_2	9	321238	164
Mock_P04_2	9	321238	77
Mock_P04_2	9	321238	72
Mock_P04_2	9	321238	70
Mock_P04_2	9	321238	117
Mock_P04_2	9	321238	84
Mock_P04_2	9	321238	118
Mock_P04_2	9	321238	122
Mock_P04_2	9	321238	230
Mock_P04_2	9	321238	144
Mock_P04_2	9	321238	136
Mock_P04_2	9	321238	107
Mock_P04_2	9	321238	118
Mock_P04_2	9	321238	154
Mock_P04_2	9	321238	161
Mock_P04_2	9	321238	102
Mock_P04_2	9	321238	219
Mock_P04_2	9	321238	177
Mock_P04_2	9	321238	148
Mock_P04_2	9	321238	145
Mock_P04_2	10	341972	51
Mock_P04_2	10	341972	120
Mock_P04_2	10	341972	131
Mock_P04_2	10	341972	57
Mock_P04_2	10	341972	166
Mock_P04_2	10	341972	82
Mock_P04_2	10	341972	124
Mock_P04_2	10	341972	253
Mock_P04_2	10	341972	37
Mock_P04_2	10	341972	70
Mock_P04_2	10	341972	151
Mock_P04_2	10	341972	28
Mock_P04_2	10	341972	85
Mock_P04_2	10	341972	81
Mock_P04_2	10	341972	273
Mock_P04_2	10	341972	104
Mock_P04_2	10	341972	69
Mock_P04_2	10	341972	83
Mock_P04_2	10	341972	130
Mock_P04_2	10	341972	145
Mock_P04_2	10	341972	114
Mock_P04_2	10	341972	98
Mock_P04_2	10	341972	159
Mock_P04_2	10	341972	142
Mock_P04_2	10	341972	62
Mock_P04_2	10	341972	110
Mock_P04_2	10	341972	63
Mock_P04_2	10	341972	219
Mock_P04_2	10	341972	81
Mock_P04_2	10	341972	65
Mock_P04_2	10	341972	73
Mock_P04_2	10	341972	74
Mock_P04_2	10	341972	111
Mock_P04_2	10	341972	52
Mock_P04_2	10	341972	104
Mock_P04_2	10	341972	87
Mock_P04_2	10	341972	50
Mock_P04_2	10	341972	84
Mock_P04_2	10	341972	61
Mock_P04_2	10	341972	89
Mock_P04_2	10	341972	160
Mock_P04_2	10	341972	70
Mock_P04_2	10	341972	137
Mock_P04_2	10	341972	47
Mock_P04_2	10	341972	133
Mock_P04_2	10	341972	101
Mock_P04_2	10	341972	82
Mock_P04_2	10	341972	11
Mock_P04_2	10	341972	221
Mock_P04_2	10	341972	174
Mock_P04_2	10	341972	49
Mock_P04_2	10	341972	67
Mock_P04_2	10	341972	91
Mock_P04_2	10	341972	82
Mock_P04_2	10	341972	139
Mock_P04_2	10	341972	262
Mock_P04_2	10	341972	110
Mock_P04_2	10	341972	61
Mock_P04_2	10	341972	116
Mock_P04_2	10	341972	81
Mock_P04_2	10	341972	125
Mock_P04_2	10	341972	95
Mock_P04_2	10	341972	90
Mock_P04_2	10	341972	93
Mock_P04_2	10	341972	37
Mock_P04_2	10	341972	77
Mock_P04_2	10	341972	114
Mock_P04_2	10	341972	30
Mock_P04_2	10	341972	13
Mock_P04_2	10	341972	35
Mock_P04_2	10	341972	72
Mock_P04_2	10	341972	142
Mock_P04_2	10	341972	52
Mock_P04_2	10	341972	72
Mock_P04_2	10	341972	143
Mock_P04_2	10	341972	134
Mock_P04_2	10	341972	131
Mock_P04_2	10	341972	17
Mock_P04_2	10	341972	37
Mock_P04_2	10	341972	93
Mock_P04_2	10	341972	76
Mock_P04_2	10	341972	97
Mock_P04_2	10	341972	100
Mock_P04_2	10	341972	39
Mock_P04_2	10	341972	43
Mock_P04_2	10	341972	41
Mock_P04_2	10	341972	131
Mock_P04_2	10	341972	139
Mock_P04_2	10	341972	83
Mock_P04_2	10	341972	78
Mock_P04_2	10	341972	56
Mock_P04_2	10	341972	63
Mock_P04_2	10	341972	251
Mock_P04_2	10	341972	33
Mock_P04_2	10	341972	85
Mock_P04_2	10	341972	59
Mock_P04_2	10	341972	36
Mock_P04_2	10	341972	39
Mock_P04_2	10	341972	123
Mock_P04_2	10	341972	84
Mock_P04_2	10	341972	134
Mock_P04_2	10	341972	32
Mock_P04_2	10	341972	96
Mock_P04_2	10	341972	136
Mock_P04_2	10	341972	56
Mock_P04_2	10	341972	35
Mock_P04_2	10	341972	47
Mock_P04_2	10	341972	13
Mock_P04_2	10	341972	107
Mock_P04_2	10	341972	59
Mock_P04_2	10	341972	32
Mock_P04_2	10	341972	179
Mock_P04_2	10	341972	54
Mock_P04_2	10	341972	64
Mock_P04_2	10	341972	143
Mock_P04_2	10	341972	63
Mock_P04_2	10	341972	73
Mock_P04_2	10	341972	259
Mock_P04_2	10	341972	118
Mock_P04_2	10	341972	113
Mock_P04_2	10	341972	104
Mock_P04_2	10	341972	43
Mock_P04_2	10	341972	28
Mock_P04_2	10	341972	98
Mock_P04_2	10	341972	217
Mock_P04_2	10	341972	60
Mock_P04_2	10	341972	97
Mock_P04_2	10	341972	51
Mock_P04_2	10	341972	71
Mock_P04_2	10	341972	60
Mock_P04_2	10	341972	48
Mock_P04_2	10	341972	86
Mock_P04_2	10	341972	98
Mock_P04_2	10	341972	39
Mock_P04_2	10	341972	81
Mock_P04_2	10	341972	79
Mock_P04_2	10	341972	57
Mock_P04_2	10	341972	60
Mock_P04_2	10	341972	70
Mock_P04_2	10	341972	22
Mock_P04_2	10	341972	122
Mock_P04_2	10	341972	65
Mock_P04_2	10	341972	244
Mock_P04_2	10	341972	74
Mock_P04_2	10	341972	130
Mock_P04_2	10	341972	66
Mock_P04_2	10	341972	80
Mock_P04_2	10	341972	110
Mock_P04_2	10	341972	102
Mock_P04_2	10	341972	63
Mock_P04_2	10	341972	71
Mock_P04_2	10	341972	95
Mock_P04_2	10	341972	151
Mock_P04_2	10	341972	93
Mock_P04_2	10	341972	88
Mock_P04_2	10	341972	221
Mock_P04_2	10	341972	16
Mock_P04_2	10	341972	98
Mock_P04_2	10	341972	71
Mock_P04_2	10	341972	113
Mock_P04_2	10	341972	44
Mock_P04_2	10	341972	69
Mock_P04_2	10	341972	305
Mock_P04_2	10	341972	73
Mock_P04_2	10	341972	93
Mock_P04_2	10	341972	64
Mock_P04_2	10	341972	87
Mock_P04_2	10	341972	117
Mock_P04_2	10	341972	146
Mock_P04_2	10	341972	59
Mock_P04_2	10	341972	129
Mock_P04_2	10	341972	138
Mock_P04_2	10	341972	147
Mock_P04_2	10	341972	132
Mock_P04_2	10	341972	59
Mock_P04_2	10	341972	115
Mock_P04_2	10	341972	134
Mock_P04_2	10	341972	131
Mock_P04_2	10	341972	58
Mock_P04_2	10	341972	94
Mock_P04_2	10	341972	171
Mock_P04_2	10	341972	328
Mock_P04_2	10	341972	66
Mock_P04_2	10	341972	104
Mock_P04_2	10	341972	60
Mock_P04_2	10	341972	59
Mock_P04_2	10	341972	137
Mock_P04_2	10	341972	65
Mock_P04_2	10	341972	107
Mock_P04_2	11	346084	110
Mock_P04_2	11	346084	212
Mock_P04_2	11	346084	180
Mock_P04_2	11	346084	254
Mock_P04_2	11	346084	31
Mock_P04_2	11	346084	332
Mock_P04_2	11	346084	139
Mock_P04_2	11	346084	163
Mock_P04_2	11	346084	143
Mock_P04_2	11	346084	364
Mock_P04_2	11	346084	172
Mock_P04_2	11	346084	99
Mock_P04_2	11	346084	48
Mock_P04_2	11	346084	94
Mock_P04_2	11	346084	74
Mock_P04_2	11	346084	118
Mock_P04_2	11	346084	100
Mock_P04_2	11	346084	111
Mock_P04_2	11	346084	151
Mock_P04_2	11	346084	291
Mock_P04_2	11	346084	86
Mock_P04_2	11	346084	105
Mock_P04_2	11	346084	232
Mock_P04_2	11	346084	161
Mock_P04_2	11	346084	127
Mock_P04_2	11	346084	116
Mock_P04_2	11	346084	171
Mock_P04_2	11	346084	116
Mock_P04_2	11	346084	140
Mock_P04_2	11	346084	99
Mock_P04_2	11	346084	223
Mock_P04_2	11	346084	213
Mock_P04_2	11	346084	166
Mock_P04_2	11	346084	130
Mock_P04_2	11	346084	111
Mock_P04_2	11	346084	116
Mock_P04_2	11	346084	144
Mock_P04_2	11	346084	36
Mock_P04_2	11	346084	106
Mock_P04_2	11	346084	91
Mock_P04_2	11	346084	111
Mock_P04_2	11	346084	99
Mock_P04_2	11	346084	75
Mock_P04_2	11	346084	81
Mock_P04_2	11	346084	46
Mock_P04_2	11	346084	78
Mock_P04_2	11	346084	118
Mock_P04_2	11	346084	248
Mock_P04_2	11	346084	175
Mock_P04_2	11	346084	42
Mock_P04_2	11	346084	76
Mock_P04_2	11	346084	78
Mock_P04_2	11	346084	106
Mock_P04_2	11	346084	114
Mock_P04_2	11	346084	130
Mock_P04_2	11	346084	138
Mock_P04_2	11	346084	142
Mock_P04_2	11	346084	121
Mock_P04_2	11	346084	162
Mock_P04_2	11	346084	243
Mock_P04_2	11	346084	117
Mock_P04_2	11	346084	106
Mock_P04_2	11	346084	41
Mock_P04_2	11	346084	62
Mock_P04_2	11	346084	205
Mock_P04_2	11	346084	71
Mock_P04_2	11	346084	84
Mock_P04_2	11	346084	146
Mock_P04_2	11	346084	154
Mock_P04_2	11	346084	108
Mock_P04_2	11	346084	188
Mock_P04_2	11	346084	91
Mock_P04_2	11	346084	118
Mock_P04_2	11	346084	79
Mock_P04_2	11	346084	93
Mock_P04_2	11	346084	70
Mock_P04_2	11	346084	83
Mock_P04_2	11	346084	15
Mock_P04_2	11	346084	132
Mock_P04_2	11	346084	118
Mock_P04_2	11	346084	72
Mock_P04_2	11	346084	55
Mock_P04_2	11	346084	75
Mock_P04_2	11	346084	90
Mock_P04_2	11	346084	87
Mock_P04_2	11	346084	126
Mock_P04_2	11	346084	111
Mock_P04_2	11	346084	203
Mock_P04_2	11	346084	69
Mock_P04_2	11	346084	75
Mock_P04_2	11	346084	84
Mock_P04_2	11	346084	78
Mock_P04_2	11	346084	72
Mock_P04_2	11	346084	228
Mock_P04_2	11	346084	109
Mock_P04_2	11	346084	100
Mock_P04_2	11	346084	111
Mock_P04_2	11	346084	112
Mock_P04_2	11	346084	98
Mock_P04_2	11	346084	28
Mock_P04_2	11	346084	113
Mock_P04_2	11	346084	174
Mock_P04_2	11	346084	283
Mock_P04_2	11	346084	88
Mock_P04_2	11	346084	87
Mock_P04_2	11	346084	31
Mock_P04_2	11	346084	121
Mock_P04_2	11	346084	77
Mock_P04_2	11	346084	86
Mock_P04_2	11	346084	111
Mock_P04_2	11	346084	63
Mock_P04_2	11	346084	91
Mock_P04_2	11	346084	83
Mock_P04_2	11	346084	35
Mock_P04_2	11	346084	121
Mock_P04_2	11	346084	34
Mock_P04_2	11	346084	122
Mock_P04_2	11	346084	95
Mock_P04_2	11	346084	39
Mock_P04_2	11	346084	75
Mock_P04_2	11	346084	146
Mock_P04_2	11	346084	78
Mock_P04_2	11	346084	192
Mock_P04_2	11	346084	175
Mock_P04_2	11	346084	56
Mock_P04_2	11	346084	205
Mock_P04_2	11	346084	120
Mock_P04_2	11	346084	73
Mock_P04_2	11	346084	146
Mock_P04_2	11	346084	63
Mock_P04_2	11	346084	123
Mock_P04_2	11	346084	107
Mock_P04_2	11	346084	146
Mock_P04_2	11	346084	140
Mock_P04_2	11	346084	51
Mock_P04_2	11	346084	41
Mock_P04_2	11	346084	39
Mock_P04_2	11	346084	146
Mock_P04_2	11	346084	146
Mock_P04_2	11	346084	298
Mock_P04_2	11	346084	79
Mock_P04_2	11	346084	92
Mock_P04_2	11	346084	170
Mock_P04_2	11	346084	103
Mock_P04_2	11	346084	120
Mock_P04_2	11	346084	65
Mock_P04_2	12	303614	192
Mock_P04_2	12	303614	95
Mock_P04_2	12	303614	99
Mock_P04_2	12	303614	83
Mock_P04_2	12	303614	30
Mock_P04_2	12	303614	115
Mock_P04_2	12	303614	83
Mock_P04_2	12	303614	61
Mock_P04_2	12	303614	48
Mock_P04_2	12	303614	91
Mock_P04_2	12	303614	123
Mock_P04_2	12	303614	82
Mock_P04_2	12	303614	71
Mock_P04_2	12	303614	109
Mock_P04_2	12	303614	36
Mock_P04_2	12	303614	73
Mock_P04_2	12	303614	98
Mock_P04_2	12	303614	109
Mock_P04_2	12	303614	118
Mock_P04_2	12	303614	100
Mock_P04_2	12	303614	155
Mock_P04_2	12	303614	119
Mock_P04_2	12	303614	76
Mock_P04_2	12	303614	46
Mock_P04_2	12	303614	244
Mock_P04_2	12	303614	117
Mock_P04_2	12	303614	101
Mock_P04_2	12	303614	139
Mock_P04_2	12	303614	44
Mock_P04_2	12	303614	89
Mock_P04_2	12	303614	108
Mock_P04_2	12	303614	225
Mock_P04_2	12	303614	115
Mock_P04_2	12	303614	43
Mock_P04_2	12	303614	12
Mock_P04_2	12	303614	151
Mock_P04_2	12	303614	91
Mock_P04_2	12	303614	191
Mock_P04_2	12	303614	118
Mock_P04_2	12	303614	227
Mock_P04_2	12	303614	144
Mock_P04_2	12	303614	104
Mock_P04_2	12	303614	125
Mock_P04_2	12	303614	168
Mock_P04_2	12	303614	188
Mock_P04_2	12	303614	16
Mock_P04_2	12	303614	120
Mock_P04_2	12	303614	105
Mock_P04_2	12	303614	175
Mock_P04_2	12	303614	157
Mock_P04_2	12	303614	131
Mock_P04_2	12	303614	104
Mock_P04_2	12	303614	167
Mock_P04_2	12	303614	90
Mock_P04_2	12	303614	76
Mock_P04_2	12	303614	106
Mock_P04_2	12	303614	85
Mock_P04_2	12	303614	176
Mock_P04_2	12	303614	176
Mock_P04_2	12	303614	41
Mock_P04_2	12	303614	132
Mock_P04_2	12	303614	90
Mock_P04_2	12	303614	77
Mock_P04_2	12	303614	223
Mock_P04_2	12	303614	183
Mock_P04_2	12	303614	131
Mock_P04_2	12	303614	115
Mock_P04_2	12	303614	70
Mock_P04_2	12	303614	179
Mock_P04_2	12	303614	147
Mock_P04_2	12	303614	258
Mock_P04_2	12	303614	93
Mock_P04_2	12	303614	56
Mock_P04_2	12	303614	305
Mock_P04_2	12	303614	164
Mock_P04_2	12	303614	44
Mock_P04_2	12	303614	132
Mock_P04_2	12	303614	175
Mock_P04_2	12	303614	117
Mock_P04_2	12	303614	123
Mock_P04_2	12	303614	101
Mock_P04_2	12	303614	147
Mock_P04_2	12	303614	108
Mock_P04_2	12	303614	57
Mock_P04_2	12	303614	115
Mock_P04_2	12	303614	278
Mock_P04_2	12	303614	100
Mock_P04_2	12	303614	96
Mock_P04_2	12	303614	91
Mock_P04_2	12	303614	92
Mock_P04_2	12	303614	131
Mock_P04_2	12	303614	112
Mock_P04_2	12	303614	76
Mock_P04_2	12	303614	124
Mock_P04_2	12	303614	204
Mock_P04_2	12	303614	127
Mock_P04_2	12	303614	48
Mock_P04_2	12	303614	39
Mock_P04_2	12	303614	53
Mock_P04_2	12	303614	360
Mock_P04_2	12	303614	81
Mock_P04_2	12	303614	116
Mock_P04_2	12	303614	80
Mock_P04_2	12	303614	60
Mock_P04_2	12	303614	97
Mock_P04_2	12	303614	104
Mock_P04_2	12	303614	95
Mock_P04_2	12	303614	202
Mock_P04_2	12	303614	131
Mock_P04_2	12	303614	90
Mock_P04_2	12	303614	93
Mock_P04_2	12	303614	39
Mock_P04_2	12	303614	65
Mock_P04_2	12	303614	179
Mock_P04_2	12	303614	79
Mock_P04_2	12	303614	99
Mock_P04_2	12	303614	129
Mock_P04_2	12	303614	140
Mock_P04_2	12	303614	136
Mock_P04_2	12	303614	90
Mock_P04_2	12	303614	110
Mock_P04_2	12	303614	134
Mock_P04_2	12	303614	107
Mock_P04_2	12	303614	57
Mock_P04_2	12	303614	123
Mock_P04_2	12	303614	145
Mock_P04_2	13	293467	205
Mock_P04_2	13	293467	125
Mock_P04_2	13	293467	111
Mock_P04_2	13	293467	119
Mock_P04_2	13	293467	125
Mock_P04_2	13	293467	110
Mock_P04_2	13	293467	141
Mock_P04_2	13	293467	111
Mock_P04_2	13	293467	251
Mock_P04_2	13	293467	90
Mock_P04_2	13	293467	201
Mock_P04_2	13	293467	109
Mock_P04_2	13	293467	123
Mock_P04_2	13	293467	129
Mock_P04_2	13	293467	72
Mock_P04_2	13	293467	15
Mock_P04_2	13	293467	89
Mock_P04_2	13	293467	86
Mock_P04_2	13	293467	75
Mock_P04_2	13	293467	57
Mock_P04_2	13	293467	117
Mock_P04_2	13	293467	94
Mock_P04_2	13	293467	52
Mock_P04_2	13	293467	41
Mock_P04_2	13	293467	64
Mock_P04_2	13	293467	81
Mock_P04_2	13	293467	121
Mock_P04_2	13	293467	65
Mock_P04_2	13	293467	136
Mock_P04_2	13	293467	73
Mock_P04_2	13	293467	50
Mock_P04_2	13	293467	80
Mock_P04_2	13	293467	82
Mock_P04_2	13	293467	180
Mock_P04_2	13	293467	89
Mock_P04_2	13	293467	133
Mock_P04_2	13	293467	87
Mock_P04_2	13	293467	251
Mock_P04_2	13	293467	149
Mock_P04_2	13	293467	152
Mock_P04_2	13	293467	85
Mock_P04_2	13	293467	106
Mock_P04_2	13	293467	71
Mock_P04_2	13	293467	91
Mock_P04_2	13	293467	104
Mock_P04_2	13	293467	50
Mock_P04_2	13	293467	92
Mock_P04_2	13	293467	121
Mock_P04_2	13	293467	42
Mock_P04_2	13	293467	79
Mock_P04_2	13	293467	98
Mock_P04_2	13	293467	100
Mock_P04_2	13	293467	97
Mock_P04_2	13	293467	238
Mock_P04_2	13	293467	129
Mock_P04_2	13	293467	135
Mock_P04_2	13	293467	153
Mock_P04_2	13	293467	119
Mock_P04_2	13	293467	115
Mock_P04_2	13	293467	55
Mock_P04_2	13	293467	146
Mock_P04_2	13	293467	123
Mock_P04_2	13	293467	80
Mock_P04_2	13	293467	74
Mock_P04_2	13	293467	72
Mock_P04_2	13	293467	151
Mock_P04_2	13	293467	132
Mock_P04_2	13	293467	178
Mock_P04_2	13	293467	173
Mock_P04_2	13	293467	107
Mock_P04_2	13	293467	203
Mock_P04_2	13	293467	134
Mock_P04_2	13	293467	127
Mock_P04_2	13	293467	121
Mock_P04_2	13	293467	92
Mock_P04_2	13	293467	104
Mock_P04_2	13	293467	69
Mock_P04_2	13	293467	73
Mock_P04_2	13	293467	109
Mock_P04_2	13	293467	226
Mock_P04_2	13	293467	102
Mock_P04_2	13	293467	70
Mock_P04_2	13	293467	88
Mock_P04_2	13	293467	113
Mock_P04_2	13	293467	94
Mock_P04_2	13	293467	264
Mock_P04_2	13	293467	270
Mock_P04_2	13	293467	85
Mock_P04_2	13	293467	105
Mock_P04_2	13	293467	102
Mock_P04_2	13	293467	57
Mock_P04_2	13	293467	214
Mock_P04_2	13	293467	132
Mock_P04_2	13	293467	259
Mock_P04_2	13	293467	104
Mock_P04_2	13	293467	118
Mock_P04_2	13	293467	143
Mock_P04_2	13	293467	129
Mock_P04_2	13	293467	71
Mock_P04_2	13	293467	50
Mock_P04_2	13	293467	11
Mock_P04_2	13	293467	62
Mock_P04_2	13	293467	82
Mock_P04_2	13	293467	98
Mock_P04_2	13	293467	75
Mock_P04_2	13	293467	46
Mock_P04_2	13	293467	71
Mock_P04_2	13	293467	46
Mock_P04_2	13	293467	89
Mock_P04_2	13	293467	82
Mock_P04_2	13	293467	49
Mock_P04_2	13	293467	45
Mock_P04_2	13	293467	151
Mock_P04_2	13	293467	102
Mock_P04_2	13	293467	121
Mock_P04_2	13	293467	59
Mock_P04_2	13	293467	96
Mock_P04_2	13	293467	96
Mock_P04_2	13	293467	23
Mock_P04_2	13	293467	179
Mock_P04_2	13	293467	107
Mock_P04_2	13	293467	96
Mock_P04_2	13	293467	106
Mock_P04_2	13	293467	93
Mock_P04_2	13	293467	40
Mock_P04_2	13	293467	10
Mock_P04_2	13	293467	133
Mock_P04_2	13	293467	165
Mock_P04_2	13	293467	142
Mock_P04_2	14	362704	48
Mock_P04_2	14	362704	86
Mock_P04_2	14	362704	98
Mock_P04_2	14	362704	67
Mock_P04_2	14	362704	44
Mock_P04_2	14	362704	67
Mock_P04_2	14	362704	73
Mock_P04_2	14	362704	91
Mock_P04_2	14	362704	208
Mock_P04_2	14	362704	87
Mock_P04_2	14	362704	106
Mock_P04_2	14	362704	128
Mock_P04_2	14	362704	79
Mock_P04_2	14	362704	95
Mock_P04_2	14	362704	46
Mock_P04_2	14	362704	247
Mock_P04_2	14	362704	179
Mock_P04_2	14	362704	80
Mock_P04_2	14	362704	265
Mock_P04_2	14	362704	99
Mock_P04_2	14	362704	218
Mock_P04_2	14	362704	218
Mock_P04_2	14	362704	152
Mock_P04_2	14	362704	129
Mock_P04_2	14	362704	103
Mock_P04_2	14	362704	228
Mock_P04_2	14	362704	114
Mock_P04_2	14	362704	83
Mock_P04_2	14	362704	145
Mock_P04_2	14	362704	68
Mock_P04_2	14	362704	67
Mock_P04_2	14	362704	271
Mock_P04_2	14	362704	170
Mock_P04_2	14	362704	146
Mock_P04_2	14	362704	131
Mock_P04_2	14	362704	235
Mock_P04_2	14	362704	95
Mock_P04_2	14	362704	151
Mock_P04_2	14	362704	90
Mock_P04_2	14	362704	132
Mock_P04_2	14	362704	135
Mock_P04_2	14	362704	78
Mock_P04_2	14	362704	73
Mock_P04_2	14	362704	50
Mock_P04_2	14	362704	117
Mock_P04_2	14	362704	82
Mock_P04_2	14	362704	226
Mock_P04_2	14	362704	110
Mock_P04_2	14	362704	74
Mock_P04_2	14	362704	138
Mock_P04_2	14	362704	82
Mock_P04_2	14	362704	118
Mock_P04_2	14	362704	67
Mock_P04_2	14	362704	103
Mock_P04_2	14	362704	549
Mock_P04_2	14	362704	82
Mock_P04_2	14	362704	132
Mock_P04_2	14	362704	99
Mock_P04_2	14	362704	249
Mock_P04_2	14	362704	172
Mock_P04_2	14	362704	79
Mock_P04_2	14	362704	265
Mock_P04_2	14	362704	141
Mock_P04_2	14	362704	324
Mock_P04_2	14	362704	109
Mock_P04_2	14	362704	126
Mock_P04_2	14	362704	104
Mock_P04_2	14	362704	219
Mock_P04_2	14	362704	113
Mock_P04_2	14	362704	197
Mock_P04_2	14	362704	162
Mock_P04_2	14	362704	61
Mock_P04_2	14	362704	95
Mock_P04_2	14	362704	117
Mock_P04_2	14	362704	120
Mock_P04_2	14	362704	79
Mock_P04_2	14	362704	33
Mock_P04_2	14	362704	213
Mock_P04_2	14	362704	126
Mock_P04_2	14	362704	123
Mock_P04_2	14	362704	83
Mock_P04_2	14	362704	111
Mock_P04_2	14	362704	106
Mock_P04_2	14	362704	100
Mock_P04_2	14	362704	118
Mock_P04_2	14	362704	203
Mock_P04_2	14	362704	47
Mock_P04_2	14	362704	82
Mock_P04_2	14	362704	161
Mock_P04_2	14	362704	91
Mock_P04_2	14	362704	118
Mock_P04_2	14	362704	51
Mock_P04_2	14	362704	75
Mock_P04_2	14	362704	67
Mock_P04_2	14	362704	51
Mock_P04_2	14	362704	127
Mock_P04_2	14	362704	160
Mock_P04_2	14	362704	80
Mock_P04_2	14	362704	48
Mock_P04_2	14	362704	107
Mock_P04_2	14	362704	95
Mock_P04_2	14	362704	76
Mock_P04_2	14	362704	108
Mock_P04_2	14	362704	87
Mock_P04_2	14	362704	179
Mock_P04_2	14	362704	94
Mock_P04_2	14	362704	101
Mock_P04_2	14	362704	71
Mock_P04_2	14	362704	71
Mock_P04_2	14	362704	141
Mock_P04_2	14	362704	55
Mock_P04_2	14	362704	11
Mock_P04_2	14	362704	63
Mock_P04_2	14	362704	109
Mock_P04_2	14	362704	72
Mock_P04_2	14	362704	137
Mock_P04_2	14	362704	144
Mock_P04_2	14	362704	90
Mock_P04_2	14	362704	99
Mock_P04_2	14	362704	66
Mock_P04_2	14	362704	39
Mock_P04_2	14	362704	119
Mock_P04_2	14	362704	187
Mock_P04_2	14	362704	189
Mock_P04_2	14	362704	82
Mock_P04_2	14	362704	52
Mock_P04_2	14	362704	133
Mock_P04_2	14	362704	95
Mock_P04_2	14	362704	64
Mock_P04_2	14	362704	100
Mock_P04_2	14	362704	105
Mock_P04_2	14	362704	37
Mock_P04_2	14	362704	137
Mock_P04_2	14	362704	329
Mock_P04_2	14	362704	114
Mock_P04_2	14	362704	79
Mock_P04_2	14	362704	179
Mock_P04_2	14	362704	177
Mock_P04_2	14	362704	73
Mock_P04_2	14	362704	57
Mock_P04_2	14	362704	97
Mock_P04_2	14	362704	64
Mock_P04_2	14	362704	130
Mock_P04_2	14	362704	92
Mock_P04_2	14	362704	142
Mock_P04_2	14	362704	186
Mock_P04_2	14	362704	116
Mock_P04_2	14	362704	60
Mock_P04_2	14	362704	60
Mock_P04_2	14	362704	112
Mock_P04_2	14	362704	79
Mock_P04_2	14	362704	14
Mock_P04_2	14	362704	140
Mock_P04_2	14	362704	114
Mock_P04_2	14	362704	75
Mock_P04_2	14	362704	46
Mock_P04_2	14	362704	54
Mock_P04_2	14	362704	94
Mock_P04_2	14	362704	64
Mock_P04_2	14	362704	76
Mock_P04_2	14	362704	43
Mock_P04_2	14	362704	96
Mock_P04_2	14	362704	35
Mock_P04_2	14	362704	39
Mock_P04_2	14	362704	53
Mock_P04_2	14	362704	38
Mock_P04_2	14	362704	14
Mock_P04_2	14	362704	31
Mock_P04_2	14	362704	24
Mock_P04_2	14	362704	108
Mock_P04_2	14	362704	25
Mock_P04_2	14	362704	49
Mock_P04_2	14	362704	40
Mock_P04_2	14	362704	83
Mock_P04_2	14	362704	155
Mock_P04_2	14	362704	35
Mock_P04_2	14	362704	52
Mock_P04_2	14	362704	58
Mock_P04_2	14	362704	64
Mock_P04_2	14	362704	56
Mock_P04_2	14	362704	203
Mock_P04_2	14	362704	118
Mock_P04_2	14	362704	28
Mock_P04_2	14	362704	88
Mock_P04_2	14	362704	157
Mock_P04_2	14	362704	61
Mock_P04_2	14	362704	144
Mock_P04_2	14	362704	96
Mock_P04_2	14	362704	57
Mock_P04_2	14	362704	49
Mock_P04_2	14	362704	39
Mock_P04_2	14	362704	184
Mock_P04_2	14	362704	74
Mock_P04_2	14	362704	15
Mock_P04_2	14	362704	76
Mock_P04_2	14	362704	40
Mock_P04_2	14	362704	40
Mock_P04_2	14	362704	18
Mock_P04_2	14	362704	31
Mock_P04_2	14	362704	50
Mock_P04_2	14	362704	62
Mock_P04_2	14	362704	45
Mock_P04_2	14	362704	50
Mock_P04_2	14	362704	39
Mock_P04_2	14	362704	74
Mock_P04_2	14	362704	190
Mock_P04_2	14	362704	141
Mock_P04_2	14	362704	15
Mock_P04_2	14	362704	52
Mock_P04_2	14	362704	74
Mock_P04_2	14	362704	98
Mock_P04_2	14	362704	22
Mock_P04_2	14	362704	109
Mock_P04_2	14	362704	41
Mock_P04_2	14	362704	61
Mock_P04_2	14	362704	53
Mock_P04_2	14	362704	62
Mock_P04_2	14	362704	50
Mock_P04_2	14	362704	19
Mock_P04_2	14	362704	19
Mock_P04_2	14	362704	62
Mock_P04_2	14	362704	65
Mock_P04_2	14	362704	22
Mock_P04_2	14	362704	59
Mock_P04_2	14	362704	126
Mock_P04_2	15	356243	64
Mock_P04_2	15	356243	43
Mock_P04_2	15	356243	96
Mock_P04_2	15	356243	58
Mock_P04_2	15	356243	39
Mock_P04_2	15	356243	54
Mock_P04_2	15	356243	35
Mock_P04_2	15	356243	169
Mock_P04_2	15	356243	80
Mock_P04_2	15	356243	49
Mock_P04_2	15	356243	96
Mock_P04_2	15	356243	49
Mock_P04_2	15	356243	127
Mock_P04_2	15	356243	48
Mock_P04_2	15	356243	83
Mock_P04_2	15	356243	59
Mock_P04_2	15	356243	104
Mock_P04_2	15	356243	56
Mock_P04_2	15	356243	102
Mock_P04_2	15	356243	80
Mock_P04_2	15	356243	87
Mock_P04_2	15	356243	72
Mock_P04_2	15	356243	133
Mock_P04_2	15	356243	45
Mock_P04_2	15	356243	113
Mock_P04_2	15	356243	13
Mock_P04_2	15	356243	67
Mock_P04_2	15	356243	177
Mock_P04_2	15	356243	155
Mock_P04_2	15	356243	41
Mock_P04_2	15	356243	14
Mock_P04_2	15	356243	84
Mock_P04_2	15	356243	37
Mock_P04_2	15	356243	25
Mock_P04_2	15	356243	29
Mock_P04_2	15	356243	74
Mock_P04_2	15	356243	62
Mock_P04_2	15	356243	44
Mock_P04_2	15	356243	141
Mock_P04_2	15	356243	76
Mock_P04_2	15	356243	75
Mock_P04_2	15	356243	32
Mock_P04_2	15	356243	59
Mock_P04_2	15	356243	87
Mock_P04_2	15	356243	67
Mock_P04_2	15	356243	22
Mock_P04_2	15	356243	106
Mock_P04_2	15	356243	185
Mock_P04_2	15	356243	51
Mock_P04_2	15	356243	62
Mock_P04_2	15	356243	86
Mock_P04_2	15	356243	57
Mock_P04_2	15	356243	121
Mock_P04_2	15	356243	105
Mock_P04_2	15	356243	116
Mock_P04_2	15	356243	76
Mock_P04_2	15	356243	11
Mock_P04_2	15	356243	20
Mock_P04_2	15	356243	25
Mock_P04_2	15	356243	105
Mock_P04_2	15	356243	175
Mock_P04_2	15	356243	68
Mock_P04_2	15	356243	74
Mock_P04_2	15	356243	73
Mock_P04_2	15	356243	155
Mock_P04_2	15	356243	23
Mock_P04_2	15	356243	76
Mock_P04_2	15	356243	162
Mock_P04_2	15	356243	159
Mock_P04_2	15	356243	86
Mock_P04_2	15	356243	71
Mock_P04_2	15	356243	61
Mock_P04_2	15	356243	79
Mock_P04_2	15	356243	45
Mock_P04_2	15	356243	23
Mock_P04_2	15	356243	129
Mock_P04_2	15	356243	34
Mock_P04_2	15	356243	67
Mock_P04_2	15	356243	36
Mock_P04_2	15	356243	52
Mock_P04_2	15	356243	52
Mock_P04_2	15	356243	48
Mock_P04_2	15	356243	75
Mock_P04_2	15	356243	138
Mock_P04_2	15	356243	245
Mock_P04_2	15	356243	65
Mock_P04_2	15	356243	71
Mock_P04_2	15	356243	92
Mock_P04_2	15	356243	95
Mock_P04_2	15	356243	97
Mock_P04_2	15	356243	79
Mock_P04_2	15	356243	93
Mock_P04_2	15	356243	78
Mock_P04_2	15	356243	53
Mock_P04_2	15	356243	69
Mock_P04_2	15	356243	131
Mock_P04_2	15	356243	62
Mock_P04_2	15	356243	10
Mock_P04_2	15	356243	105
Mock_P04_2	15	356243	46
Mock_P04_2	15	356243	49
Mock_P04_2	15	356243	97
Mock_P04_2	15	356243	40
Mock_P04_2	15	356243	84
Mock_P04_2	15	356243	113
Mock_P04_2	15	356243	54
Mock_P04_2	15	356243	65
Mock_P04_2	15	356243	67
Mock_P04_2	15	356243	117
Mock_P04_2	15	356243	44
Mock_P04_2	15	356243	56
Mock_P04_2	15	356243	94
Mock_P04_2	15	356243	99
Mock_P04_2	15	356243	47
Mock_P04_2	15	356243	44
Mock_P04_2	15	356243	62
Mock_P04_2	15	356243	73
Mock_P04_2	15	356243	51
Mock_P04_2	15	356243	56
Mock_P04_2	15	356243	27
Mock_P04_2	15	356243	71
Mock_P04_2	15	356243	21
Mock_P04_2	15	356243	67
Mock_P04_2	15	356243	13
Mock_P04_2	15	356243	95
Mock_P04_2	15	356243	81
Mock_P04_2	15	356243	115
Mock_P04_2	15	356243	109
Mock_P04_2	15	356243	39
Mock_P04_2	15	356243	99
Mock_P04_2	15	356243	30
Mock_P04_2	15	356243	69
Mock_P04_2	15	356243	140
Mock_P04_2	15	356243	39
Mock_P04_2	15	356243	32
Mock_P04_2	15	356243	66
Mock_P04_2	15	356243	91
Mock_P04_2	15	356243	70
Mock_P04_2	15	356243	131
Mock_P04_2	15	356243	116
Mock_P04_2	15	356243	83
Mock_P04_2	15	356243	84
Mock_P04_2	15	356243	66
Mock_P04_2	15	356243	68
Mock_P04_2	15	356243	105
Mock_P04_2	15	356243	80
Mock_P04_2	15	356243	88
Mock_P04_2	15	356243	94
Mock_P04_2	15	356243	39
Mock_P04_2	15	356243	60
Mock_P04_2	15	356243	59
Mock_P04_2	15	356243	134
Mock_P04_2	15	356243	129
Mock_P04_2	15	356243	94
Mock_P04_2	15	356243	114
Mock_P04_2	15	356243	173
Mock_P04_2	15	356243	99
Mock_P04_2	15	356243	77
Mock_P04_2	15	356243	131
Mock_P04_2	15	356243	92
Mock_P04_2	15	356243	114
Mock_P04_2	15	356243	277
Mock_P04_2	15	356243	100
Mock_P04_2	15	356243	96
Mock_P04_2	15	356243	88
Mock_P04_2	15	356243	109
Mock_P04_2	15	356243	78
Mock_P04_2	15	356243	142
Mock_P04_2	15	356243	118
Mock_P04_2	15	356243	80
Mock_P04_2	15	356243	38
Mock_P04_2	15	356243	103
Mock_P04_2	15	356243	93
Mock_P04_2	15	356243	311
Mock_P04_2	15	356243	93
Mock_P04_2	15	356243	273
Mock_P04_2	15	356243	94
Mock_P04_2	15	356243	128
Mock_P04_2	15	356243	374
Mock_P04_2	15	356243	98
Mock_P04_2	15	356243	88
Mock_P04_2	15	356243	325
Mock_P04_2	15	356243	143
Mock_P04_2	15	356243	130
Mock_P04_2	15	356243	78
Mock_P04_2	15	356243	64
Mock_P04_2	15	356243	218
Mock_P04_2	15	356243	49
Mock_P04_2	15	356243	103
Mock_P04_2	15	356243	113
Mock_P04_2	15	356243	139
Mock_P04_2	15	356243	32
Mock_P04_2	16	308383	85
Mock_P04_2	16	308383	106
Mock_P04_2	16	308383	12
Mock_P04_2	16	308383	25
Mock_P04_2	16	308383	61
Mock_P04_2	16	308383	76
Mock_P04_2	16	308383	51
Mock_P04_2	16	308383	71
Mock_P04_2	16	308383	56
Mock_P04_2	16	308383	38
Mock_P04_2	16	308383	117
Mock_P04_2	16	308383	96
Mock_P04_2	16	308383	79
Mock_P04_2	16	308383	129
Mock_P04_2	16	308383	120
Mock_P04_2	16	308383	16
Mock_P04_2	16	308383	200
Mock_P04_2	16	308383	70
Mock_P04_2	16	308383	58
Mock_P04_2	16	308383	113
Mock_P04_2	16	308383	102
Mock_P04_2	16	308383	111
Mock_P04_2	16	308383	120
Mock_P04_2	16	308383	23
Mock_P04_2	16	308383	217
Mock_P04_2	16	308383	51
Mock_P04_2	16	308383	99
Mock_P04_2	16	308383	171
Mock_P04_2	16	308383	65
Mock_P04_2	16	308383	72
Mock_P04_2	16	308383	77
Mock_P04_2	16	308383	111
Mock_P04_2	16	308383	99
Mock_P04_2	16	308383	69
Mock_P04_2	16	308383	91
Mock_P04_2	16	308383	59
Mock_P04_2	16	308383	84
Mock_P04_2	16	308383	216
Mock_P04_2	16	308383	154
Mock_P04_2	16	308383	97
Mock_P04_2	16	308383	88
Mock_P04_2	16	308383	119
Mock_P04_2	16	308383	216
Mock_P04_2	16	308383	156
Mock_P04_2	16	308383	79
Mock_P04_2	16	308383	83
Mock_P04_2	16	308383	71
Mock_P04_2	16	308383	45
Mock_P04_2	16	308383	90
Mock_P04_2	16	308383	203
Mock_P04_2	16	308383	54
Mock_P04_2	16	308383	112
Mock_P04_2	16	308383	87
Mock_P04_2	16	308383	127
Mock_P04_2	16	308383	123
Mock_P04_2	16	308383	48
Mock_P04_2	16	308383	110
Mock_P04_2	16	308383	103
Mock_P04_2	16	308383	102
Mock_P04_2	16	308383	254
Mock_P04_2	16	308383	112
Mock_P04_2	16	308383	129
Mock_P04_2	16	308383	89
Mock_P04_2	16	308383	80
Mock_P04_2	16	308383	106
Mock_P04_2	16	308383	89
Mock_P04_2	16	308383	119
Mock_P04_2	16	308383	16
Mock_P04_2	16	308383	161
Mock_P04_2	16	308383	60
Mock_P04_2	16	308383	66
Mock_P04_2	16	308383	100
Mock_P04_2	16	308383	83
Mock_P04_2	16	308383	73
Mock_P04_2	16	308383	109
Mock_P04_2	16	308383	80
Mock_P04_2	16	308383	83
Mock_P04_2	16	308383	103
Mock_P04_2	16	308383	114
Mock_P04_2	16	308383	84
Mock_P04_2	16	308383	120
Mock_P04_2	16	308383	74
Mock_P04_2	16	308383	128
Mock_P04_2	16	308383	93
Mock_P04_2	16	308383	93
Mock_P04_2	16	308383	143
Mock_P04_2	16	308383	110
Mock_P04_2	16	308383	78
Mock_P04_2	16	308383	59
Mock_P04_2	16	308383	73
Mock_P04_2	16	308383	116
Mock_P04_2	16	308383	125
Mock_P04_2	16	308383	50
Mock_P04_2	16	308383	137
Mock_P04_2	16	308383	193
Mock_P04_2	16	308383	100
Mock_P04_2	16	308383	101
Mock_P04_2	16	308383	63
Mock_P04_2	16	308383	36
Mock_P04_2	16	308383	25
Mock_P04_2	16	308383	45
Mock_P04_2	16	308383	89
Mock_P04_2	16	308383	119
Mock_P04_2	16	308383	23
Mock_P04_2	16	308383	150
Mock_P04_2	16	308383	40
Mock_P04_2	16	308383	80
Mock_P04_2	16	308383	102
Mock_P04_2	16	308383	20
Mock_P04_2	16	308383	48
Mock_P04_2	16	308383	96
Mock_P04_2	16	308383	268
Mock_P04_2	16	308383	155
Mock_P04_2	16	308383	106
Mock_P04_2	16	308383	17
Mock_P04_2	16	308383	68
Mock_P04_2	16	308383	213
Mock_P04_2	16	308383	101
Mock_P04_2	16	308383	103
Mock_P04_2	16	308383	147
Mock_P04_2	16	308383	105
Mock_P04_2	16	308383	175
Mock_P04_2	16	308383	143
Mock_P04_2	16	308383	101
Mock_P04_2	16	308383	111
Mock_P04_2	16	308383	146
Mock_P04_2	16	308383	174
Mock_P04_2	16	308383	45
Mock_P04_2	16	308383	65
Mock_P04_2	16	308383	115
Mock_P04_2	16	308383	13
Mock_P04_2	16	308383	247
Mock_P04_2	16	308383	140
Mock_P04_2	16	308383	70
Mock_P04_2	16	308383	80
Mock_P04_2	16	308383	30
Mock_P04_2	16	308383	35
Mock_P04_2	16	308383	101
Mock_P04_2	16	308383	85
Mock_P04_2	16	308383	103
Mock_P04_2	16	308383	12
Mock_P04_2	16	308383	98
Mock_P04_2	16	308383	16
Mock_P04_2	16	308383	87
Mock_P04_2	16	308383	88
Mock_P04_2	16	308383	18
Mock_P04_2	16	308383	97
Mock_P04_2	16	308383	113
Mock_P04_2	16	308383	21
Mock_P04_2	16	308383	56
Mock_P04_2	16	308383	18
Mock_P04_2	16	308383	37
Mock_P04_2	16	308383	44
Mock_P04_2	16	308383	113
Mock_P04_2	16	308383	40
Mock_P04_2	16	308383	70
Mock_P04_2	16	308383	29
Mock_P04_2	16	308383	51
Mock_P04_2	16	308383	19
Mock_P04_2	16	308383	35
Mock_P04_2	16	308383	29
Mock_P04_2	16	308383	90
Mock_P04_2	16	308383	64
Mock_P04_2	16	308383	61
Mock_P04_2	16	308383	10
Mock_P04_2	16	308383	31
Mock_P04_2	16	308383	58
Mock_P04_2	16	308383	84
Mock_P04_2	16	308383	66
Mock_P04_2	16	308383	36
Mock_P04_2	16	308383	48
Mock_P04_2	16	308383	72
Mock_P04_2	16	308383	60
Mock_P04_2	16	308383	95
Mock_P04_2	16	308383	65
Mock_P04_2	16	308383	47
Mock_P04_2	16	308383	79
Mock_P04_2	16	308383	51
Mock_P04_2	16	308383	35
Mock_P04_2	16	308383	87
Mock_P04_2	16	308383	159
Mock_P04_2	16	308383	83
Mock_P04_2	16	308383	87
Mock_P04_2	16	308383	55
Mock_P04_2	17	260486	34
Mock_P04_2	17	260486	95
Mock_P04_2	17	260486	124
Mock_P04_2	17	260486	59
Mock_P04_2	17	260486	118
Mock_P04_2	17	260486	75
Mock_P04_2	17	260486	62
Mock_P04_2	17	260486	59
Mock_P04_2	17	260486	81
Mock_P04_2	17	260486	26
Mock_P04_2	17	260486	147
Mock_P04_2	17	260486	49
Mock_P04_2	17	260486	64
Mock_P04_2	17	260486	31
Mock_P04_2	17	260486	63
Mock_P04_2	17	260486	50
Mock_P04_2	17	260486	99
Mock_P04_2	17	260486	145
Mock_P04_2	17	260486	79
Mock_P04_2	17	260486	108
Mock_P04_2	17	260486	110
Mock_P04_2	17	260486	109
Mock_P04_2	17	260486	14
Mock_P04_2	17	260486	19
Mock_P04_2	17	260486	57
Mock_P04_2	17	260486	44
Mock_P04_2	17	260486	141
Mock_P04_2	17	260486	46
Mock_P04_2	17	260486	126
Mock_P04_2	17	260486	36
Mock_P04_2	17	260486	27
Mock_P04_2	17	260486	55
Mock_P04_2	17	260486	125
Mock_P04_2	17	260486	40
Mock_P04_2	17	260486	101
Mock_P04_2	17	260486	28
Mock_P04_2	17	260486	27
Mock_P04_2	17	260486	57
Mock_P04_2	17	260486	48
Mock_P04_2	17	260486	58
Mock_P04_2	17	260486	129
Mock_P04_2	17	260486	104
Mock_P04_2	17	260486	46
Mock_P04_2	17	260486	117
Mock_P04_2	17	260486	88
Mock_P04_2	17	260486	108
Mock_P04_2	17	260486	78
Mock_P04_2	17	260486	108
Mock_P04_2	17	260486	87
Mock_P04_2	17	260486	88
Mock_P04_2	17	260486	106
Mock_P04_2	17	260486	88
Mock_P04_2	17	260486	82
Mock_P04_2	17	260486	126
Mock_P04_2	17	260486	102
Mock_P04_2	17	260486	119
Mock_P04_2	17	260486	105
Mock_P04_2	17	260486	161
Mock_P04_2	17	260486	231
Mock_P04_2	17	260486	107
Mock_P04_2	17	260486	135
Mock_P04_2	17	260486	150
Mock_P04_2	17	260486	64
Mock_P04_2	17	260486	89
Mock_P04_2	17	260486	80
Mock_P04_2	17	260486	94
Mock_P04_2	17	260486	150
Mock_P04_2	17	260486	150
Mock_P04_2	17	260486	182
Mock_P04_2	17	260486	140
Mock_P04_2	17	260486	286
Mock_P04_2	17	260486	208
Mock_P04_2	17	260486	125
Mock_P04_2	17	260486	265
Mock_P04_2	17	260486	51
Mock_P04_2	17	260486	283
Mock_P04_2	17	260486	146
Mock_P04_2	17	260486	103
Mock_P04_2	17	260486	146
Mock_P04_2	17	260486	91
Mock_P04_2	17	260486	136
Mock_P04_2	17	260486	107
Mock_P04_2	17	260486	186
Mock_P04_2	17	260486	242
Mock_P04_2	17	260486	206
Mock_P04_2	17	260486	108
Mock_P04_2	17	260486	297
Mock_P04_2	17	260486	100
Mock_P04_2	17	260486	142
Mock_P04_2	17	260486	117
Mock_P04_2	17	260486	91
Mock_P04_2	17	260486	215
Mock_P04_2	17	260486	67
Mock_P04_2	17	260486	130
Mock_P04_2	17	260486	302
Mock_P04_2	17	260486	262
Mock_P04_2	17	260486	126
Mock_P04_2	17	260486	154
Mock_P04_2	17	260486	413
Mock_P04_2	17	260486	243
Mock_P04_2	17	260486	96
Mock_P04_2	17	260486	291
Mock_P04_2	17	260486	157
Mock_P04_2	17	260486	28
Mock_P04_2	17	260486	16
Mock_P04_2	17	260486	88
Mock_P04_2	17	260486	75
Mock_P04_2	17	260486	270
Mock_P04_2	17	260486	141
Mock_P04_2	17	260486	124
Mock_P04_2	17	260486	56
Mock_P04_2	17	260486	79
Mock_P04_2	17	260486	75
Mock_P04_2	17	260486	198
Mock_P04_2	17	260486	101
Mock_P04_2	17	260486	154
Mock_P04_2	17	260486	138
Mock_P04_2	17	260486	123
Mock_P04_2	17	260486	29
Mock_P04_2	17	260486	88
Mock_P04_2	17	260486	45
Mock_P04_2	17	260486	193
Mock_P04_2	17	260486	40
Mock_P04_2	17	260486	108
Mock_P04_2	17	260486	79
Mock_P04_2	17	260486	59
Mock_P04_2	17	260486	142
Mock_P04_2	17	260486	17
Mock_P04_2	17	260486	36
Mock_P04_2	17	260486	89
Mock_P04_2	17	260486	69
Mock_P04_2	17	260486	19
Mock_P04_2	17	260486	49
Mock_P04_2	17	260486	45
Mock_P04_2	17	260486	23
Mock_P04_2	17	260486	14
Mock_P04_2	17	260486	81
Mock_P04_2	17	260486	94
Mock_P04_2	17	260486	70
Mock_P04_2	17	260486	124
Mock_P04_2	17	260486	46
Mock_P04_2	17	260486	130
Mock_P04_2	17	260486	78
Mock_P04_2	17	260486	51
Mock_P04_2	17	260486	94
Mock_P04_2	17	260486	10
Mock_P04_2	17	260486	202
Mock_P04_2	17	260486	90
Mock_P04_2	17	260486	19
Mock_P04_2	17	260486	41
Mock_P04_2	17	260486	44
Mock_P04_2	17	260486	76
Mock_P04_2	17	260486	61
Mock_P04_2	17	260486	50
Mock_P04_2	17	260486	128
Mock_P04_2	17	260486	79
Mock_P04_2	17	260486	69
Mock_P04_2	17	260486	97
Mock_P04_2	17	260486	71
Mock_P04_2	17	260486	59
Mock_P04_2	17	260486	103
Mock_P04_2	17	260486	38
Mock_P04_2	17	260486	76
Mock_P04_2	17	260486	94
Mock_P04_2	17	260486	73
Mock_P04_2	17	260486	115
Mock_P04_2	17	260486	95
Mock_P04_2	17	260486	60
Mock_P04_2	17	260486	47
Mock_P04_2	17	260486	118
Mock_P04_2	17	260486	59
Mock_P04_2	18	287928	38
Mock_P04_2	18	287928	29
Mock_P04_2	18	287928	53
Mock_P04_2	18	287928	179
Mock_P04_2	18	287928	35
Mock_P04_2	18	287928	86
Mock_P04_2	18	287928	40
Mock_P04_2	18	287928	39
Mock_P04_2	18	287928	75
Mock_P04_2	18	287928	58
Mock_P04_2	18	287928	75
Mock_P04_2	18	287928	62
Mock_P04_2	18	287928	10
Mock_P04_2	18	287928	53
Mock_P04_2	18	287928	56
Mock_P04_2	18	287928	59
Mock_P04_2	18	287928	65
Mock_P04_2	18	287928	92
Mock_P04_2	18	287928	94
Mock_P04_2	18	287928	121
Mock_P04_2	18	287928	107
Mock_P04_2	18	287928	11
Mock_P04_2	18	287928	71
Mock_P04_2	18	287928	77
Mock_P04_2	18	287928	55
Mock_P04_2	18	287928	94
Mock_P04_2	18	287928	133
Mock_P04_2	18	287928	101
Mock_P04_2	18	287928	113
Mock_P04_2	18	287928	72
Mock_P04_2	18	287928	42
Mock_P04_2	18	287928	65
Mock_P04_2	18	287928	50
Mock_P04_2	18	287928	86
Mock_P04_2	18	287928	59
Mock_P04_2	18	287928	132
Mock_P04_2	18	287928	121
Mock_P04_2	18	287928	71
Mock_P04_2	18	287928	82
Mock_P04_2	18	287928	41
Mock_P04_2	18	287928	44
Mock_P04_2	18	287928	59
Mock_P04_2	18	287928	80
Mock_P04_2	18	287928	52
Mock_P04_2	18	287928	107
Mock_P04_2	18	287928	67
Mock_P04_2	18	287928	56
Mock_P04_2	18	287928	96
Mock_P04_2	18	287928	68
Mock_P04_2	18	287928	119
Mock_P04_2	18	287928	80
Mock_P04_2	18	287928	78
Mock_P04_2	18	287928	70
Mock_P04_2	18	287928	128
Mock_P04_2	18	287928	39
Mock_P04_2	18	287928	81
Mock_P04_2	18	287928	64
Mock_P04_2	18	287928	127
Mock_P04_2	18	287928	63
Mock_P04_2	18	287928	103
Mock_P04_2	18	287928	105
Mock_P04_2	18	287928	68
Mock_P04_2	18	287928	54
Mock_P04_2	18	287928	48
Mock_P04_2	18	287928	163
Mock_P04_2	18	287928	29
Mock_P04_2	18	287928	107
Mock_P04_2	18	287928	96
Mock_P04_2	18	287928	162
Mock_P04_2	18	287928	143
Mock_P04_2	18	287928	171
Mock_P04_2	18	287928	126
Mock_P04_2	18	287928	144
Mock_P04_2	18	287928	85
Mock_P04_2	18	287928	51
Mock_P04_2	18	287928	132
Mock_P04_2	18	287928	77
Mock_P04_2	18	287928	102
Mock_P04_2	18	287928	69
Mock_P04_2	18	287928	79
Mock_P04_2	18	287928	77
Mock_P04_2	18	287928	68
Mock_P04_2	18	287928	43
Mock_P04_2	18	287928	95
Mock_P04_2	18	287928	108
Mock_P04_2	18	287928	66
Mock_P04_2	18	287928	112
Mock_P04_2	18	287928	46
Mock_P04_2	18	287928	82
Mock_P04_2	18	287928	89
Mock_P04_2	18	287928	22
Mock_P04_2	18	287928	56
Mock_P04_2	18	287928	69
Mock_P04_2	18	287928	72
Mock_P04_2	18	287928	111
Mock_P04_2	18	287928	148
Mock_P04_2	18	287928	58
Mock_P04_2	18	287928	109
Mock_P04_2	18	287928	92
Mock_P04_2	18	287928	38
Mock_P04_2	18	287928	113
Mock_P04_2	18	287928	53
Mock_P04_2	18	287928	69
Mock_P04_2	19	231894	75
Mock_P04_2	19	231894	58
Mock_P04_2	19	231894	42
Mock_P04_2	19	231894	33
Mock_P04_2	19	231894	70
Mock_P04_2	19	231894	64
Mock_P04_2	19	231894	41
Mock_P04_2	19	231894	68
Mock_P04_2	19	231894	20
Mock_P04_2	19	231894	74
Mock_P04_2	19	231894	37
Mock_P04_2	19	231894	72
Mock_P04_2	19	231894	91
Mock_P04_2	19	231894	28
Mock_P04_2	19	231894	122
Mock_P04_2	19	231894	30
Mock_P04_2	19	231894	105
Mock_P04_2	19	231894	65
Mock_P04_2	19	231894	74
Mock_P04_2	19	231894	92
Mock_P04_2	19	231894	60
Mock_P04_2	19	231894	63
Mock_P04_2	19	231894	131
Mock_P04_2	19	231894	45
Mock_P04_2	19	231894	98
Mock_P04_2	19	231894	60
Mock_P04_2	19	231894	31
Mock_P04_2	19	231894	71
Mock_P04_2	19	231894	51
Mock_P04_2	19	231894	104
Mock_P04_2	19	231894	133
Mock_P04_2	19	231894	108
Mock_P04_2	19	231894	75
Mock_P04_2	19	231894	50
Mock_P04_2	19	231894	40
Mock_P04_2	19	231894	67
Mock_P04_2	19	231894	78
Mock_P04_2	19	231894	70
Mock_P04_2	19	231894	78
Mock_P04_2	19	231894	61
Mock_P04_2	19	231894	49
Mock_P04_2	19	231894	27
Mock_P04_2	19	231894	59
Mock_P04_2	19	231894	167
Mock_P04_2	19	231894	144
Mock_P04_2	19	231894	117
Mock_P04_2	19	231894	144
Mock_P04_2	19	231894	72
Mock_P04_2	19	231894	58
Mock_P04_2	19	231894	97
Mock_P04_2	19	231894	26
Mock_P04_2	19	231894	99
Mock_P04_2	19	231894	59
Mock_P04_2	19	231894	105
Mock_P04_2	19	231894	89
Mock_P04_2	19	231894	134
Mock_P04_2	19	231894	71
Mock_P04_2	19	231894	119
Mock_P04_2	19	231894	49
Mock_P04_2	19	231894	17
Mock_P04_2	19	231894	82
Mock_P04_2	19	231894	83
Mock_P04_2	19	231894	87
Mock_P04_2	19	231894	92
Mock_P04_2	19	231894	85
Mock_P04_2	19	231894	131
Mock_P04_2	19	231894	88
Mock_P04_2	19	231894	91
Mock_P04_2	19	231894	11
Mock_P04_2	19	231894	47
Mock_P04_2	19	231894	60
Mock_P04_2	19	231894	125
Mock_P04_2	19	231894	113
Mock_P04_2	19	231894	89
Mock_P04_2	19	231894	99
Mock_P04_2	19	231894	78
Mock_P04_2	19	231894	171
Mock_P04_2	19	231894	83
Mock_P04_2	19	231894	88
Mock_P04_2	19	231894	83
Mock_P04_2	19	231894	161
Mock_P04_2	19	231894	98
Mock_P04_2	19	231894	90
Mock_P04_2	19	231894	129
Mock_P04_2	19	231894	280
Mock_P04_2	19	231894	87
Mock_P04_2	19	231894	129
Mock_P04_2	19	231894	79
Mock_P04_2	19	231894	199
Mock_P04_2	19	231894	135
Mock_P04_2	19	231894	37
Mock_P04_2	19	231894	89
Mock_P04_2	19	231894	45
Mock_P04_2	19	231894	100
Mock_P04_2	19	231894	67
Mock_P04_2	19	231894	89
Mock_P04_2	19	231894	125
Mock_P04_2	19	231894	54
Mock_P04_2	19	231894	43
Mock_P04_2	19	231894	208
Mock_P04_2	19	231894	89
Mock_P04_2	20	280001	134
Mock_P04_2	20	280001	45
Mock_P04_2	20	280001	84
Mock_P04_2	20	280001	98
Mock_P04_2	20	280001	175
Mock_P04_2	20	280001	56
Mock_P04_2	20	280001	77
Mock_P04_2	20	280001	116
Mock_P04_2	20	280001	96
Mock_P04_2	20	280001	16
Mock_P04_2	20	280001	86
Mock_P04_2	20	280001	147
Mock_P04_2	20	280001	140
Mock_P04_2	20	280001	109
Mock_P04_2	20	280001	86
Mock_P04_2	20	280001	117
Mock_P04_2	20	280001	99
Mock_P04_2	20	280001	52
Mock_P04_2	20	280001	179
Mock_P04_2	20	280001	62
Mock_P04_2	20	280001	117
Mock_P04_2	20	280001	146
Mock_P04_2	20	280001	52
Mock_P04_2	20	280001	85
Mock_P04_2	20	280001	94
Mock_P04_2	20	280001	100
Mock_P04_2	20	280001	77
Mock_P04_2	20	280001	139
Mock_P04_2	20	280001	93
Mock_P04_2	20	280001	170
Mock_P04_2	20	280001	102
Mock_P04_2	20	280001	79
Mock_P04_2	20	280001	60
Mock_P04_2	20	280001	83
Mock_P04_2	20	280001	105
Mock_P04_2	20	280001	57
Mock_P04_2	20	280001	229
Mock_P04_2	20	280001	118
Mock_P04_2	20	280001	156
Mock_P04_2	20	280001	108
Mock_P04_2	20	280001	98
Mock_P04_2	20	280001	53
Mock_P04_2	20	280001	81
Mock_P04_2	20	280001	83
Mock_P04_2	20	280001	75
Mock_P04_2	20	280001	84
Mock_P04_2	20	280001	135
Mock_P04_2	20	280001	120
Mock_P04_2	20	280001	133
Mock_P04_2	20	280001	102
Mock_P04_2	20	280001	78
Mock_P04_2	20	280001	20
Mock_P04_2	20	280001	220
Mock_P04_2	20	280001	103
Mock_P04_2	20	280001	139
Mock_P04_2	20	280001	44
Mock_P04_2	20	280001	62
Mock_P04_2	20	280001	134
Mock_P04_2	20	280001	107
Mock_P04_2	20	280001	142
Mock_P04_2	20	280001	110
Mock_P04_2	20	280001	238
Mock_P04_2	20	280001	59
Mock_P04_2	20	280001	150
Mock_P04_2	20	280001	114
Mock_P04_2	20	280001	93
Mock_P04_2	20	280001	75
Mock_P04_2	20	280001	104
Mock_P04_2	20	280001	216
Mock_P04_2	20	280001	92
Mock_P04_2	20	280001	56
Mock_P04_2	20	280001	153
Mock_P04_2	20	280001	85
Mock_P04_2	20	280001	219
Mock_P04_2	20	280001	214
Mock_P04_2	20	280001	84
Mock_P04_2	20	280001	176
Mock_P04_2	20	280001	117
Mock_P04_2	20	280001	105
Mock_P04_2	20	280001	248
Mock_P04_2	20	280001	156
Mock_P04_2	20	280001	54
Mock_P04_2	20	280001	327
Mock_P04_2	20	280001	100
Mock_P04_2	20	280001	63
Mock_P04_2	20	280001	135
Mock_P04_2	20	280001	122
Mock_P04_2	20	280001	74
Mock_P04_2	20	280001	112
Mock_P04_2	20	280001	106
Mock_P04_2	20	280001	122
Mock_P04_2	20	280001	130
Mock_P04_2	20	280001	124
Mock_P04_2	20	280001	133
Mock_P04_2	20	280001	50
Mock_P04_2	20	280001	98
Mock_P04_2	20	280001	138
Mock_P04_2	20	280001	433
Mock_P04_2	20	280001	102
Mock_P04_2	20	280001	81
Mock_P04_2	20	280001	141
Mock_P04_2	20	280001	97
Mock_P04_2	20	280001	63
Mock_P04_2	20	280001	121
Mock_P04_2	20	280001	34
Mock_P04_2	20	280001	49
Mock_P04_2	20	280001	101
Mock_P04_2	20	280001	46
Mock_P04_2	20	280001	72
Mock_P04_2	20	280001	107
Mock_P04_2	20	280001	114
Mock_P04_2	20	280001	46
Mock_P04_2	20	280001	56
Mock_P04_2	20	280001	101
Mock_P04_2	20	280001	65
Mock_P04_2	20	280001	92
Mock_P04_2	20	280001	59
Mock_P04_2	21	305556	65
Mock_P04_2	21	305556	88
Mock_P04_2	21	305556	69
Mock_P04_2	21	305556	96
Mock_P04_2	21	305556	45
Mock_P04_2	21	305556	86
Mock_P04_2	21	305556	104
Mock_P04_2	21	305556	95
Mock_P04_2	21	305556	89
Mock_P04_2	21	305556	102
Mock_P04_2	21	305556	156
Mock_P04_2	21	305556	97
Mock_P04_2	21	305556	137
Mock_P04_2	21	305556	72
Mock_P04_2	21	305556	10
Mock_P04_2	21	305556	92
Mock_P04_2	21	305556	124
Mock_P04_2	21	305556	106
Mock_P04_2	21	305556	93
Mock_P04_2	21	305556	122
Mock_P04_2	21	305556	18
Mock_P04_2	21	305556	139
Mock_P04_2	21	305556	72
Mock_P04_2	21	305556	99
Mock_P04_2	21	305556	101
Mock_P04_2	21	305556	26
Mock_P04_2	21	305556	94
Mock_P04_2	21	305556	107
Mock_P04_2	21	305556	47
Mock_P04_2	21	305556	76
Mock_P04_2	21	305556	50
Mock_P04_2	21	305556	116
Mock_P04_2	21	305556	112
Mock_P04_2	21	305556	161
Mock_P04_2	21	305556	111
Mock_P04_2	21	305556	40
Mock_P04_2	21	305556	145
Mock_P04_2	21	305556	76
Mock_P04_2	21	305556	88
Mock_P04_2	21	305556	84
Mock_P04_2	21	305556	203
Mock_P04_2	21	305556	56
Mock_P04_2	21	305556	124
Mock_P04_2	21	305556	228
Mock_P04_2	21	305556	151
Mock_P04_2	21	305556	91
Mock_P04_2	21	305556	87
Mock_P04_2	21	305556	203
Mock_P04_2	21	305556	104
Mock_P04_2	21	305556	127
Mock_P04_2	21	305556	45
Mock_P04_2	21	305556	139
Mock_P04_2	21	305556	143
Mock_P04_2	21	305556	59
Mock_P04_2	21	305556	131
Mock_P04_2	21	305556	116
Mock_P04_2	21	305556	157
Mock_P04_2	21	305556	287
Mock_P04_2	21	305556	130
Mock_P04_2	21	305556	134
Mock_P04_2	21	305556	91
Mock_P04_2	21	305556	166
Mock_P04_2	21	305556	89
Mock_P04_2	21	305556	201
Mock_P04_2	21	305556	101
Mock_P04_2	21	305556	190
Mock_P04_2	21	305556	98
Mock_P04_2	21	305556	95
Mock_P04_2	21	305556	296
Mock_P04_2	21	305556	47
Mock_P04_2	21	305556	77
Mock_P04_2	21	305556	120
Mock_P04_2	21	305556	190
Mock_P04_2	21	305556	128
Mock_P04_2	21	305556	80
Mock_P04_2	21	305556	144
Mock_P04_2	21	305556	114
Mock_P04_2	21	305556	87
Mock_P04_2	21	305556	124
Mock_P04_2	21	305556	182
Mock_P04_2	21	305556	83
Mock_P04_2	21	305556	107
Mock_P04_2	21	305556	189
Mock_P04_2	21	305556	121
Mock_P04_2	21	305556	113
Mock_P04_2	21	305556	40
Mock_P04_2	21	305556	94
Mock_P04_2	21	305556	122
Mock_P04_2	21	305556	16
Mock_P04_2	21	305556	126
Mock_P04_2	21	305556	66
Mock_P04_2	21	305556	63
Mock_P04_2	21	305556	73
Mock_P04_2	21	305556	87
Mock_P04_2	21	305556	121
Mock_P04_2	21	305556	164
Mock_P04_2	21	305556	100
Mock_P04_2	21	305556	88
Mock_P04_2	21	305556	121
Mock_P04_2	21	305556	125
Mock_P04_2	21	305556	93
Mock_P04_2	21	305556	108
Mock_P04_2	21	305556	176
Mock_P04_2	21	305556	98
Mock_P04_2	21	305556	55
Mock_P04_2	21	305556	85
Mock_P04_2	21	305556	235
Mock_P04_2	21	305556	185
Mock_P04_2	21	305556	58
Mock_P04_2	21	305556	53
Mock_P04_2	21	305556	138
Mock_P04_2	21	305556	54
Mock_P04_2	21	305556	166
Mock_P04_2	21	305556	96
Mock_P04_2	21	305556	88
Mock_P04_2	21	305556	143
Mock_P04_2	21	305556	119
Mock_P04_2	21	305556	64
Mock_P04_2	21	305556	136
Mock_P04_2	21	305556	112
Mock_P04_2	21	305556	42
Mock_P04_2	21	305556	73
Mock_P04_2	21	305556	44
Mock_P04_2	21	305556	147
Mock_P04_2	21	305556	65
Mock_P04_2	21	305556	109
Mock_P04_2	21	305556	97
