fichier	leaf	surfaceLeaf	surfaceLesion
Mock_P09_2	1	331430	57
Mock_P09_2	1	331430	43
Mock_P09_2	1	331430	73
Mock_P09_2	1	331430	51
Mock_P09_2	1	331430	95
Mock_P09_2	1	331430	152
Mock_P09_2	1	331430	84
Mock_P09_2	1	331430	95
Mock_P09_2	1	331430	59
Mock_P09_2	1	331430	87
Mock_P09_2	1	331430	237
Mock_P09_2	1	331430	303
Mock_P09_2	1	331430	114
Mock_P09_2	1	331430	119
Mock_P09_2	1	331430	150
Mock_P09_2	1	331430	96
Mock_P09_2	1	331430	206
Mock_P09_2	1	331430	96
Mock_P09_2	1	331430	111
Mock_P09_2	1	331430	81
Mock_P09_2	1	331430	124
Mock_P09_2	1	331430	48
Mock_P09_2	1	331430	92
Mock_P09_2	1	331430	63
Mock_P09_2	1	331430	73
Mock_P09_2	1	331430	73
Mock_P09_2	1	331430	94
Mock_P09_2	1	331430	69
Mock_P09_2	1	331430	47
Mock_P09_2	1	331430	132
Mock_P09_2	1	331430	71
Mock_P09_2	1	331430	29
Mock_P09_2	1	331430	28
Mock_P09_2	1	331430	52
Mock_P09_2	1	331430	234
Mock_P09_2	1	331430	86
Mock_P09_2	1	331430	22
Mock_P09_2	1	331430	118
Mock_P09_2	1	331430	70
Mock_P09_2	1	331430	89
Mock_P09_2	1	331430	78
Mock_P09_2	1	331430	47
Mock_P09_2	1	331430	56
Mock_P09_2	1	331430	25
Mock_P09_2	1	331430	62
Mock_P09_2	1	331430	165
Mock_P09_2	1	331430	101
Mock_P09_2	1	331430	95
Mock_P09_2	1	331430	40
Mock_P09_2	1	331430	64
Mock_P09_2	1	331430	120
Mock_P09_2	1	331430	135
Mock_P09_2	1	331430	74
Mock_P09_2	1	331430	206
Mock_P09_2	1	331430	89
Mock_P09_2	1	331430	57
Mock_P09_2	1	331430	61
Mock_P09_2	1	331430	41
Mock_P09_2	1	331430	83
Mock_P09_2	1	331430	84
Mock_P09_2	1	331430	51
Mock_P09_2	1	331430	207
Mock_P09_2	1	331430	86
Mock_P09_2	1	331430	146
Mock_P09_2	1	331430	85
Mock_P09_2	1	331430	57
Mock_P09_2	1	331430	147
Mock_P09_2	1	331430	69
Mock_P09_2	1	331430	102
Mock_P09_2	1	331430	110
Mock_P09_2	1	331430	99
Mock_P09_2	1	331430	76
Mock_P09_2	1	331430	74
Mock_P09_2	1	331430	434
Mock_P09_2	1	331430	54
Mock_P09_2	1	331430	122
Mock_P09_2	1	331430	53
Mock_P09_2	1	331430	92
Mock_P09_2	1	331430	72
Mock_P09_2	1	331430	173
Mock_P09_2	1	331430	63
Mock_P09_2	1	331430	64
Mock_P09_2	1	331430	63
Mock_P09_2	1	331430	120
Mock_P09_2	1	331430	96
Mock_P09_2	1	331430	52
Mock_P09_2	1	331430	32
Mock_P09_2	1	331430	44
Mock_P09_2	1	331430	75
Mock_P09_2	1	331430	64
Mock_P09_2	1	331430	103
Mock_P09_2	1	331430	122
Mock_P09_2	1	331430	64
Mock_P09_2	1	331430	576
Mock_P09_2	1	331430	81
Mock_P09_2	1	331430	109
Mock_P09_2	1	331430	160
Mock_P09_2	1	331430	89
Mock_P09_2	1	331430	14
Mock_P09_2	1	331430	97
Mock_P09_2	1	331430	16
Mock_P09_2	1	331430	74
Mock_P09_2	1	331430	63
Mock_P09_2	1	331430	54
Mock_P09_2	1	331430	83
Mock_P09_2	1	331430	54
Mock_P09_2	1	331430	96
Mock_P09_2	1	331430	117
Mock_P09_2	1	331430	83
Mock_P09_2	1	331430	72
Mock_P09_2	1	331430	93
Mock_P09_2	1	331430	56
Mock_P09_2	1	331430	47
Mock_P09_2	1	331430	74
Mock_P09_2	1	331430	72
Mock_P09_2	1	331430	57
Mock_P09_2	1	331430	61
Mock_P09_2	1	331430	77
Mock_P09_2	1	331430	56
Mock_P09_2	1	331430	30
Mock_P09_2	1	331430	75
Mock_P09_2	1	331430	155
Mock_P09_2	1	331430	84
Mock_P09_2	1	331430	52
Mock_P09_2	1	331430	59
Mock_P09_2	1	331430	171
Mock_P09_2	1	331430	31
Mock_P09_2	1	331430	67
Mock_P09_2	1	331430	59
Mock_P09_2	1	331430	33
Mock_P09_2	1	331430	377
Mock_P09_2	1	331430	40
Mock_P09_2	1	331430	60
Mock_P09_2	1	331430	48
Mock_P09_2	1	331430	97
Mock_P09_2	1	331430	118
Mock_P09_2	1	331430	68
Mock_P09_2	1	331430	98
Mock_P09_2	1	331430	79
Mock_P09_2	1	331430	82
Mock_P09_2	1	331430	78
Mock_P09_2	1	331430	149
Mock_P09_2	1	331430	47
Mock_P09_2	1	331430	125
Mock_P09_2	1	331430	85
Mock_P09_2	1	331430	90
Mock_P09_2	1	331430	147
Mock_P09_2	1	331430	78
Mock_P09_2	1	331430	103
Mock_P09_2	1	331430	134
Mock_P09_2	1	331430	26
Mock_P09_2	1	331430	91
Mock_P09_2	1	331430	27
Mock_P09_2	1	331430	165
Mock_P09_2	1	331430	18
Mock_P09_2	1	331430	89
Mock_P09_2	1	331430	35
Mock_P09_2	1	331430	253
Mock_P09_2	1	331430	84
Mock_P09_2	1	331430	132
Mock_P09_2	1	331430	86
Mock_P09_2	1	331430	250
Mock_P09_2	1	331430	85
Mock_P09_2	1	331430	107
Mock_P09_2	1	331430	91
Mock_P09_2	1	331430	53
Mock_P09_2	1	331430	124
Mock_P09_2	1	331430	83
Mock_P09_2	1	331430	167
Mock_P09_2	1	331430	115
Mock_P09_2	1	331430	102
Mock_P09_2	1	331430	57
Mock_P09_2	1	331430	57
Mock_P09_2	1	331430	80
Mock_P09_2	1	331430	164
Mock_P09_2	1	331430	93
Mock_P09_2	1	331430	138
Mock_P09_2	1	331430	70
Mock_P09_2	1	331430	33
Mock_P09_2	1	331430	91
Mock_P09_2	1	331430	110
Mock_P09_2	1	331430	55
Mock_P09_2	1	331430	69
Mock_P09_2	1	331430	145
Mock_P09_2	1	331430	83
Mock_P09_2	1	331430	51
Mock_P09_2	2	283960	110
Mock_P09_2	2	283960	83
Mock_P09_2	2	283960	259
Mock_P09_2	2	283960	46
Mock_P09_2	2	283960	106
Mock_P09_2	2	283960	51
Mock_P09_2	2	283960	62
Mock_P09_2	2	283960	110
Mock_P09_2	2	283960	84
Mock_P09_2	2	283960	158
Mock_P09_2	2	283960	112
Mock_P09_2	2	283960	99
Mock_P09_2	2	283960	96
Mock_P09_2	2	283960	63
Mock_P09_2	2	283960	69
Mock_P09_2	2	283960	79
Mock_P09_2	2	283960	47
Mock_P09_2	2	283960	177
Mock_P09_2	2	283960	286
Mock_P09_2	2	283960	84
Mock_P09_2	2	283960	43
Mock_P09_2	2	283960	117
Mock_P09_2	2	283960	70
Mock_P09_2	2	283960	96
Mock_P09_2	2	283960	62
Mock_P09_2	2	283960	75
Mock_P09_2	2	283960	179
Mock_P09_2	2	283960	74
Mock_P09_2	2	283960	91
Mock_P09_2	2	283960	75
Mock_P09_2	2	283960	58
Mock_P09_2	2	283960	83
Mock_P09_2	2	283960	85
Mock_P09_2	2	283960	63
Mock_P09_2	2	283960	28
Mock_P09_2	2	283960	67
Mock_P09_2	2	283960	106
Mock_P09_2	2	283960	127
Mock_P09_2	2	283960	62
Mock_P09_2	2	283960	85
Mock_P09_2	2	283960	92
Mock_P09_2	2	283960	36
Mock_P09_2	2	283960	30
Mock_P09_2	2	283960	64
Mock_P09_2	2	283960	86
Mock_P09_2	2	283960	64
Mock_P09_2	2	283960	73
Mock_P09_2	2	283960	70
Mock_P09_2	2	283960	127
Mock_P09_2	2	283960	51
Mock_P09_2	2	283960	137
Mock_P09_2	2	283960	47
Mock_P09_2	2	283960	28
Mock_P09_2	2	283960	43
Mock_P09_2	2	283960	125
Mock_P09_2	2	283960	99
Mock_P09_2	2	283960	113
Mock_P09_2	2	283960	87
Mock_P09_2	2	283960	77
Mock_P09_2	2	283960	75
Mock_P09_2	2	283960	116
Mock_P09_2	2	283960	105
Mock_P09_2	2	283960	38
Mock_P09_2	2	283960	86
Mock_P09_2	2	283960	90
Mock_P09_2	2	283960	58
Mock_P09_2	2	283960	119
Mock_P09_2	2	283960	92
Mock_P09_2	2	283960	73
Mock_P09_2	2	283960	79
Mock_P09_2	2	283960	57
Mock_P09_2	2	283960	85
Mock_P09_2	2	283960	10
Mock_P09_2	2	283960	52
Mock_P09_2	2	283960	158
Mock_P09_2	2	283960	55
Mock_P09_2	2	283960	45
Mock_P09_2	2	283960	96
Mock_P09_2	2	283960	101
Mock_P09_2	2	283960	62
Mock_P09_2	2	283960	90
Mock_P09_2	2	283960	59
Mock_P09_2	2	283960	124
Mock_P09_2	2	283960	128
Mock_P09_2	2	283960	105
Mock_P09_2	2	283960	54
Mock_P09_2	2	283960	124
Mock_P09_2	2	283960	76
Mock_P09_2	2	283960	40
Mock_P09_2	2	283960	93
Mock_P09_2	2	283960	86
Mock_P09_2	2	283960	46
Mock_P09_2	2	283960	116
Mock_P09_2	2	283960	33
Mock_P09_2	2	283960	62
Mock_P09_2	2	283960	65
Mock_P09_2	2	283960	26
Mock_P09_2	2	283960	23
Mock_P09_2	2	283960	42
Mock_P09_2	2	283960	54
Mock_P09_2	2	283960	32
Mock_P09_2	2	283960	118
Mock_P09_2	2	283960	97
Mock_P09_2	2	283960	10
Mock_P09_2	2	283960	94
Mock_P09_2	2	283960	60
Mock_P09_2	2	283960	28
Mock_P09_2	2	283960	69
Mock_P09_2	2	283960	61
Mock_P09_2	2	283960	417
Mock_P09_2	2	283960	67
Mock_P09_2	2	283960	151
Mock_P09_2	2	283960	87
Mock_P09_2	2	283960	129
Mock_P09_2	2	283960	35
Mock_P09_2	2	283960	49
Mock_P09_2	2	283960	60
Mock_P09_2	2	283960	156
Mock_P09_2	2	283960	136
Mock_P09_2	2	283960	113
Mock_P09_2	2	283960	104
Mock_P09_2	2	283960	63
Mock_P09_2	2	283960	102
Mock_P09_2	2	283960	62
Mock_P09_2	2	283960	95
Mock_P09_2	2	283960	112
Mock_P09_2	2	283960	86
Mock_P09_2	2	283960	59
Mock_P09_2	2	283960	87
Mock_P09_2	2	283960	44
Mock_P09_2	2	283960	52
Mock_P09_2	2	283960	124
Mock_P09_2	2	283960	28
Mock_P09_2	2	283960	108
Mock_P09_2	2	283960	95
Mock_P09_2	2	283960	97
Mock_P09_2	2	283960	106
Mock_P09_2	2	283960	58
Mock_P09_2	2	283960	100
Mock_P09_2	2	283960	140
Mock_P09_2	2	283960	187
Mock_P09_2	3	308215	140
Mock_P09_2	3	308215	13
Mock_P09_2	3	308215	105
Mock_P09_2	3	308215	69
Mock_P09_2	3	308215	56
Mock_P09_2	3	308215	148
Mock_P09_2	3	308215	34
Mock_P09_2	3	308215	161
Mock_P09_2	3	308215	93
Mock_P09_2	3	308215	82
Mock_P09_2	3	308215	97
Mock_P09_2	3	308215	99
Mock_P09_2	3	308215	57
Mock_P09_2	3	308215	222
Mock_P09_2	3	308215	117
Mock_P09_2	3	308215	60
Mock_P09_2	3	308215	96
Mock_P09_2	3	308215	334
Mock_P09_2	3	308215	99
Mock_P09_2	3	308215	84
Mock_P09_2	3	308215	224
Mock_P09_2	3	308215	76
Mock_P09_2	3	308215	178
Mock_P09_2	3	308215	58
Mock_P09_2	3	308215	87
Mock_P09_2	3	308215	92
Mock_P09_2	3	308215	70
Mock_P09_2	3	308215	52
Mock_P09_2	3	308215	83
Mock_P09_2	3	308215	111
Mock_P09_2	3	308215	120
Mock_P09_2	3	308215	66
Mock_P09_2	3	308215	168
Mock_P09_2	3	308215	73
Mock_P09_2	3	308215	74
Mock_P09_2	3	308215	108
Mock_P09_2	3	308215	110
Mock_P09_2	3	308215	119
Mock_P09_2	3	308215	102
Mock_P09_2	3	308215	110
Mock_P09_2	3	308215	95
Mock_P09_2	3	308215	125
Mock_P09_2	3	308215	19
Mock_P09_2	3	308215	80
Mock_P09_2	3	308215	106
Mock_P09_2	3	308215	95
Mock_P09_2	3	308215	296
Mock_P09_2	3	308215	82
Mock_P09_2	3	308215	130
Mock_P09_2	3	308215	352
Mock_P09_2	3	308215	96
Mock_P09_2	3	308215	19
Mock_P09_2	3	308215	97
Mock_P09_2	3	308215	81
Mock_P09_2	3	308215	85
Mock_P09_2	3	308215	115
Mock_P09_2	3	308215	91
Mock_P09_2	3	308215	117
Mock_P09_2	3	308215	147
Mock_P09_2	3	308215	73
Mock_P09_2	3	308215	67
Mock_P09_2	3	308215	62
Mock_P09_2	3	308215	44
Mock_P09_2	3	308215	102
Mock_P09_2	3	308215	131
Mock_P09_2	3	308215	175
Mock_P09_2	3	308215	23
Mock_P09_2	3	308215	197
Mock_P09_2	3	308215	27
Mock_P09_2	3	308215	163
Mock_P09_2	3	308215	38
Mock_P09_2	3	308215	88
Mock_P09_2	3	308215	57
Mock_P09_2	3	308215	171
Mock_P09_2	3	308215	46
Mock_P09_2	3	308215	50
Mock_P09_2	3	308215	192
Mock_P09_2	3	308215	128
Mock_P09_2	3	308215	99
Mock_P09_2	3	308215	77
Mock_P09_2	3	308215	128
Mock_P09_2	3	308215	91
Mock_P09_2	3	308215	312
Mock_P09_2	3	308215	59
Mock_P09_2	3	308215	74
Mock_P09_2	3	308215	82
Mock_P09_2	3	308215	44
Mock_P09_2	3	308215	87
Mock_P09_2	3	308215	78
Mock_P09_2	3	308215	272
Mock_P09_2	3	308215	73
Mock_P09_2	3	308215	180
Mock_P09_2	3	308215	44
Mock_P09_2	3	308215	68
Mock_P09_2	3	308215	90
Mock_P09_2	3	308215	110
Mock_P09_2	3	308215	197
Mock_P09_2	3	308215	59
Mock_P09_2	3	308215	16
Mock_P09_2	3	308215	72
Mock_P09_2	3	308215	85
Mock_P09_2	3	308215	69
Mock_P09_2	3	308215	90
Mock_P09_2	3	308215	94
Mock_P09_2	3	308215	73
Mock_P09_2	3	308215	156
Mock_P09_2	3	308215	85
Mock_P09_2	3	308215	72
Mock_P09_2	3	308215	107
Mock_P09_2	3	308215	76
Mock_P09_2	3	308215	103
Mock_P09_2	3	308215	91
Mock_P09_2	3	308215	60
Mock_P09_2	3	308215	135
Mock_P09_2	3	308215	88
Mock_P09_2	3	308215	36
Mock_P09_2	3	308215	506
Mock_P09_2	3	308215	76
Mock_P09_2	3	308215	54
Mock_P09_2	3	308215	123
Mock_P09_2	3	308215	104
Mock_P09_2	3	308215	43
Mock_P09_2	3	308215	47
Mock_P09_2	3	308215	98
Mock_P09_2	3	308215	88
Mock_P09_2	3	308215	25
Mock_P09_2	3	308215	110
Mock_P09_2	3	308215	79
Mock_P09_2	3	308215	128
Mock_P09_2	3	308215	146
Mock_P09_2	3	308215	98
Mock_P09_2	3	308215	190
Mock_P09_2	3	308215	81
Mock_P09_2	3	308215	123
Mock_P09_2	3	308215	82
Mock_P09_2	3	308215	131
Mock_P09_2	3	308215	53
Mock_P09_2	3	308215	147
Mock_P09_2	3	308215	50
Mock_P09_2	3	308215	105
Mock_P09_2	3	308215	34
Mock_P09_2	3	308215	90
Mock_P09_2	3	308215	66
Mock_P09_2	3	308215	251
Mock_P09_2	3	308215	55
Mock_P09_2	3	308215	39
Mock_P09_2	3	308215	91
Mock_P09_2	3	308215	70
Mock_P09_2	3	308215	177
Mock_P09_2	3	308215	116
Mock_P09_2	3	308215	136
Mock_P09_2	3	308215	208
Mock_P09_2	3	308215	47
Mock_P09_2	3	308215	106
Mock_P09_2	3	308215	87
Mock_P09_2	3	308215	104
Mock_P09_2	3	308215	144
Mock_P09_2	3	308215	116
Mock_P09_2	3	308215	77
Mock_P09_2	3	308215	59
Mock_P09_2	3	308215	101
Mock_P09_2	3	308215	142
Mock_P09_2	3	308215	161
Mock_P09_2	3	308215	52
Mock_P09_2	3	308215	14
Mock_P09_2	3	308215	52
Mock_P09_2	3	308215	127
Mock_P09_2	3	308215	136
Mock_P09_2	3	308215	76
Mock_P09_2	3	308215	35
Mock_P09_2	3	308215	86
Mock_P09_2	3	308215	127
Mock_P09_2	3	308215	36
Mock_P09_2	3	308215	36
Mock_P09_2	3	308215	186
Mock_P09_2	3	308215	111
Mock_P09_2	3	308215	144
Mock_P09_2	3	308215	82
Mock_P09_2	3	308215	113
Mock_P09_2	3	308215	72
Mock_P09_2	3	308215	55
Mock_P09_2	3	308215	54
Mock_P09_2	4	242403	37
Mock_P09_2	4	242403	93
Mock_P09_2	4	242403	71
Mock_P09_2	4	242403	42
Mock_P09_2	4	242403	137
Mock_P09_2	4	242403	48
Mock_P09_2	4	242403	111
Mock_P09_2	4	242403	159
Mock_P09_2	4	242403	94
Mock_P09_2	4	242403	84
Mock_P09_2	4	242403	85
Mock_P09_2	4	242403	92
Mock_P09_2	4	242403	147
Mock_P09_2	4	242403	101
Mock_P09_2	4	242403	86
Mock_P09_2	4	242403	119
Mock_P09_2	4	242403	91
Mock_P09_2	4	242403	162
Mock_P09_2	4	242403	73
Mock_P09_2	4	242403	101
Mock_P09_2	4	242403	146
Mock_P09_2	4	242403	63
Mock_P09_2	4	242403	78
Mock_P09_2	4	242403	63
Mock_P09_2	4	242403	69
Mock_P09_2	4	242403	230
Mock_P09_2	4	242403	93
Mock_P09_2	4	242403	116
Mock_P09_2	4	242403	229
Mock_P09_2	4	242403	176
Mock_P09_2	4	242403	109
Mock_P09_2	4	242403	65
Mock_P09_2	4	242403	83
Mock_P09_2	4	242403	97
Mock_P09_2	4	242403	139
Mock_P09_2	4	242403	90
Mock_P09_2	4	242403	129
Mock_P09_2	4	242403	78
Mock_P09_2	4	242403	114
Mock_P09_2	4	242403	211
Mock_P09_2	4	242403	120
Mock_P09_2	4	242403	90
Mock_P09_2	4	242403	123
Mock_P09_2	4	242403	48
Mock_P09_2	4	242403	149
Mock_P09_2	4	242403	111
Mock_P09_2	4	242403	129
Mock_P09_2	4	242403	78
Mock_P09_2	4	242403	113
Mock_P09_2	4	242403	109
Mock_P09_2	4	242403	123
Mock_P09_2	4	242403	114
Mock_P09_2	4	242403	71
Mock_P09_2	4	242403	74
Mock_P09_2	4	242403	107
Mock_P09_2	4	242403	172
Mock_P09_2	4	242403	102
Mock_P09_2	4	242403	89
Mock_P09_2	4	242403	58
Mock_P09_2	4	242403	125
Mock_P09_2	4	242403	147
Mock_P09_2	4	242403	373
Mock_P09_2	4	242403	132
Mock_P09_2	4	242403	95
Mock_P09_2	4	242403	52
Mock_P09_2	4	242403	35
Mock_P09_2	4	242403	57
Mock_P09_2	4	242403	110
Mock_P09_2	4	242403	106
Mock_P09_2	4	242403	93
Mock_P09_2	4	242403	51
Mock_P09_2	4	242403	97
Mock_P09_2	4	242403	115
Mock_P09_2	4	242403	74
Mock_P09_2	4	242403	47
Mock_P09_2	4	242403	78
Mock_P09_2	5	291517	94
Mock_P09_2	5	291517	153
Mock_P09_2	5	291517	55
Mock_P09_2	5	291517	106
Mock_P09_2	5	291517	85
Mock_P09_2	5	291517	103
Mock_P09_2	5	291517	126
Mock_P09_2	5	291517	27
Mock_P09_2	5	291517	69
Mock_P09_2	5	291517	106
Mock_P09_2	5	291517	130
Mock_P09_2	5	291517	120
Mock_P09_2	5	291517	117
Mock_P09_2	5	291517	90
Mock_P09_2	5	291517	174
Mock_P09_2	5	291517	76
Mock_P09_2	5	291517	176
Mock_P09_2	5	291517	151
Mock_P09_2	5	291517	105
Mock_P09_2	5	291517	71
Mock_P09_2	5	291517	85
Mock_P09_2	5	291517	125
Mock_P09_2	5	291517	439
Mock_P09_2	5	291517	73
Mock_P09_2	5	291517	93
Mock_P09_2	5	291517	61
Mock_P09_2	5	291517	95
Mock_P09_2	5	291517	81
Mock_P09_2	5	291517	99
Mock_P09_2	5	291517	117
Mock_P09_2	5	291517	113
Mock_P09_2	5	291517	89
Mock_P09_2	5	291517	107
Mock_P09_2	5	291517	70
Mock_P09_2	5	291517	51
Mock_P09_2	5	291517	102
Mock_P09_2	5	291517	175
Mock_P09_2	5	291517	71
Mock_P09_2	5	291517	232
Mock_P09_2	5	291517	111
Mock_P09_2	5	291517	126
Mock_P09_2	5	291517	133
Mock_P09_2	5	291517	110
Mock_P09_2	5	291517	137
Mock_P09_2	5	291517	117
Mock_P09_2	5	291517	43
Mock_P09_2	5	291517	51
Mock_P09_2	5	291517	176
Mock_P09_2	5	291517	229
Mock_P09_2	5	291517	492
Mock_P09_2	5	291517	166
Mock_P09_2	5	291517	338
Mock_P09_2	5	291517	140
Mock_P09_2	5	291517	108
Mock_P09_2	5	291517	53
Mock_P09_2	5	291517	15
Mock_P09_2	5	291517	105
Mock_P09_2	5	291517	105
Mock_P09_2	5	291517	137
Mock_P09_2	5	291517	143
Mock_P09_2	5	291517	174
Mock_P09_2	5	291517	143
Mock_P09_2	5	291517	109
Mock_P09_2	5	291517	178
Mock_P09_2	5	291517	214
Mock_P09_2	5	291517	100
Mock_P09_2	5	291517	87
Mock_P09_2	5	291517	79
Mock_P09_2	5	291517	42
Mock_P09_2	5	291517	230
Mock_P09_2	5	291517	84
Mock_P09_2	5	291517	124
Mock_P09_2	5	291517	113
Mock_P09_2	5	291517	286
Mock_P09_2	5	291517	157
Mock_P09_2	5	291517	168
Mock_P09_2	5	291517	142
Mock_P09_2	5	291517	68
Mock_P09_2	5	291517	155
Mock_P09_2	5	291517	78
Mock_P09_2	5	291517	719
Mock_P09_2	5	291517	189
Mock_P09_2	5	291517	94
Mock_P09_2	5	291517	86
Mock_P09_2	5	291517	183
Mock_P09_2	5	291517	132
Mock_P09_2	5	291517	126
Mock_P09_2	5	291517	90
Mock_P09_2	5	291517	126
Mock_P09_2	5	291517	98
Mock_P09_2	5	291517	94
Mock_P09_2	5	291517	100
Mock_P09_2	5	291517	131
Mock_P09_2	5	291517	130
Mock_P09_2	5	291517	71
Mock_P09_2	5	291517	117
Mock_P09_2	5	291517	120
Mock_P09_2	5	291517	78
Mock_P09_2	5	291517	212
Mock_P09_2	5	291517	94
Mock_P09_2	5	291517	234
Mock_P09_2	5	291517	115
Mock_P09_2	5	291517	131
Mock_P09_2	5	291517	82
Mock_P09_2	5	291517	54
Mock_P09_2	5	291517	99
Mock_P09_2	5	291517	96
Mock_P09_2	5	291517	126
Mock_P09_2	5	291517	165
Mock_P09_2	5	291517	204
Mock_P09_2	5	291517	94
Mock_P09_2	5	291517	65
Mock_P09_2	5	291517	74
Mock_P09_2	5	291517	69
Mock_P09_2	5	291517	84
Mock_P09_2	5	291517	58
Mock_P09_2	5	291517	69
Mock_P09_2	5	291517	149
Mock_P09_2	5	291517	60
Mock_P09_2	5	291517	93
Mock_P09_2	5	291517	63
Mock_P09_2	5	291517	69
Mock_P09_2	5	291517	114
Mock_P09_2	5	291517	84
Mock_P09_2	5	291517	60
Mock_P09_2	5	291517	123
Mock_P09_2	5	291517	39
Mock_P09_2	5	291517	27
Mock_P09_2	5	291517	78
Mock_P09_2	5	291517	81
Mock_P09_2	5	291517	44
Mock_P09_2	6	242750	82
Mock_P09_2	6	242750	84
Mock_P09_2	6	242750	92
Mock_P09_2	6	242750	58
Mock_P09_2	6	242750	54
Mock_P09_2	6	242750	66
Mock_P09_2	6	242750	82
Mock_P09_2	6	242750	135
Mock_P09_2	6	242750	56
Mock_P09_2	6	242750	39
Mock_P09_2	6	242750	96
Mock_P09_2	6	242750	103
Mock_P09_2	6	242750	86
Mock_P09_2	6	242750	110
Mock_P09_2	6	242750	76
Mock_P09_2	6	242750	169
Mock_P09_2	6	242750	19
Mock_P09_2	6	242750	110
Mock_P09_2	6	242750	207
Mock_P09_2	6	242750	91
Mock_P09_2	6	242750	66
Mock_P09_2	6	242750	116
Mock_P09_2	6	242750	111
Mock_P09_2	6	242750	177
Mock_P09_2	6	242750	65
Mock_P09_2	6	242750	177
Mock_P09_2	6	242750	179
Mock_P09_2	6	242750	102
Mock_P09_2	6	242750	106
Mock_P09_2	6	242750	56
Mock_P09_2	6	242750	102
Mock_P09_2	6	242750	40
Mock_P09_2	6	242750	152
Mock_P09_2	6	242750	221
Mock_P09_2	6	242750	46
Mock_P09_2	6	242750	155
Mock_P09_2	6	242750	99
Mock_P09_2	6	242750	198
Mock_P09_2	6	242750	179
Mock_P09_2	6	242750	195
Mock_P09_2	6	242750	68
Mock_P09_2	6	242750	156
Mock_P09_2	6	242750	35
Mock_P09_2	6	242750	67
Mock_P09_2	6	242750	92
Mock_P09_2	6	242750	199
Mock_P09_2	6	242750	77
Mock_P09_2	6	242750	118
Mock_P09_2	6	242750	118
Mock_P09_2	6	242750	78
Mock_P09_2	6	242750	188
Mock_P09_2	6	242750	108
Mock_P09_2	6	242750	403
Mock_P09_2	6	242750	85
Mock_P09_2	6	242750	182
Mock_P09_2	6	242750	105
Mock_P09_2	6	242750	99
Mock_P09_2	6	242750	131
Mock_P09_2	6	242750	159
Mock_P09_2	6	242750	134
Mock_P09_2	6	242750	86
Mock_P09_2	6	242750	109
Mock_P09_2	6	242750	94
Mock_P09_2	6	242750	128
Mock_P09_2	6	242750	109
Mock_P09_2	6	242750	126
Mock_P09_2	6	242750	138
Mock_P09_2	6	242750	156
Mock_P09_2	6	242750	483
Mock_P09_2	6	242750	103
Mock_P09_2	6	242750	110
Mock_P09_2	6	242750	89
Mock_P09_2	6	242750	108
Mock_P09_2	6	242750	103
Mock_P09_2	6	242750	106
Mock_P09_2	6	242750	86
Mock_P09_2	6	242750	108
Mock_P09_2	6	242750	83
Mock_P09_2	6	242750	109
Mock_P09_2	6	242750	91
Mock_P09_2	6	242750	75
Mock_P09_2	6	242750	68
Mock_P09_2	6	242750	81
Mock_P09_2	6	242750	95
Mock_P09_2	6	242750	10
Mock_P09_2	6	242750	97
Mock_P09_2	6	242750	103
Mock_P09_2	6	242750	136
Mock_P09_2	6	242750	258
Mock_P09_2	7	299993	77
Mock_P09_2	7	299993	79
Mock_P09_2	7	299993	144
Mock_P09_2	7	299993	90
Mock_P09_2	7	299993	79
Mock_P09_2	7	299993	71
Mock_P09_2	7	299993	153
Mock_P09_2	7	299993	138
Mock_P09_2	7	299993	105
Mock_P09_2	7	299993	69
Mock_P09_2	7	299993	62
Mock_P09_2	7	299993	97
Mock_P09_2	7	299993	77
Mock_P09_2	7	299993	93
Mock_P09_2	7	299993	67
Mock_P09_2	7	299993	97
Mock_P09_2	7	299993	80
Mock_P09_2	7	299993	62
Mock_P09_2	7	299993	209
Mock_P09_2	7	299993	83
Mock_P09_2	7	299993	73
Mock_P09_2	7	299993	175
Mock_P09_2	7	299993	96
Mock_P09_2	7	299993	172
Mock_P09_2	7	299993	125
Mock_P09_2	7	299993	131
Mock_P09_2	7	299993	99
Mock_P09_2	7	299993	145
Mock_P09_2	7	299993	90
Mock_P09_2	7	299993	95
Mock_P09_2	7	299993	163
Mock_P09_2	7	299993	338
Mock_P09_2	7	299993	91
Mock_P09_2	7	299993	128
Mock_P09_2	7	299993	59
Mock_P09_2	7	299993	152
Mock_P09_2	7	299993	117
Mock_P09_2	7	299993	145
Mock_P09_2	7	299993	76
Mock_P09_2	7	299993	126
Mock_P09_2	7	299993	121
Mock_P09_2	7	299993	75
Mock_P09_2	7	299993	64
Mock_P09_2	7	299993	39
Mock_P09_2	7	299993	91
Mock_P09_2	7	299993	122
Mock_P09_2	7	299993	170
Mock_P09_2	7	299993	444
Mock_P09_2	7	299993	93
Mock_P09_2	7	299993	176
Mock_P09_2	7	299993	140
Mock_P09_2	7	299993	132
Mock_P09_2	7	299993	132
Mock_P09_2	7	299993	261
Mock_P09_2	7	299993	99
Mock_P09_2	7	299993	318
Mock_P09_2	7	299993	122
Mock_P09_2	7	299993	71
Mock_P09_2	7	299993	103
Mock_P09_2	7	299993	150
Mock_P09_2	7	299993	112
Mock_P09_2	7	299993	104
Mock_P09_2	7	299993	106
Mock_P09_2	7	299993	137
Mock_P09_2	7	299993	70
Mock_P09_2	7	299993	171
Mock_P09_2	7	299993	132
Mock_P09_2	7	299993	132
Mock_P09_2	7	299993	181
Mock_P09_2	7	299993	104
Mock_P09_2	7	299993	106
Mock_P09_2	7	299993	128
Mock_P09_2	7	299993	315
Mock_P09_2	7	299993	88
Mock_P09_2	7	299993	74
Mock_P09_2	7	299993	93
Mock_P09_2	7	299993	94
Mock_P09_2	7	299993	69
Mock_P09_2	7	299993	83
Mock_P09_2	7	299993	386
Mock_P09_2	7	299993	98
Mock_P09_2	7	299993	101
Mock_P09_2	7	299993	330
Mock_P09_2	7	299993	117
Mock_P09_2	7	299993	37
Mock_P09_2	7	299993	98
Mock_P09_2	7	299993	252
Mock_P09_2	7	299993	27
Mock_P09_2	7	299993	69
Mock_P09_2	7	299993	87
Mock_P09_2	7	299993	778
Mock_P09_2	7	299993	252
Mock_P09_2	7	299993	430
Mock_P09_2	7	299993	131
Mock_P09_2	7	299993	671
Mock_P09_2	7	299993	301
Mock_P09_2	7	299993	82
Mock_P09_2	7	299993	83
Mock_P09_2	7	299993	77
Mock_P09_2	7	299993	43
Mock_P09_2	7	299993	106
Mock_P09_2	7	299993	145
Mock_P09_2	7	299993	72
Mock_P09_2	7	299993	69
Mock_P09_2	7	299993	38
Mock_P09_2	7	299993	109
Mock_P09_2	7	299993	30
Mock_P09_2	7	299993	88
Mock_P09_2	7	299993	182
Mock_P09_2	7	299993	83
Mock_P09_2	7	299993	130
Mock_P09_2	7	299993	70
Mock_P09_2	7	299993	174
Mock_P09_2	7	299993	75
Mock_P09_2	7	299993	271
Mock_P09_2	7	299993	68
Mock_P09_2	7	299993	164
Mock_P09_2	7	299993	72
Mock_P09_2	7	299993	116
Mock_P09_2	7	299993	123
Mock_P09_2	7	299993	61
Mock_P09_2	7	299993	53
Mock_P09_2	7	299993	248
Mock_P09_2	7	299993	105
Mock_P09_2	7	299993	89
Mock_P09_2	7	299993	137
Mock_P09_2	7	299993	54
Mock_P09_2	7	299993	103
Mock_P09_2	7	299993	103
Mock_P09_2	7	299993	103
Mock_P09_2	7	299993	173
Mock_P09_2	7	299993	70
Mock_P09_2	7	299993	37
Mock_P09_2	7	299993	74
Mock_P09_2	7	299993	239
Mock_P09_2	7	299993	113
Mock_P09_2	7	299993	74
Mock_P09_2	7	299993	60
Mock_P09_2	7	299993	87
Mock_P09_2	7	299993	43
Mock_P09_2	7	299993	99
Mock_P09_2	7	299993	85
Mock_P09_2	7	299993	121
Mock_P09_2	7	299993	156
Mock_P09_2	7	299993	162
Mock_P09_2	7	299993	82
Mock_P09_2	7	299993	38
Mock_P09_2	7	299993	469
Mock_P09_2	7	299993	75
Mock_P09_2	7	299993	153
Mock_P09_2	7	299993	138
Mock_P09_2	7	299993	111
Mock_P09_2	7	299993	50
Mock_P09_2	7	299993	100
Mock_P09_2	7	299993	85
Mock_P09_2	7	299993	86
Mock_P09_2	7	299993	118
Mock_P09_2	7	299993	140
Mock_P09_2	7	299993	11
Mock_P09_2	7	299993	86
Mock_P09_2	7	299993	186
Mock_P09_2	7	299993	110
Mock_P09_2	7	299993	152
Mock_P09_2	8	288702	296
Mock_P09_2	8	288702	46
Mock_P09_2	8	288702	106
Mock_P09_2	8	288702	113
Mock_P09_2	8	288702	71
Mock_P09_2	8	288702	223
Mock_P09_2	8	288702	125
Mock_P09_2	8	288702	152
Mock_P09_2	8	288702	82
Mock_P09_2	8	288702	56
Mock_P09_2	8	288702	169
Mock_P09_2	8	288702	75
Mock_P09_2	8	288702	138
Mock_P09_2	8	288702	89
Mock_P09_2	8	288702	89
Mock_P09_2	8	288702	82
Mock_P09_2	8	288702	159
Mock_P09_2	8	288702	89
Mock_P09_2	8	288702	216
Mock_P09_2	8	288702	106
Mock_P09_2	8	288702	127
Mock_P09_2	8	288702	63
Mock_P09_2	8	288702	130
Mock_P09_2	8	288702	71
Mock_P09_2	8	288702	281
Mock_P09_2	8	288702	89
Mock_P09_2	8	288702	46
Mock_P09_2	8	288702	195
Mock_P09_2	8	288702	93
Mock_P09_2	8	288702	59
Mock_P09_2	8	288702	62
Mock_P09_2	8	288702	86
Mock_P09_2	8	288702	86
Mock_P09_2	8	288702	82
Mock_P09_2	8	288702	289
Mock_P09_2	8	288702	98
Mock_P09_2	8	288702	51
Mock_P09_2	8	288702	103
Mock_P09_2	8	288702	50
Mock_P09_2	8	288702	108
Mock_P09_2	8	288702	141
Mock_P09_2	8	288702	175
Mock_P09_2	8	288702	56
Mock_P09_2	8	288702	95
Mock_P09_2	8	288702	44
Mock_P09_2	8	288702	93
Mock_P09_2	8	288702	175
Mock_P09_2	8	288702	62
Mock_P09_2	8	288702	100
Mock_P09_2	8	288702	57
Mock_P09_2	8	288702	140
Mock_P09_2	8	288702	41
Mock_P09_2	8	288702	66
Mock_P09_2	8	288702	184
Mock_P09_2	8	288702	101
Mock_P09_2	8	288702	265
Mock_P09_2	8	288702	74
Mock_P09_2	8	288702	114
Mock_P09_2	8	288702	90
Mock_P09_2	8	288702	212
Mock_P09_2	8	288702	91
Mock_P09_2	8	288702	192
Mock_P09_2	8	288702	251
Mock_P09_2	8	288702	100
Mock_P09_2	8	288702	143
Mock_P09_2	8	288702	78
Mock_P09_2	8	288702	81
Mock_P09_2	8	288702	121
Mock_P09_2	8	288702	162
Mock_P09_2	8	288702	340
Mock_P09_2	8	288702	100
Mock_P09_2	8	288702	129
Mock_P09_2	8	288702	187
Mock_P09_2	8	288702	110
Mock_P09_2	8	288702	135
Mock_P09_2	8	288702	160
Mock_P09_2	8	288702	252
Mock_P09_2	8	288702	152
Mock_P09_2	8	288702	137
Mock_P09_2	8	288702	159
Mock_P09_2	8	288702	181
Mock_P09_2	8	288702	176
Mock_P09_2	8	288702	132
Mock_P09_2	8	288702	382
Mock_P09_2	8	288702	132
Mock_P09_2	8	288702	138
Mock_P09_2	8	288702	127
Mock_P09_2	8	288702	114
Mock_P09_2	8	288702	93
Mock_P09_2	8	288702	132
Mock_P09_2	8	288702	588
Mock_P09_2	8	288702	278
Mock_P09_2	8	288702	124
Mock_P09_2	8	288702	147
Mock_P09_2	8	288702	189
Mock_P09_2	8	288702	176
Mock_P09_2	8	288702	103
Mock_P09_2	8	288702	170
Mock_P09_2	8	288702	142
Mock_P09_2	8	288702	199
Mock_P09_2	8	288702	151
Mock_P09_2	8	288702	210
Mock_P09_2	8	288702	126
Mock_P09_2	8	288702	151
Mock_P09_2	8	288702	118
Mock_P09_2	8	288702	38
Mock_P09_2	8	288702	177
Mock_P09_2	8	288702	196
Mock_P09_2	8	288702	131
Mock_P09_2	8	288702	77
Mock_P09_2	8	288702	69
Mock_P09_2	8	288702	128
Mock_P09_2	8	288702	158
Mock_P09_2	8	288702	151
Mock_P09_2	8	288702	273
Mock_P09_2	8	288702	119
Mock_P09_2	8	288702	137
Mock_P09_2	8	288702	153
Mock_P09_2	8	288702	226
Mock_P09_2	8	288702	152
Mock_P09_2	8	288702	20
Mock_P09_2	8	288702	243
Mock_P09_2	8	288702	36
Mock_P09_2	8	288702	103
Mock_P09_2	8	288702	130
Mock_P09_2	8	288702	22
Mock_P09_2	8	288702	29
Mock_P09_2	9	264213	156
Mock_P09_2	9	264213	116
Mock_P09_2	9	264213	117
Mock_P09_2	9	264213	110
Mock_P09_2	9	264213	77
Mock_P09_2	9	264213	120
Mock_P09_2	9	264213	99
Mock_P09_2	9	264213	163
Mock_P09_2	9	264213	87
Mock_P09_2	9	264213	111
Mock_P09_2	9	264213	96
Mock_P09_2	9	264213	120
Mock_P09_2	9	264213	136
Mock_P09_2	9	264213	104
Mock_P09_2	9	264213	262
Mock_P09_2	9	264213	109
Mock_P09_2	9	264213	328
Mock_P09_2	9	264213	111
Mock_P09_2	9	264213	191
Mock_P09_2	9	264213	142
Mock_P09_2	9	264213	141
Mock_P09_2	9	264213	215
Mock_P09_2	9	264213	102
Mock_P09_2	9	264213	287
Mock_P09_2	9	264213	85
Mock_P09_2	9	264213	212
Mock_P09_2	9	264213	288
Mock_P09_2	9	264213	175
Mock_P09_2	9	264213	201
Mock_P09_2	9	264213	58
Mock_P09_2	9	264213	119
Mock_P09_2	9	264213	78
Mock_P09_2	9	264213	90
Mock_P09_2	9	264213	58
Mock_P09_2	9	264213	195
Mock_P09_2	9	264213	133
Mock_P09_2	9	264213	114
Mock_P09_2	9	264213	154
Mock_P09_2	9	264213	87
Mock_P09_2	9	264213	127
Mock_P09_2	9	264213	92
Mock_P09_2	9	264213	96
Mock_P09_2	9	264213	107
Mock_P09_2	9	264213	109
Mock_P09_2	9	264213	110
Mock_P09_2	9	264213	113
Mock_P09_2	9	264213	182
Mock_P09_2	9	264213	75
Mock_P09_2	9	264213	81
Mock_P09_2	9	264213	81
Mock_P09_2	9	264213	128
Mock_P09_2	9	264213	69
Mock_P09_2	9	264213	87
Mock_P09_2	9	264213	170
Mock_P09_2	9	264213	80
Mock_P09_2	9	264213	161
Mock_P09_2	9	264213	42
Mock_P09_2	9	264213	126
Mock_P09_2	9	264213	247
Mock_P09_2	9	264213	115
Mock_P09_2	9	264213	124
Mock_P09_2	9	264213	152
Mock_P09_2	9	264213	121
Mock_P09_2	9	264213	63
Mock_P09_2	9	264213	93
Mock_P09_2	9	264213	115
Mock_P09_2	9	264213	107
Mock_P09_2	9	264213	70
Mock_P09_2	9	264213	133
Mock_P09_2	9	264213	111
Mock_P09_2	9	264213	248
Mock_P09_2	9	264213	99
Mock_P09_2	9	264213	147
Mock_P09_2	9	264213	146
Mock_P09_2	9	264213	132
Mock_P09_2	9	264213	160
Mock_P09_2	9	264213	98
Mock_P09_2	9	264213	103
Mock_P09_2	9	264213	98
Mock_P09_2	9	264213	164
Mock_P09_2	9	264213	77
Mock_P09_2	9	264213	97
Mock_P09_2	9	264213	228
Mock_P09_2	9	264213	95
Mock_P09_2	9	264213	30
Mock_P09_2	9	264213	101
Mock_P09_2	9	264213	86
Mock_P09_2	9	264213	37
Mock_P09_2	9	264213	135
Mock_P09_2	9	264213	318
Mock_P09_2	9	264213	137
Mock_P09_2	9	264213	111
Mock_P09_2	9	264213	200
Mock_P09_2	9	264213	100
Mock_P09_2	9	264213	80
Mock_P09_2	9	264213	161
Mock_P09_2	9	264213	37
Mock_P09_2	9	264213	118
Mock_P09_2	9	264213	91
Mock_P09_2	9	264213	144
Mock_P09_2	9	264213	30
Mock_P09_2	9	264213	104
Mock_P09_2	9	264213	130
Mock_P09_2	9	264213	99
Mock_P09_2	9	264213	92
Mock_P09_2	9	264213	87
Mock_P09_2	9	264213	85
Mock_P09_2	9	264213	99
Mock_P09_2	10	265780	129
Mock_P09_2	10	265780	87
Mock_P09_2	10	265780	122
Mock_P09_2	10	265780	84
Mock_P09_2	10	265780	104
Mock_P09_2	10	265780	155
Mock_P09_2	10	265780	67
Mock_P09_2	10	265780	43
Mock_P09_2	10	265780	260
Mock_P09_2	10	265780	128
Mock_P09_2	10	265780	171
Mock_P09_2	10	265780	61
Mock_P09_2	10	265780	63
Mock_P09_2	10	265780	125
Mock_P09_2	10	265780	93
Mock_P09_2	10	265780	77
Mock_P09_2	10	265780	81
Mock_P09_2	10	265780	69
Mock_P09_2	10	265780	183
Mock_P09_2	10	265780	122
Mock_P09_2	10	265780	127
Mock_P09_2	10	265780	116
Mock_P09_2	10	265780	93
Mock_P09_2	10	265780	85
Mock_P09_2	10	265780	180
Mock_P09_2	10	265780	115
Mock_P09_2	10	265780	34
Mock_P09_2	10	265780	207
Mock_P09_2	10	265780	49
Mock_P09_2	10	265780	105
Mock_P09_2	10	265780	173
Mock_P09_2	10	265780	57
Mock_P09_2	10	265780	104
Mock_P09_2	10	265780	101
Mock_P09_2	10	265780	93
Mock_P09_2	10	265780	57
Mock_P09_2	10	265780	95
Mock_P09_2	10	265780	107
Mock_P09_2	10	265780	118
Mock_P09_2	10	265780	170
Mock_P09_2	10	265780	109
Mock_P09_2	10	265780	84
Mock_P09_2	10	265780	193
Mock_P09_2	10	265780	96
Mock_P09_2	10	265780	66
Mock_P09_2	10	265780	94
Mock_P09_2	10	265780	81
Mock_P09_2	10	265780	89
Mock_P09_2	10	265780	75
Mock_P09_2	10	265780	84
Mock_P09_2	10	265780	135
Mock_P09_2	10	265780	92
Mock_P09_2	10	265780	73
Mock_P09_2	10	265780	282
Mock_P09_2	10	265780	116
Mock_P09_2	10	265780	74
Mock_P09_2	10	265780	60
Mock_P09_2	10	265780	128
Mock_P09_2	10	265780	80
Mock_P09_2	10	265780	317
Mock_P09_2	10	265780	119
Mock_P09_2	10	265780	97
Mock_P09_2	10	265780	128
Mock_P09_2	10	265780	100
Mock_P09_2	10	265780	53
Mock_P09_2	10	265780	194
Mock_P09_2	10	265780	154
Mock_P09_2	10	265780	55
Mock_P09_2	10	265780	86
Mock_P09_2	10	265780	46
Mock_P09_2	10	265780	122
Mock_P09_2	10	265780	134
Mock_P09_2	10	265780	185
Mock_P09_2	10	265780	35
Mock_P09_2	10	265780	116
Mock_P09_2	10	265780	132
Mock_P09_2	10	265780	116
Mock_P09_2	10	265780	90
Mock_P09_2	10	265780	133
Mock_P09_2	10	265780	78
Mock_P09_2	10	265780	95
Mock_P09_2	10	265780	165
Mock_P09_2	10	265780	98
Mock_P09_2	10	265780	82
Mock_P09_2	10	265780	95
Mock_P09_2	10	265780	320
Mock_P09_2	10	265780	60
Mock_P09_2	10	265780	125
Mock_P09_2	10	265780	275
Mock_P09_2	10	265780	54
Mock_P09_2	10	265780	57
Mock_P09_2	10	265780	117
Mock_P09_2	10	265780	36
Mock_P09_2	10	265780	50
Mock_P09_2	10	265780	101
Mock_P09_2	10	265780	86
Mock_P09_2	10	265780	113
Mock_P09_2	11	181307	16
Mock_P09_2	11	181307	96
Mock_P09_2	11	181307	53
Mock_P09_2	11	181307	216
Mock_P09_2	11	181307	68
Mock_P09_2	11	181307	50
Mock_P09_2	11	181307	56
Mock_P09_2	11	181307	62
Mock_P09_2	11	181307	178
Mock_P09_2	11	181307	20
Mock_P09_2	11	181307	85
Mock_P09_2	11	181307	85
Mock_P09_2	11	181307	123
Mock_P09_2	11	181307	118
Mock_P09_2	11	181307	138
Mock_P09_2	11	181307	114
Mock_P09_2	11	181307	87
Mock_P09_2	11	181307	178
Mock_P09_2	11	181307	131
Mock_P09_2	11	181307	260
Mock_P09_2	11	181307	172
Mock_P09_2	11	181307	114
Mock_P09_2	11	181307	144
Mock_P09_2	11	181307	240
Mock_P09_2	11	181307	152
Mock_P09_2	11	181307	252
Mock_P09_2	11	181307	113
Mock_P09_2	11	181307	163
Mock_P09_2	11	181307	135
Mock_P09_2	11	181307	117
Mock_P09_2	11	181307	76
Mock_P09_2	11	181307	149
Mock_P09_2	11	181307	74
Mock_P09_2	11	181307	102
Mock_P09_2	11	181307	502
Mock_P09_2	11	181307	150
Mock_P09_2	11	181307	123
Mock_P09_2	11	181307	219
Mock_P09_2	11	181307	258
Mock_P09_2	11	181307	77
Mock_P09_2	11	181307	376
Mock_P09_2	11	181307	103
Mock_P09_2	11	181307	108
Mock_P09_2	11	181307	152
Mock_P09_2	11	181307	161
Mock_P09_2	11	181307	136
Mock_P09_2	11	181307	146
Mock_P09_2	11	181307	144
Mock_P09_2	11	181307	155
Mock_P09_2	11	181307	93
Mock_P09_2	11	181307	162
Mock_P09_2	12	263524	24
Mock_P09_2	12	263524	18
Mock_P09_2	12	263524	114
Mock_P09_2	12	263524	102
Mock_P09_2	12	263524	54
Mock_P09_2	12	263524	93
Mock_P09_2	12	263524	84
Mock_P09_2	12	263524	104
Mock_P09_2	12	263524	60
Mock_P09_2	12	263524	89
Mock_P09_2	12	263524	93
Mock_P09_2	12	263524	66
Mock_P09_2	12	263524	97
Mock_P09_2	12	263524	159
Mock_P09_2	12	263524	70
Mock_P09_2	12	263524	120
Mock_P09_2	12	263524	109
Mock_P09_2	12	263524	96
Mock_P09_2	12	263524	103
Mock_P09_2	12	263524	79
Mock_P09_2	12	263524	119
Mock_P09_2	12	263524	186
Mock_P09_2	12	263524	89
Mock_P09_2	12	263524	61
Mock_P09_2	12	263524	135
Mock_P09_2	12	263524	66
Mock_P09_2	12	263524	61
Mock_P09_2	12	263524	126
Mock_P09_2	12	263524	66
Mock_P09_2	12	263524	100
Mock_P09_2	12	263524	86
Mock_P09_2	12	263524	104
Mock_P09_2	12	263524	192
Mock_P09_2	12	263524	77
Mock_P09_2	12	263524	183
Mock_P09_2	12	263524	116
Mock_P09_2	12	263524	245
Mock_P09_2	12	263524	122
Mock_P09_2	12	263524	123
Mock_P09_2	12	263524	96
Mock_P09_2	12	263524	64
Mock_P09_2	12	263524	139
Mock_P09_2	12	263524	95
Mock_P09_2	12	263524	124
Mock_P09_2	12	263524	269
Mock_P09_2	12	263524	134
Mock_P09_2	12	263524	91
Mock_P09_2	12	263524	162
Mock_P09_2	12	263524	307
Mock_P09_2	12	263524	134
Mock_P09_2	12	263524	157
Mock_P09_2	12	263524	52
Mock_P09_2	12	263524	186
Mock_P09_2	12	263524	117
Mock_P09_2	12	263524	131
Mock_P09_2	12	263524	109
Mock_P09_2	12	263524	139
Mock_P09_2	12	263524	108
Mock_P09_2	12	263524	124
Mock_P09_2	12	263524	112
Mock_P09_2	12	263524	168
Mock_P09_2	12	263524	93
Mock_P09_2	12	263524	101
Mock_P09_2	12	263524	131
Mock_P09_2	12	263524	227
Mock_P09_2	12	263524	438
Mock_P09_2	12	263524	109
Mock_P09_2	12	263524	107
Mock_P09_2	12	263524	73
Mock_P09_2	12	263524	132
Mock_P09_2	12	263524	106
Mock_P09_2	12	263524	101
Mock_P09_2	12	263524	122
Mock_P09_2	12	263524	106
Mock_P09_2	12	263524	135
Mock_P09_2	12	263524	93
Mock_P09_2	12	263524	212
Mock_P09_2	12	263524	56
Mock_P09_2	12	263524	123
Mock_P09_2	13	297145	16
Mock_P09_2	13	297145	286
Mock_P09_2	13	297145	170
Mock_P09_2	13	297145	84
Mock_P09_2	13	297145	176
Mock_P09_2	13	297145	134
Mock_P09_2	13	297145	87
Mock_P09_2	13	297145	100
Mock_P09_2	13	297145	10
Mock_P09_2	13	297145	106
Mock_P09_2	13	297145	109
Mock_P09_2	13	297145	111
Mock_P09_2	13	297145	65
Mock_P09_2	13	297145	35
Mock_P09_2	13	297145	127
Mock_P09_2	13	297145	70
Mock_P09_2	13	297145	136
Mock_P09_2	13	297145	90
Mock_P09_2	13	297145	66
Mock_P09_2	13	297145	171
Mock_P09_2	13	297145	122
Mock_P09_2	13	297145	182
Mock_P09_2	13	297145	86
Mock_P09_2	13	297145	103
Mock_P09_2	13	297145	95
Mock_P09_2	13	297145	106
Mock_P09_2	13	297145	48
Mock_P09_2	13	297145	62
Mock_P09_2	13	297145	49
Mock_P09_2	13	297145	99
Mock_P09_2	13	297145	52
Mock_P09_2	13	297145	111
Mock_P09_2	13	297145	71
Mock_P09_2	13	297145	85
Mock_P09_2	13	297145	102
Mock_P09_2	13	297145	138
Mock_P09_2	13	297145	109
Mock_P09_2	13	297145	123
Mock_P09_2	13	297145	106
Mock_P09_2	13	297145	34
Mock_P09_2	13	297145	184
Mock_P09_2	13	297145	101
Mock_P09_2	13	297145	105
Mock_P09_2	13	297145	107
Mock_P09_2	13	297145	192
Mock_P09_2	13	297145	140
Mock_P09_2	13	297145	85
Mock_P09_2	13	297145	75
Mock_P09_2	13	297145	201
Mock_P09_2	13	297145	137
Mock_P09_2	13	297145	82
Mock_P09_2	13	297145	261
Mock_P09_2	13	297145	235
Mock_P09_2	13	297145	132
Mock_P09_2	13	297145	264
Mock_P09_2	13	297145	230
Mock_P09_2	13	297145	299
Mock_P09_2	13	297145	206
Mock_P09_2	13	297145	82
Mock_P09_2	13	297145	99
Mock_P09_2	13	297145	158
Mock_P09_2	13	297145	282
Mock_P09_2	13	297145	245
Mock_P09_2	13	297145	137
Mock_P09_2	13	297145	135
Mock_P09_2	13	297145	170
Mock_P09_2	13	297145	133
Mock_P09_2	13	297145	160
Mock_P09_2	13	297145	50
Mock_P09_2	13	297145	231
Mock_P09_2	13	297145	78
Mock_P09_2	13	297145	118
Mock_P09_2	13	297145	108
Mock_P09_2	13	297145	130
Mock_P09_2	13	297145	51
Mock_P09_2	13	297145	140
Mock_P09_2	13	297145	79
Mock_P09_2	13	297145	275
Mock_P09_2	13	297145	122
Mock_P09_2	13	297145	149
Mock_P09_2	13	297145	162
Mock_P09_2	13	297145	298
Mock_P09_2	13	297145	171
Mock_P09_2	13	297145	144
Mock_P09_2	13	297145	114
Mock_P09_2	13	297145	105
Mock_P09_2	13	297145	154
Mock_P09_2	13	297145	130
Mock_P09_2	13	297145	117
Mock_P09_2	13	297145	135
Mock_P09_2	13	297145	120
Mock_P09_2	13	297145	161
Mock_P09_2	13	297145	133
Mock_P09_2	13	297145	109
Mock_P09_2	13	297145	104
Mock_P09_2	13	297145	76
Mock_P09_2	13	297145	183
Mock_P09_2	13	297145	272
Mock_P09_2	13	297145	105
Mock_P09_2	13	297145	82
Mock_P09_2	13	297145	157
Mock_P09_2	13	297145	84
Mock_P09_2	13	297145	120
Mock_P09_2	13	297145	105
Mock_P09_2	13	297145	178
Mock_P09_2	13	297145	108
Mock_P09_2	13	297145	130
Mock_P09_2	13	297145	166
Mock_P09_2	13	297145	347
Mock_P09_2	13	297145	14
Mock_P09_2	13	297145	420
Mock_P09_2	13	297145	176
Mock_P09_2	13	297145	312
Mock_P09_2	13	297145	101
Mock_P09_2	13	297145	74
Mock_P09_2	13	297145	104
Mock_P09_2	13	297145	86
Mock_P09_2	13	297145	369
Mock_P09_2	13	297145	104
Mock_P09_2	13	297145	147
Mock_P09_2	13	297145	53
Mock_P09_2	13	297145	75
Mock_P09_2	13	297145	88
Mock_P09_2	13	297145	103
Mock_P09_2	13	297145	105
Mock_P09_2	13	297145	133
Mock_P09_2	13	297145	134
Mock_P09_2	13	297145	161
Mock_P09_2	13	297145	130
Mock_P09_2	13	297145	56
Mock_P09_2	13	297145	87
Mock_P09_2	13	297145	86
Mock_P09_2	13	297145	150
Mock_P09_2	13	297145	72
Mock_P09_2	13	297145	19
Mock_P09_2	13	297145	57
Mock_P09_2	13	297145	74
Mock_P09_2	13	297145	104
Mock_P09_2	13	297145	86
Mock_P09_2	13	297145	120
Mock_P09_2	13	297145	75
Mock_P09_2	13	297145	107
Mock_P09_2	13	297145	158
Mock_P09_2	13	297145	40
Mock_P09_2	13	297145	102
Mock_P09_2	13	297145	123
Mock_P09_2	13	297145	232
Mock_P09_2	13	297145	145
Mock_P09_2	13	297145	90
Mock_P09_2	13	297145	134
Mock_P09_2	13	297145	379
Mock_P09_2	13	297145	167
Mock_P09_2	13	297145	53
Mock_P09_2	13	297145	212
Mock_P09_2	13	297145	43
Mock_P09_2	13	297145	101
Mock_P09_2	13	297145	51
Mock_P09_2	13	297145	53
Mock_P09_2	13	297145	92
Mock_P09_2	13	297145	29
Mock_P09_2	13	297145	52
Mock_P09_2	13	297145	116
Mock_P09_2	13	297145	41
Mock_P09_2	13	297145	25
Mock_P09_2	13	297145	16
Mock_P09_2	14	311787	278
Mock_P09_2	14	311787	76
Mock_P09_2	14	311787	80
Mock_P09_2	14	311787	120
Mock_P09_2	14	311787	21
Mock_P09_2	14	311787	94
Mock_P09_2	14	311787	87
Mock_P09_2	14	311787	198
Mock_P09_2	14	311787	102
Mock_P09_2	14	311787	110
Mock_P09_2	14	311787	144
Mock_P09_2	14	311787	87
Mock_P09_2	14	311787	114
Mock_P09_2	14	311787	160
Mock_P09_2	14	311787	103
Mock_P09_2	14	311787	73
Mock_P09_2	14	311787	79
Mock_P09_2	14	311787	118
Mock_P09_2	14	311787	64
Mock_P09_2	14	311787	103
Mock_P09_2	14	311787	112
Mock_P09_2	14	311787	107
Mock_P09_2	14	311787	104
Mock_P09_2	14	311787	152
Mock_P09_2	14	311787	75
Mock_P09_2	14	311787	106
Mock_P09_2	14	311787	148
Mock_P09_2	14	311787	36
Mock_P09_2	14	311787	235
Mock_P09_2	14	311787	94
Mock_P09_2	14	311787	128
Mock_P09_2	14	311787	163
Mock_P09_2	14	311787	69
Mock_P09_2	14	311787	34
Mock_P09_2	14	311787	48
Mock_P09_2	14	311787	109
Mock_P09_2	14	311787	152
Mock_P09_2	14	311787	161
Mock_P09_2	14	311787	76
Mock_P09_2	14	311787	153
Mock_P09_2	14	311787	123
Mock_P09_2	14	311787	51
Mock_P09_2	14	311787	129
Mock_P09_2	14	311787	98
Mock_P09_2	14	311787	108
Mock_P09_2	14	311787	132
Mock_P09_2	14	311787	95
Mock_P09_2	14	311787	154
Mock_P09_2	14	311787	72
Mock_P09_2	14	311787	106
Mock_P09_2	14	311787	223
Mock_P09_2	14	311787	96
Mock_P09_2	14	311787	220
Mock_P09_2	14	311787	96
Mock_P09_2	14	311787	109
Mock_P09_2	14	311787	109
Mock_P09_2	14	311787	153
Mock_P09_2	14	311787	270
Mock_P09_2	14	311787	78
Mock_P09_2	14	311787	103
Mock_P09_2	14	311787	132
Mock_P09_2	14	311787	143
Mock_P09_2	14	311787	114
Mock_P09_2	14	311787	188
Mock_P09_2	14	311787	180
Mock_P09_2	14	311787	89
Mock_P09_2	14	311787	247
Mock_P09_2	14	311787	94
Mock_P09_2	14	311787	82
Mock_P09_2	14	311787	177
Mock_P09_2	14	311787	192
Mock_P09_2	14	311787	109
Mock_P09_2	14	311787	29
Mock_P09_2	14	311787	207
Mock_P09_2	14	311787	80
Mock_P09_2	14	311787	210
Mock_P09_2	14	311787	85
Mock_P09_2	14	311787	988
Mock_P09_2	14	311787	159
Mock_P09_2	14	311787	98
Mock_P09_2	14	311787	192
Mock_P09_2	14	311787	144
Mock_P09_2	14	311787	136
Mock_P09_2	14	311787	143
Mock_P09_2	14	311787	111
Mock_P09_2	14	311787	178
Mock_P09_2	14	311787	346
Mock_P09_2	14	311787	459
Mock_P09_2	14	311787	113
Mock_P09_2	14	311787	108
Mock_P09_2	14	311787	78
Mock_P09_2	14	311787	154
Mock_P09_2	14	311787	142
Mock_P09_2	14	311787	76
Mock_P09_2	14	311787	114
Mock_P09_2	14	311787	126
Mock_P09_2	14	311787	100
Mock_P09_2	14	311787	120
Mock_P09_2	14	311787	120
Mock_P09_2	14	311787	134
Mock_P09_2	14	311787	377
Mock_P09_2	14	311787	165
Mock_P09_2	14	311787	196
Mock_P09_2	14	311787	122
Mock_P09_2	14	311787	262
Mock_P09_2	14	311787	154
Mock_P09_2	14	311787	67
Mock_P09_2	14	311787	120
Mock_P09_2	14	311787	917
Mock_P09_2	14	311787	152
Mock_P09_2	14	311787	114
Mock_P09_2	14	311787	230
Mock_P09_2	14	311787	352
Mock_P09_2	14	311787	105
Mock_P09_2	14	311787	172
Mock_P09_2	14	311787	79
Mock_P09_2	14	311787	118
Mock_P09_2	14	311787	75
Mock_P09_2	14	311787	20
Mock_P09_2	14	311787	171
Mock_P09_2	14	311787	78
Mock_P09_2	14	311787	187
Mock_P09_2	14	311787	138
Mock_P09_2	14	311787	169
Mock_P09_2	14	311787	144
Mock_P09_2	14	311787	204
Mock_P09_2	14	311787	125
Mock_P09_2	14	311787	146
Mock_P09_2	14	311787	143
Mock_P09_2	14	311787	116
Mock_P09_2	14	311787	387
Mock_P09_2	14	311787	211
Mock_P09_2	14	311787	277
Mock_P09_2	14	311787	34
Mock_P09_2	14	311787	88
Mock_P09_2	14	311787	188
Mock_P09_2	14	311787	108
Mock_P09_2	14	311787	216
Mock_P09_2	14	311787	106
Mock_P09_2	14	311787	136
Mock_P09_2	14	311787	12
Mock_P09_2	14	311787	74
Mock_P09_2	14	311787	135
Mock_P09_2	14	311787	71
Mock_P09_2	14	311787	354
Mock_P09_2	14	311787	143
Mock_P09_2	14	311787	240
Mock_P09_2	14	311787	107
Mock_P09_2	14	311787	121
Mock_P09_2	14	311787	279
Mock_P09_2	14	311787	90
Mock_P09_2	14	311787	26
Mock_P09_2	14	311787	60
Mock_P09_2	14	311787	24
Mock_P09_2	14	311787	127
Mock_P09_2	14	311787	194
Mock_P09_2	14	311787	59
Mock_P09_2	14	311787	301
Mock_P09_2	14	311787	44
Mock_P09_2	14	311787	67
Mock_P09_2	14	311787	94
Mock_P09_2	14	311787	259
Mock_P09_2	14	311787	502
Mock_P09_2	14	311787	35
Mock_P09_2	14	311787	121
Mock_P09_2	14	311787	190
Mock_P09_2	14	311787	58
Mock_P09_2	14	311787	87
Mock_P09_2	14	311787	31
Mock_P09_2	14	311787	87
Mock_P09_2	14	311787	73
Mock_P09_2	14	311787	276
Mock_P09_2	14	311787	88
Mock_P09_2	14	311787	101
Mock_P09_2	14	311787	79
Mock_P09_2	14	311787	40
Mock_P09_2	14	311787	26
Mock_P09_2	14	311787	294
Mock_P09_2	15	300459	143
Mock_P09_2	15	300459	95
Mock_P09_2	15	300459	83
Mock_P09_2	15	300459	64
Mock_P09_2	15	300459	81
Mock_P09_2	15	300459	279
Mock_P09_2	15	300459	115
Mock_P09_2	15	300459	78
Mock_P09_2	15	300459	120
Mock_P09_2	15	300459	105
Mock_P09_2	15	300459	83
Mock_P09_2	15	300459	178
Mock_P09_2	15	300459	66
Mock_P09_2	15	300459	51
Mock_P09_2	15	300459	101
Mock_P09_2	15	300459	62
Mock_P09_2	15	300459	113
Mock_P09_2	15	300459	116
Mock_P09_2	15	300459	116
Mock_P09_2	15	300459	98
Mock_P09_2	15	300459	101
Mock_P09_2	15	300459	45
Mock_P09_2	15	300459	98
Mock_P09_2	15	300459	66
Mock_P09_2	15	300459	44
Mock_P09_2	15	300459	88
Mock_P09_2	15	300459	133
Mock_P09_2	15	300459	96
Mock_P09_2	15	300459	66
Mock_P09_2	15	300459	82
Mock_P09_2	15	300459	119
Mock_P09_2	15	300459	69
Mock_P09_2	15	300459	23
Mock_P09_2	15	300459	118
Mock_P09_2	15	300459	168
Mock_P09_2	15	300459	48
Mock_P09_2	15	300459	141
Mock_P09_2	15	300459	124
Mock_P09_2	15	300459	94
Mock_P09_2	15	300459	124
Mock_P09_2	15	300459	115
Mock_P09_2	15	300459	122
Mock_P09_2	15	300459	128
Mock_P09_2	15	300459	187
Mock_P09_2	15	300459	130
Mock_P09_2	15	300459	124
Mock_P09_2	15	300459	66
Mock_P09_2	15	300459	87
Mock_P09_2	15	300459	84
Mock_P09_2	15	300459	95
Mock_P09_2	15	300459	110
Mock_P09_2	15	300459	72
Mock_P09_2	15	300459	106
Mock_P09_2	15	300459	115
Mock_P09_2	15	300459	148
Mock_P09_2	15	300459	121
Mock_P09_2	15	300459	135
Mock_P09_2	15	300459	108
Mock_P09_2	15	300459	123
Mock_P09_2	15	300459	21
Mock_P09_2	15	300459	134
Mock_P09_2	15	300459	116
Mock_P09_2	15	300459	126
Mock_P09_2	15	300459	113
Mock_P09_2	15	300459	90
Mock_P09_2	15	300459	142
Mock_P09_2	15	300459	97
Mock_P09_2	15	300459	155
Mock_P09_2	15	300459	108
Mock_P09_2	15	300459	231
Mock_P09_2	15	300459	98
Mock_P09_2	15	300459	225
Mock_P09_2	15	300459	81
Mock_P09_2	15	300459	38
Mock_P09_2	15	300459	134
Mock_P09_2	15	300459	86
Mock_P09_2	15	300459	111
Mock_P09_2	15	300459	110
Mock_P09_2	15	300459	89
Mock_P09_2	15	300459	115
Mock_P09_2	15	300459	111
Mock_P09_2	15	300459	83
Mock_P09_2	15	300459	438
Mock_P09_2	15	300459	194
Mock_P09_2	15	300459	76
Mock_P09_2	15	300459	459
Mock_P09_2	15	300459	60
Mock_P09_2	15	300459	90
Mock_P09_2	15	300459	102
Mock_P09_2	15	300459	75
Mock_P09_2	15	300459	108
Mock_P09_2	15	300459	98
Mock_P09_2	15	300459	151
Mock_P09_2	15	300459	114
Mock_P09_2	15	300459	130
Mock_P09_2	15	300459	136
Mock_P09_2	15	300459	108
Mock_P09_2	15	300459	58
Mock_P09_2	15	300459	119
Mock_P09_2	15	300459	565
Mock_P09_2	15	300459	82
Mock_P09_2	15	300459	84
Mock_P09_2	15	300459	47
Mock_P09_2	15	300459	197
Mock_P09_2	15	300459	74
Mock_P09_2	15	300459	89
Mock_P09_2	15	300459	127
Mock_P09_2	15	300459	97
Mock_P09_2	15	300459	75
Mock_P09_2	15	300459	68
Mock_P09_2	15	300459	144
Mock_P09_2	15	300459	379
Mock_P09_2	15	300459	123
Mock_P09_2	15	300459	119
Mock_P09_2	15	300459	149
Mock_P09_2	15	300459	196
Mock_P09_2	15	300459	96
Mock_P09_2	15	300459	123
Mock_P09_2	15	300459	194
Mock_P09_2	15	300459	65
Mock_P09_2	15	300459	93
Mock_P09_2	15	300459	114
Mock_P09_2	15	300459	62
Mock_P09_2	15	300459	70
Mock_P09_2	15	300459	56
Mock_P09_2	15	300459	36
Mock_P09_2	15	300459	113
Mock_P09_2	15	300459	129
Mock_P09_2	15	300459	136
Mock_P09_2	15	300459	114
Mock_P09_2	15	300459	79
Mock_P09_2	15	300459	96
Mock_P09_2	15	300459	96
Mock_P09_2	15	300459	95
Mock_P09_2	15	300459	79
Mock_P09_2	15	300459	44
Mock_P09_2	15	300459	68
Mock_P09_2	15	300459	65
Mock_P09_2	16	323400	94
Mock_P09_2	16	323400	178
Mock_P09_2	16	323400	291
Mock_P09_2	16	323400	110
Mock_P09_2	16	323400	110
Mock_P09_2	16	323400	110
Mock_P09_2	16	323400	115
Mock_P09_2	16	323400	137
Mock_P09_2	16	323400	105
Mock_P09_2	16	323400	107
Mock_P09_2	16	323400	172
Mock_P09_2	16	323400	55
Mock_P09_2	16	323400	349
Mock_P09_2	16	323400	101
Mock_P09_2	16	323400	105
Mock_P09_2	16	323400	282
Mock_P09_2	16	323400	159
Mock_P09_2	16	323400	219
Mock_P09_2	16	323400	108
Mock_P09_2	16	323400	117
Mock_P09_2	16	323400	74
Mock_P09_2	16	323400	112
Mock_P09_2	16	323400	224
Mock_P09_2	16	323400	147
Mock_P09_2	16	323400	212
Mock_P09_2	16	323400	128
Mock_P09_2	16	323400	102
Mock_P09_2	16	323400	133
Mock_P09_2	16	323400	80
Mock_P09_2	16	323400	104
Mock_P09_2	16	323400	57
Mock_P09_2	16	323400	162
Mock_P09_2	16	323400	71
Mock_P09_2	16	323400	104
Mock_P09_2	16	323400	90
Mock_P09_2	16	323400	205
Mock_P09_2	16	323400	163
Mock_P09_2	16	323400	208
Mock_P09_2	16	323400	33
Mock_P09_2	16	323400	238
Mock_P09_2	16	323400	123
Mock_P09_2	16	323400	94
Mock_P09_2	16	323400	145
Mock_P09_2	16	323400	83
Mock_P09_2	16	323400	132
Mock_P09_2	16	323400	113
Mock_P09_2	16	323400	92
Mock_P09_2	16	323400	152
Mock_P09_2	16	323400	117
Mock_P09_2	16	323400	148
Mock_P09_2	16	323400	332
Mock_P09_2	16	323400	112
Mock_P09_2	16	323400	123
Mock_P09_2	16	323400	110
Mock_P09_2	16	323400	148
Mock_P09_2	16	323400	128
Mock_P09_2	16	323400	126
Mock_P09_2	16	323400	135
Mock_P09_2	16	323400	153
Mock_P09_2	16	323400	141
Mock_P09_2	16	323400	124
Mock_P09_2	16	323400	89
Mock_P09_2	16	323400	146
Mock_P09_2	16	323400	164
Mock_P09_2	16	323400	128
Mock_P09_2	16	323400	198
Mock_P09_2	16	323400	160
Mock_P09_2	16	323400	170
Mock_P09_2	16	323400	94
Mock_P09_2	16	323400	88
Mock_P09_2	16	323400	117
Mock_P09_2	16	323400	128
Mock_P09_2	16	323400	90
Mock_P09_2	16	323400	99
Mock_P09_2	16	323400	71
Mock_P09_2	16	323400	124
Mock_P09_2	16	323400	121
Mock_P09_2	16	323400	243
Mock_P09_2	16	323400	114
Mock_P09_2	16	323400	99
Mock_P09_2	16	323400	28
Mock_P09_2	16	323400	123
Mock_P09_2	16	323400	68
Mock_P09_2	16	323400	162
Mock_P09_2	16	323400	117
Mock_P09_2	16	323400	89
Mock_P09_2	16	323400	219
Mock_P09_2	16	323400	160
Mock_P09_2	16	323400	32
Mock_P09_2	16	323400	89
Mock_P09_2	16	323400	78
Mock_P09_2	16	323400	81
Mock_P09_2	16	323400	148
Mock_P09_2	16	323400	174
Mock_P09_2	16	323400	54
Mock_P09_2	16	323400	89
Mock_P09_2	16	323400	280
Mock_P09_2	16	323400	97
Mock_P09_2	16	323400	106
Mock_P09_2	16	323400	107
Mock_P09_2	16	323400	121
Mock_P09_2	16	323400	123
Mock_P09_2	16	323400	103
Mock_P09_2	16	323400	144
Mock_P09_2	16	323400	93
Mock_P09_2	16	323400	86
Mock_P09_2	16	323400	128
Mock_P09_2	16	323400	121
Mock_P09_2	16	323400	18
Mock_P09_2	16	323400	58
Mock_P09_2	16	323400	117
Mock_P09_2	16	323400	88
Mock_P09_2	16	323400	69
Mock_P09_2	16	323400	41
Mock_P09_2	16	323400	82
Mock_P09_2	16	323400	101
Mock_P09_2	16	323400	178
Mock_P09_2	16	323400	88
Mock_P09_2	16	323400	45
Mock_P09_2	16	323400	96
Mock_P09_2	16	323400	96
Mock_P09_2	16	323400	54
Mock_P09_2	16	323400	101
Mock_P09_2	16	323400	112
Mock_P09_2	16	323400	70
Mock_P09_2	16	323400	61
Mock_P09_2	16	323400	113
Mock_P09_2	16	323400	615
Mock_P09_2	16	323400	40
Mock_P09_2	16	323400	50
Mock_P09_2	16	323400	81
Mock_P09_2	16	323400	84
Mock_P09_2	16	323400	61
Mock_P09_2	16	323400	48
Mock_P09_2	16	323400	55
Mock_P09_2	16	323400	88
Mock_P09_2	16	323400	93
Mock_P09_2	16	323400	179
Mock_P09_2	16	323400	82
Mock_P09_2	16	323400	60
Mock_P09_2	16	323400	199
Mock_P09_2	16	323400	99
Mock_P09_2	16	323400	89
Mock_P09_2	16	323400	57
Mock_P09_2	16	323400	26
Mock_P09_2	16	323400	289
Mock_P09_2	16	323400	71
Mock_P09_2	16	323400	145
Mock_P09_2	16	323400	81
Mock_P09_2	16	323400	140
Mock_P09_2	16	323400	107
Mock_P09_2	16	323400	230
Mock_P09_2	16	323400	103
Mock_P09_2	16	323400	185
Mock_P09_2	16	323400	81
Mock_P09_2	16	323400	62
Mock_P09_2	16	323400	82
Mock_P09_2	16	323400	69
Mock_P09_2	16	323400	92
Mock_P09_2	16	323400	219
Mock_P09_2	16	323400	90
Mock_P09_2	16	323400	69
Mock_P09_2	16	323400	156
Mock_P09_2	16	323400	134
Mock_P09_2	16	323400	94
Mock_P09_2	16	323400	60
Mock_P09_2	16	323400	226
Mock_P09_2	16	323400	107
Mock_P09_2	16	323400	41
Mock_P09_2	16	323400	134
Mock_P09_2	16	323400	145
Mock_P09_2	16	323400	65
Mock_P09_2	16	323400	121
Mock_P09_2	16	323400	58
Mock_P09_2	16	323400	107
Mock_P09_2	16	323400	82
Mock_P09_2	16	323400	108
Mock_P09_2	16	323400	62
Mock_P09_2	16	323400	92
Mock_P09_2	16	323400	17
Mock_P09_2	16	323400	246
Mock_P09_2	16	323400	70
Mock_P09_2	16	323400	109
Mock_P09_2	16	323400	60
Mock_P09_2	17	320571	63
Mock_P09_2	17	320571	81
Mock_P09_2	17	320571	99
Mock_P09_2	17	320571	55
Mock_P09_2	17	320571	100
Mock_P09_2	17	320571	153
Mock_P09_2	17	320571	77
Mock_P09_2	17	320571	55
Mock_P09_2	17	320571	74
Mock_P09_2	17	320571	104
Mock_P09_2	17	320571	70
Mock_P09_2	17	320571	107
Mock_P09_2	17	320571	115
Mock_P09_2	17	320571	68
Mock_P09_2	17	320571	65
Mock_P09_2	17	320571	24
Mock_P09_2	17	320571	106
Mock_P09_2	17	320571	17
Mock_P09_2	17	320571	61
Mock_P09_2	17	320571	103
Mock_P09_2	17	320571	60
Mock_P09_2	17	320571	443
Mock_P09_2	17	320571	10
Mock_P09_2	17	320571	49
Mock_P09_2	17	320571	40
Mock_P09_2	17	320571	41
Mock_P09_2	17	320571	64
Mock_P09_2	17	320571	13
Mock_P09_2	17	320571	68
Mock_P09_2	17	320571	24
Mock_P09_2	17	320571	34
Mock_P09_2	17	320571	91
Mock_P09_2	17	320571	61
Mock_P09_2	17	320571	95
Mock_P09_2	17	320571	130
Mock_P09_2	17	320571	175
Mock_P09_2	17	320571	82
Mock_P09_2	17	320571	145
Mock_P09_2	17	320571	106
Mock_P09_2	17	320571	23
Mock_P09_2	17	320571	93
Mock_P09_2	17	320571	65
Mock_P09_2	17	320571	45
Mock_P09_2	17	320571	81
Mock_P09_2	17	320571	104
Mock_P09_2	17	320571	72
Mock_P09_2	17	320571	18
Mock_P09_2	17	320571	31
Mock_P09_2	17	320571	69
Mock_P09_2	17	320571	181
Mock_P09_2	17	320571	101
Mock_P09_2	17	320571	23
Mock_P09_2	17	320571	94
Mock_P09_2	17	320571	38
Mock_P09_2	17	320571	32
Mock_P09_2	17	320571	86
Mock_P09_2	17	320571	103
Mock_P09_2	17	320571	96
Mock_P09_2	17	320571	113
Mock_P09_2	17	320571	114
Mock_P09_2	17	320571	104
Mock_P09_2	17	320571	53
Mock_P09_2	17	320571	99
Mock_P09_2	17	320571	113
Mock_P09_2	17	320571	111
Mock_P09_2	17	320571	120
Mock_P09_2	17	320571	75
Mock_P09_2	17	320571	99
Mock_P09_2	17	320571	94
Mock_P09_2	17	320571	90
Mock_P09_2	17	320571	52
Mock_P09_2	17	320571	60
Mock_P09_2	17	320571	116
Mock_P09_2	17	320571	92
Mock_P09_2	17	320571	89
Mock_P09_2	17	320571	116
Mock_P09_2	17	320571	106
Mock_P09_2	17	320571	49
Mock_P09_2	17	320571	198
Mock_P09_2	17	320571	128
Mock_P09_2	17	320571	21
Mock_P09_2	17	320571	46
Mock_P09_2	17	320571	48
Mock_P09_2	17	320571	73
Mock_P09_2	17	320571	57
Mock_P09_2	17	320571	76
Mock_P09_2	17	320571	139
Mock_P09_2	17	320571	79
Mock_P09_2	17	320571	85
Mock_P09_2	17	320571	84
Mock_P09_2	17	320571	110
Mock_P09_2	17	320571	108
Mock_P09_2	17	320571	434
Mock_P09_2	17	320571	93
Mock_P09_2	17	320571	111
Mock_P09_2	17	320571	271
Mock_P09_2	17	320571	122
Mock_P09_2	17	320571	69
Mock_P09_2	17	320571	104
Mock_P09_2	17	320571	80
Mock_P09_2	17	320571	97
Mock_P09_2	17	320571	70
Mock_P09_2	17	320571	70
Mock_P09_2	17	320571	126
Mock_P09_2	17	320571	252
Mock_P09_2	17	320571	157
Mock_P09_2	17	320571	270
Mock_P09_2	17	320571	86
Mock_P09_2	17	320571	62
Mock_P09_2	17	320571	13
Mock_P09_2	17	320571	95
Mock_P09_2	17	320571	92
Mock_P09_2	17	320571	268
Mock_P09_2	17	320571	49
Mock_P09_2	17	320571	115
Mock_P09_2	17	320571	62
Mock_P09_2	17	320571	10
Mock_P09_2	17	320571	121
Mock_P09_2	17	320571	43
Mock_P09_2	17	320571	120
Mock_P09_2	17	320571	121
Mock_P09_2	17	320571	53
Mock_P09_2	17	320571	104
Mock_P09_2	17	320571	204
Mock_P09_2	17	320571	83
Mock_P09_2	17	320571	129
Mock_P09_2	17	320571	30
Mock_P09_2	17	320571	59
Mock_P09_2	17	320571	27
Mock_P09_2	17	320571	89
Mock_P09_2	17	320571	56
Mock_P09_2	17	320571	57
Mock_P09_2	17	320571	50
Mock_P09_2	17	320571	35
Mock_P09_2	17	320571	66
Mock_P09_2	17	320571	97
Mock_P09_2	17	320571	77
Mock_P09_2	17	320571	184
Mock_P09_2	17	320571	108
Mock_P09_2	17	320571	44
Mock_P09_2	17	320571	24
Mock_P09_2	17	320571	164
Mock_P09_2	17	320571	86
Mock_P09_2	17	320571	94
Mock_P09_2	17	320571	34
Mock_P09_2	17	320571	49
Mock_P09_2	17	320571	90
Mock_P09_2	17	320571	78
Mock_P09_2	17	320571	234
Mock_P09_2	17	320571	124
Mock_P09_2	17	320571	105
Mock_P09_2	17	320571	88
Mock_P09_2	17	320571	109
Mock_P09_2	17	320571	17
Mock_P09_2	17	320571	106
Mock_P09_2	17	320571	63
Mock_P09_2	17	320571	65
Mock_P09_2	17	320571	156
Mock_P09_2	17	320571	158
Mock_P09_2	17	320571	74
Mock_P09_2	17	320571	68
Mock_P09_2	18	299190	15
Mock_P09_2	18	299190	189
Mock_P09_2	18	299190	230
Mock_P09_2	18	299190	54
Mock_P09_2	18	299190	107
Mock_P09_2	18	299190	60
Mock_P09_2	18	299190	136
Mock_P09_2	18	299190	65
Mock_P09_2	18	299190	62
Mock_P09_2	18	299190	105
Mock_P09_2	18	299190	140
Mock_P09_2	18	299190	114
Mock_P09_2	18	299190	83
Mock_P09_2	18	299190	67
Mock_P09_2	18	299190	42
Mock_P09_2	18	299190	111
Mock_P09_2	18	299190	81
Mock_P09_2	18	299190	52
Mock_P09_2	18	299190	197
Mock_P09_2	18	299190	157
Mock_P09_2	18	299190	57
Mock_P09_2	18	299190	64
Mock_P09_2	18	299190	91
Mock_P09_2	18	299190	151
Mock_P09_2	18	299190	95
Mock_P09_2	18	299190	25
Mock_P09_2	18	299190	144
Mock_P09_2	18	299190	98
Mock_P09_2	18	299190	80
Mock_P09_2	18	299190	392
Mock_P09_2	18	299190	110
Mock_P09_2	18	299190	92
Mock_P09_2	18	299190	115
Mock_P09_2	18	299190	102
Mock_P09_2	18	299190	95
Mock_P09_2	18	299190	227
Mock_P09_2	18	299190	135
Mock_P09_2	18	299190	119
Mock_P09_2	18	299190	170
Mock_P09_2	18	299190	59
Mock_P09_2	18	299190	131
Mock_P09_2	18	299190	149
Mock_P09_2	18	299190	116
Mock_P09_2	18	299190	418
Mock_P09_2	18	299190	121
Mock_P09_2	18	299190	244
Mock_P09_2	18	299190	99
Mock_P09_2	18	299190	127
Mock_P09_2	18	299190	102
Mock_P09_2	18	299190	102
Mock_P09_2	18	299190	88
Mock_P09_2	18	299190	164
Mock_P09_2	18	299190	42
Mock_P09_2	18	299190	184
Mock_P09_2	18	299190	312
Mock_P09_2	18	299190	95
Mock_P09_2	18	299190	54
Mock_P09_2	18	299190	77
Mock_P09_2	18	299190	282
Mock_P09_2	18	299190	127
Mock_P09_2	18	299190	125
Mock_P09_2	18	299190	64
Mock_P09_2	18	299190	101
Mock_P09_2	18	299190	82
Mock_P09_2	18	299190	20
Mock_P09_2	18	299190	28
Mock_P09_2	18	299190	398
Mock_P09_2	18	299190	73
Mock_P09_2	18	299190	174
Mock_P09_2	18	299190	128
Mock_P09_2	18	299190	121
Mock_P09_2	18	299190	130
Mock_P09_2	18	299190	121
Mock_P09_2	18	299190	82
Mock_P09_2	18	299190	100
Mock_P09_2	18	299190	127
Mock_P09_2	18	299190	135
Mock_P09_2	18	299190	17
Mock_P09_2	18	299190	221
Mock_P09_2	18	299190	78
Mock_P09_2	18	299190	232
Mock_P09_2	18	299190	181
Mock_P09_2	18	299190	28
Mock_P09_2	18	299190	129
Mock_P09_2	18	299190	91
Mock_P09_2	18	299190	109
Mock_P09_2	18	299190	140
Mock_P09_2	18	299190	104
Mock_P09_2	18	299190	121
Mock_P09_2	18	299190	66
Mock_P09_2	18	299190	25
Mock_P09_2	18	299190	106
Mock_P09_2	18	299190	152
Mock_P09_2	18	299190	53
Mock_P09_2	18	299190	46
Mock_P09_2	18	299190	109
Mock_P09_2	18	299190	89
Mock_P09_2	18	299190	171
Mock_P09_2	18	299190	123
Mock_P09_2	18	299190	108
Mock_P09_2	18	299190	63
Mock_P09_2	18	299190	75
Mock_P09_2	18	299190	134
Mock_P09_2	18	299190	68
Mock_P09_2	18	299190	95
Mock_P09_2	18	299190	97
Mock_P09_2	18	299190	120
Mock_P09_2	18	299190	146
Mock_P09_2	18	299190	93
Mock_P09_2	18	299190	149
Mock_P09_2	18	299190	73
Mock_P09_2	18	299190	52
Mock_P09_2	18	299190	110
Mock_P09_2	18	299190	121
Mock_P09_2	18	299190	417
Mock_P09_2	18	299190	103
Mock_P09_2	18	299190	148
Mock_P09_2	18	299190	84
Mock_P09_2	18	299190	111
Mock_P09_2	18	299190	151
Mock_P09_2	18	299190	79
Mock_P09_2	18	299190	104
Mock_P09_2	18	299190	101
Mock_P09_2	18	299190	144
Mock_P09_2	18	299190	26
Mock_P09_2	18	299190	69
Mock_P09_2	18	299190	120
Mock_P09_2	18	299190	38
Mock_P09_2	18	299190	74
Mock_P09_2	18	299190	71
Mock_P09_2	18	299190	98
Mock_P09_2	18	299190	47
Mock_P09_2	18	299190	44
Mock_P09_2	18	299190	86
Mock_P09_2	18	299190	133
Mock_P09_2	18	299190	100
Mock_P09_2	18	299190	103
Mock_P09_2	18	299190	96
Mock_P09_2	18	299190	76
Mock_P09_2	18	299190	102
Mock_P09_2	18	299190	64
Mock_P09_2	18	299190	128
Mock_P09_2	18	299190	142
Mock_P09_2	18	299190	43
Mock_P09_2	18	299190	144
Mock_P09_2	18	299190	73
Mock_P09_2	18	299190	56
Mock_P09_2	19	286520	94
Mock_P09_2	19	286520	85
Mock_P09_2	19	286520	98
Mock_P09_2	19	286520	78
Mock_P09_2	19	286520	63
Mock_P09_2	19	286520	125
Mock_P09_2	19	286520	22
Mock_P09_2	19	286520	54
Mock_P09_2	19	286520	50
Mock_P09_2	19	286520	90
Mock_P09_2	19	286520	59
Mock_P09_2	19	286520	70
Mock_P09_2	19	286520	89
Mock_P09_2	19	286520	99
Mock_P09_2	19	286520	167
Mock_P09_2	19	286520	78
Mock_P09_2	19	286520	110
Mock_P09_2	19	286520	85
Mock_P09_2	19	286520	166
Mock_P09_2	19	286520	16
Mock_P09_2	19	286520	80
Mock_P09_2	19	286520	88
Mock_P09_2	19	286520	86
Mock_P09_2	19	286520	53
Mock_P09_2	19	286520	112
Mock_P09_2	19	286520	103
Mock_P09_2	19	286520	122
Mock_P09_2	19	286520	75
Mock_P09_2	19	286520	101
Mock_P09_2	19	286520	147
Mock_P09_2	19	286520	107
Mock_P09_2	19	286520	101
Mock_P09_2	19	286520	57
Mock_P09_2	19	286520	96
Mock_P09_2	19	286520	71
Mock_P09_2	19	286520	42
Mock_P09_2	19	286520	36
Mock_P09_2	19	286520	98
Mock_P09_2	19	286520	205
Mock_P09_2	19	286520	123
Mock_P09_2	19	286520	191
Mock_P09_2	19	286520	129
Mock_P09_2	19	286520	29
Mock_P09_2	19	286520	148
Mock_P09_2	19	286520	90
Mock_P09_2	19	286520	81
Mock_P09_2	19	286520	124
Mock_P09_2	19	286520	121
Mock_P09_2	19	286520	172
Mock_P09_2	19	286520	90
Mock_P09_2	19	286520	147
Mock_P09_2	19	286520	117
Mock_P09_2	19	286520	52
Mock_P09_2	19	286520	65
Mock_P09_2	19	286520	126
Mock_P09_2	19	286520	136
Mock_P09_2	19	286520	55
Mock_P09_2	19	286520	52
Mock_P09_2	19	286520	86
Mock_P09_2	19	286520	67
Mock_P09_2	19	286520	72
Mock_P09_2	19	286520	114
Mock_P09_2	19	286520	83
Mock_P09_2	19	286520	24
Mock_P09_2	19	286520	48
Mock_P09_2	19	286520	115
Mock_P09_2	19	286520	64
Mock_P09_2	19	286520	91
Mock_P09_2	19	286520	50
Mock_P09_2	19	286520	113
Mock_P09_2	19	286520	114
Mock_P09_2	19	286520	98
Mock_P09_2	19	286520	15
Mock_P09_2	19	286520	87
Mock_P09_2	19	286520	361
Mock_P09_2	19	286520	68
Mock_P09_2	19	286520	80
Mock_P09_2	19	286520	37
Mock_P09_2	19	286520	140
Mock_P09_2	19	286520	77
Mock_P09_2	19	286520	59
Mock_P09_2	19	286520	114
Mock_P09_2	19	286520	34
Mock_P09_2	19	286520	136
Mock_P09_2	19	286520	123
Mock_P09_2	19	286520	43
Mock_P09_2	19	286520	60
Mock_P09_2	19	286520	46
Mock_P09_2	19	286520	30
Mock_P09_2	19	286520	57
Mock_P09_2	19	286520	28
Mock_P09_2	19	286520	76
Mock_P09_2	19	286520	47
Mock_P09_2	19	286520	61
Mock_P09_2	19	286520	81
Mock_P09_2	19	286520	85
Mock_P09_2	19	286520	35
Mock_P09_2	19	286520	36
Mock_P09_2	19	286520	113
Mock_P09_2	19	286520	94
Mock_P09_2	19	286520	63
Mock_P09_2	19	286520	55
Mock_P09_2	19	286520	33
Mock_P09_2	19	286520	104
Mock_P09_2	19	286520	107
Mock_P09_2	19	286520	23
Mock_P09_2	19	286520	94
Mock_P09_2	19	286520	60
Mock_P09_2	19	286520	85
Mock_P09_2	19	286520	60
Mock_P09_2	19	286520	68
Mock_P09_2	19	286520	79
Mock_P09_2	19	286520	68
Mock_P09_2	19	286520	99
Mock_P09_2	19	286520	58
Mock_P09_2	19	286520	88
Mock_P09_2	19	286520	104
Mock_P09_2	19	286520	58
Mock_P09_2	19	286520	109
Mock_P09_2	19	286520	65
Mock_P09_2	19	286520	54
Mock_P09_2	19	286520	48
Mock_P09_2	19	286520	74
Mock_P09_2	19	286520	169
Mock_P09_2	19	286520	109
Mock_P09_2	20	175933	2631
Mock_P09_2	20	175933	21
Mock_P09_2	20	175933	32
Mock_P09_2	20	175933	48
Mock_P09_2	20	175933	42
Mock_P09_2	20	175933	47
Mock_P09_2	20	175933	66
Mock_P09_2	20	175933	92
Mock_P09_2	20	175933	86
Mock_P09_2	20	175933	71
Mock_P09_2	20	175933	92
Mock_P09_2	20	175933	68
Mock_P09_2	20	175933	62
Mock_P09_2	20	175933	75
Mock_P09_2	20	175933	35
Mock_P09_2	20	175933	44
Mock_P09_2	20	175933	103
Mock_P09_2	20	175933	85
Mock_P09_2	20	175933	96
Mock_P09_2	20	175933	65
Mock_P09_2	20	175933	117
Mock_P09_2	20	175933	62
Mock_P09_2	20	175933	104
Mock_P09_2	20	175933	22
Mock_P09_2	20	175933	191
Mock_P09_2	20	175933	38
Mock_P09_2	20	175933	20
Mock_P09_2	20	175933	139
Mock_P09_2	20	175933	84
Mock_P09_2	20	175933	83
Mock_P09_2	20	175933	59
Mock_P09_2	20	175933	18
Mock_P09_2	20	175933	82
Mock_P09_2	20	175933	104
Mock_P09_2	20	175933	91
Mock_P09_2	20	175933	18
Mock_P09_2	20	175933	11
Mock_P09_2	20	175933	22
Mock_P09_2	20	175933	234
Mock_P09_2	20	175933	31
Mock_P09_2	20	175933	44
Mock_P09_2	20	175933	95
Mock_P09_2	20	175933	23
Mock_P09_2	20	175933	62
Mock_P09_2	20	175933	26
Mock_P09_2	20	175933	79
Mock_P09_2	20	175933	41
Mock_P09_2	20	175933	188
Mock_P09_2	20	175933	17
Mock_P09_2	20	175933	72
Mock_P09_2	20	175933	39
Mock_P09_2	20	175933	14
Mock_P09_2	20	175933	38
Mock_P09_2	21	345175	82
Mock_P09_2	21	345175	86
Mock_P09_2	21	345175	107
Mock_P09_2	21	345175	229
Mock_P09_2	21	345175	163
Mock_P09_2	21	345175	128
Mock_P09_2	21	345175	407
Mock_P09_2	21	345175	136
Mock_P09_2	21	345175	148
Mock_P09_2	21	345175	98
Mock_P09_2	21	345175	233
Mock_P09_2	21	345175	91
Mock_P09_2	21	345175	111
Mock_P09_2	21	345175	123
Mock_P09_2	21	345175	78
Mock_P09_2	21	345175	94
Mock_P09_2	21	345175	147
Mock_P09_2	21	345175	247
Mock_P09_2	21	345175	154
Mock_P09_2	21	345175	186
Mock_P09_2	21	345175	134
Mock_P09_2	21	345175	96
Mock_P09_2	21	345175	92
Mock_P09_2	21	345175	95
Mock_P09_2	21	345175	105
Mock_P09_2	21	345175	94
Mock_P09_2	21	345175	137
Mock_P09_2	21	345175	111
Mock_P09_2	21	345175	99
Mock_P09_2	21	345175	67
Mock_P09_2	21	345175	237
Mock_P09_2	21	345175	301
Mock_P09_2	21	345175	93
Mock_P09_2	21	345175	182
Mock_P09_2	21	345175	94
Mock_P09_2	21	345175	89
Mock_P09_2	21	345175	118
Mock_P09_2	21	345175	119
Mock_P09_2	21	345175	173
Mock_P09_2	21	345175	126
Mock_P09_2	21	345175	120
Mock_P09_2	21	345175	20
Mock_P09_2	21	345175	118
Mock_P09_2	21	345175	82
Mock_P09_2	21	345175	367
Mock_P09_2	21	345175	169
Mock_P09_2	21	345175	76
Mock_P09_2	21	345175	257
Mock_P09_2	21	345175	132
Mock_P09_2	21	345175	134
Mock_P09_2	21	345175	118
Mock_P09_2	21	345175	121
Mock_P09_2	21	345175	111
Mock_P09_2	21	345175	315
Mock_P09_2	21	345175	106
Mock_P09_2	21	345175	94
Mock_P09_2	21	345175	80
Mock_P09_2	21	345175	86
Mock_P09_2	21	345175	101
Mock_P09_2	21	345175	121
Mock_P09_2	21	345175	209
Mock_P09_2	21	345175	53
Mock_P09_2	21	345175	147
Mock_P09_2	21	345175	61
Mock_P09_2	21	345175	69
Mock_P09_2	21	345175	85
Mock_P09_2	21	345175	105
Mock_P09_2	21	345175	167
Mock_P09_2	21	345175	122
Mock_P09_2	21	345175	96
Mock_P09_2	21	345175	77
Mock_P09_2	21	345175	231
Mock_P09_2	21	345175	220
Mock_P09_2	21	345175	181
Mock_P09_2	21	345175	174
Mock_P09_2	21	345175	97
Mock_P09_2	21	345175	82
Mock_P09_2	21	345175	111
Mock_P09_2	21	345175	139
Mock_P09_2	21	345175	93
Mock_P09_2	21	345175	119
Mock_P09_2	21	345175	123
Mock_P09_2	21	345175	250
Mock_P09_2	21	345175	101
Mock_P09_2	21	345175	454
Mock_P09_2	21	345175	61
Mock_P09_2	21	345175	123
Mock_P09_2	21	345175	146
Mock_P09_2	21	345175	273
Mock_P09_2	21	345175	75
Mock_P09_2	21	345175	169
Mock_P09_2	21	345175	94
Mock_P09_2	21	345175	159
Mock_P09_2	21	345175	133
Mock_P09_2	21	345175	132
Mock_P09_2	21	345175	194
Mock_P09_2	21	345175	61
Mock_P09_2	21	345175	103
Mock_P09_2	21	345175	560
Mock_P09_2	21	345175	57
Mock_P09_2	21	345175	107
Mock_P09_2	21	345175	64
Mock_P09_2	21	345175	157
Mock_P09_2	21	345175	144
Mock_P09_2	21	345175	117
Mock_P09_2	21	345175	112
Mock_P09_2	21	345175	162
Mock_P09_2	21	345175	157
Mock_P09_2	21	345175	148
Mock_P09_2	21	345175	225
Mock_P09_2	21	345175	169
Mock_P09_2	21	345175	70
Mock_P09_2	21	345175	140
Mock_P09_2	21	345175	105
Mock_P09_2	21	345175	74
Mock_P09_2	21	345175	89
Mock_P09_2	21	345175	178
Mock_P09_2	21	345175	120
Mock_P09_2	21	345175	66
Mock_P09_2	21	345175	91
Mock_P09_2	21	345175	103
Mock_P09_2	21	345175	64
Mock_P09_2	21	345175	112
Mock_P09_2	21	345175	111
Mock_P09_2	21	345175	51
Mock_P09_2	21	345175	108
Mock_P09_2	21	345175	72
Mock_P09_2	21	345175	163
Mock_P09_2	21	345175	113
Mock_P09_2	21	345175	126
Mock_P09_2	21	345175	104
Mock_P09_2	21	345175	137
Mock_P09_2	21	345175	103
Mock_P09_2	21	345175	133
Mock_P09_2	21	345175	118
Mock_P09_2	21	345175	93
Mock_P09_2	21	345175	90
Mock_P09_2	21	345175	62
Mock_P09_2	21	345175	84
Mock_P09_2	21	345175	166
Mock_P09_2	21	345175	48
Mock_P09_2	21	345175	117
Mock_P09_2	21	345175	94
Mock_P09_2	21	345175	107
Mock_P09_2	22	324848	60
Mock_P09_2	22	324848	97
Mock_P09_2	22	324848	51
Mock_P09_2	22	324848	174
Mock_P09_2	22	324848	101
Mock_P09_2	22	324848	392
Mock_P09_2	22	324848	80
Mock_P09_2	22	324848	113
Mock_P09_2	22	324848	135
Mock_P09_2	22	324848	74
Mock_P09_2	22	324848	41
Mock_P09_2	22	324848	109
Mock_P09_2	22	324848	65
Mock_P09_2	22	324848	211
Mock_P09_2	22	324848	181
Mock_P09_2	22	324848	100
Mock_P09_2	22	324848	76
Mock_P09_2	22	324848	160
Mock_P09_2	22	324848	80
Mock_P09_2	22	324848	103
Mock_P09_2	22	324848	86
Mock_P09_2	22	324848	107
Mock_P09_2	22	324848	66
Mock_P09_2	22	324848	104
Mock_P09_2	22	324848	202
Mock_P09_2	22	324848	205
Mock_P09_2	22	324848	106
Mock_P09_2	22	324848	97
Mock_P09_2	22	324848	62
Mock_P09_2	22	324848	279
Mock_P09_2	22	324848	86
Mock_P09_2	22	324848	92
Mock_P09_2	22	324848	68
Mock_P09_2	22	324848	72
Mock_P09_2	22	324848	68
Mock_P09_2	22	324848	39
Mock_P09_2	22	324848	258
Mock_P09_2	22	324848	82
Mock_P09_2	22	324848	128
Mock_P09_2	22	324848	82
Mock_P09_2	22	324848	66
Mock_P09_2	22	324848	140
Mock_P09_2	22	324848	108
Mock_P09_2	22	324848	73
Mock_P09_2	22	324848	72
Mock_P09_2	22	324848	109
Mock_P09_2	22	324848	108
Mock_P09_2	22	324848	43
Mock_P09_2	22	324848	97
Mock_P09_2	22	324848	49
Mock_P09_2	22	324848	63
Mock_P09_2	22	324848	80
Mock_P09_2	22	324848	86
Mock_P09_2	22	324848	134
Mock_P09_2	22	324848	164
Mock_P09_2	22	324848	96
Mock_P09_2	22	324848	17
Mock_P09_2	22	324848	121
Mock_P09_2	22	324848	61
Mock_P09_2	22	324848	90
Mock_P09_2	22	324848	71
Mock_P09_2	22	324848	68
Mock_P09_2	22	324848	153
Mock_P09_2	22	324848	35
Mock_P09_2	22	324848	52
Mock_P09_2	22	324848	104
Mock_P09_2	22	324848	29
Mock_P09_2	22	324848	42
Mock_P09_2	22	324848	37
Mock_P09_2	22	324848	59
Mock_P09_2	22	324848	104
Mock_P09_2	22	324848	150
Mock_P09_2	22	324848	77
Mock_P09_2	22	324848	199
Mock_P09_2	22	324848	88
Mock_P09_2	22	324848	81
Mock_P09_2	22	324848	75
Mock_P09_2	22	324848	59
Mock_P09_2	22	324848	93
Mock_P09_2	22	324848	58
Mock_P09_2	22	324848	98
Mock_P09_2	22	324848	60
Mock_P09_2	22	324848	70
Mock_P09_2	22	324848	17
Mock_P09_2	22	324848	79
Mock_P09_2	22	324848	108
Mock_P09_2	22	324848	85
Mock_P09_2	22	324848	93
Mock_P09_2	22	324848	119
Mock_P09_2	22	324848	237
Mock_P09_2	22	324848	53
Mock_P09_2	22	324848	75
Mock_P09_2	22	324848	67
Mock_P09_2	22	324848	215
Mock_P09_2	22	324848	130
Mock_P09_2	22	324848	98
Mock_P09_2	22	324848	106
Mock_P09_2	22	324848	157
Mock_P09_2	22	324848	94
Mock_P09_2	22	324848	111
Mock_P09_2	22	324848	580
Mock_P09_2	22	324848	100
Mock_P09_2	22	324848	28
Mock_P09_2	22	324848	70
Mock_P09_2	22	324848	69
Mock_P09_2	22	324848	128
Mock_P09_2	22	324848	89
Mock_P09_2	22	324848	94
Mock_P09_2	22	324848	93
Mock_P09_2	22	324848	82
Mock_P09_2	22	324848	60
Mock_P09_2	22	324848	16
Mock_P09_2	22	324848	68
Mock_P09_2	22	324848	63
Mock_P09_2	22	324848	120
Mock_P09_2	22	324848	94
Mock_P09_2	22	324848	34
Mock_P09_2	22	324848	135
Mock_P09_2	22	324848	334
Mock_P09_2	22	324848	32
Mock_P09_2	22	324848	62
Mock_P09_2	22	324848	136
Mock_P09_2	22	324848	240
Mock_P09_2	22	324848	67
Mock_P09_2	22	324848	64
Mock_P09_2	22	324848	77
Mock_P09_2	22	324848	90
Mock_P09_2	22	324848	68
Mock_P09_2	22	324848	67
Mock_P09_2	22	324848	59
Mock_P09_2	22	324848	126
Mock_P09_2	22	324848	11
Mock_P09_2	22	324848	170
Mock_P09_2	22	324848	159
Mock_P09_2	22	324848	147
Mock_P09_2	22	324848	125
Mock_P09_2	22	324848	325
Mock_P09_2	22	324848	107
Mock_P09_2	22	324848	105
Mock_P09_2	22	324848	102
Mock_P09_2	22	324848	102
Mock_P09_2	22	324848	117
Mock_P09_2	22	324848	13
Mock_P09_2	22	324848	101
Mock_P09_2	22	324848	70
Mock_P09_2	22	324848	109
Mock_P09_2	22	324848	102
Mock_P09_2	22	324848	100
Mock_P09_2	22	324848	71
Mock_P09_2	22	324848	117
Mock_P09_2	22	324848	85
Mock_P09_2	22	324848	27
Mock_P09_2	23	241477	54
Mock_P09_2	23	241477	55
Mock_P09_2	23	241477	87
Mock_P09_2	23	241477	78
Mock_P09_2	23	241477	82
Mock_P09_2	23	241477	95
Mock_P09_2	23	241477	67
Mock_P09_2	23	241477	31
Mock_P09_2	23	241477	18
Mock_P09_2	23	241477	12
Mock_P09_2	23	241477	66
Mock_P09_2	23	241477	67
Mock_P09_2	23	241477	78
Mock_P09_2	23	241477	164
Mock_P09_2	23	241477	62
Mock_P09_2	23	241477	15
Mock_P09_2	23	241477	52
Mock_P09_2	23	241477	69
Mock_P09_2	23	241477	104
Mock_P09_2	23	241477	167
Mock_P09_2	23	241477	63
Mock_P09_2	23	241477	65
Mock_P09_2	23	241477	117
Mock_P09_2	23	241477	36
Mock_P09_2	23	241477	71
Mock_P09_2	23	241477	92
Mock_P09_2	23	241477	94
Mock_P09_2	23	241477	101
Mock_P09_2	23	241477	145
Mock_P09_2	23	241477	81
Mock_P09_2	23	241477	87
Mock_P09_2	23	241477	109
Mock_P09_2	23	241477	72
Mock_P09_2	23	241477	99
Mock_P09_2	23	241477	78
Mock_P09_2	23	241477	35
Mock_P09_2	23	241477	28
Mock_P09_2	23	241477	99
Mock_P09_2	23	241477	95
Mock_P09_2	23	241477	66
Mock_P09_2	23	241477	61
Mock_P09_2	23	241477	115
Mock_P09_2	23	241477	221
Mock_P09_2	23	241477	57
Mock_P09_2	23	241477	43
Mock_P09_2	23	241477	99
Mock_P09_2	23	241477	89
Mock_P09_2	23	241477	45
Mock_P09_2	23	241477	39
Mock_P09_2	23	241477	114
Mock_P09_2	23	241477	80
Mock_P09_2	23	241477	97
Mock_P09_2	23	241477	69
Mock_P09_2	23	241477	68
Mock_P09_2	23	241477	10
Mock_P09_2	23	241477	113
Mock_P09_2	23	241477	37
Mock_P09_2	23	241477	25
Mock_P09_2	23	241477	146
Mock_P09_2	23	241477	48
Mock_P09_2	23	241477	72
Mock_P09_2	23	241477	78
Mock_P09_2	23	241477	150
Mock_P09_2	23	241477	25
Mock_P09_2	23	241477	135
Mock_P09_2	23	241477	42
Mock_P09_2	23	241477	104
Mock_P09_2	23	241477	57
Mock_P09_2	23	241477	43
Mock_P09_2	23	241477	38
Mock_P09_2	23	241477	37
Mock_P09_2	23	241477	78
Mock_P09_2	23	241477	87
Mock_P09_2	23	241477	84
Mock_P09_2	23	241477	130
Mock_P09_2	23	241477	47
Mock_P09_2	23	241477	83
Mock_P09_2	23	241477	70
Mock_P09_2	23	241477	94
Mock_P09_2	23	241477	74
Mock_P09_2	23	241477	70
Mock_P09_2	23	241477	603
Mock_P09_2	23	241477	76
Mock_P09_2	23	241477	105
Mock_P09_2	23	241477	120
Mock_P09_2	23	241477	97
Mock_P09_2	23	241477	37
Mock_P09_2	23	241477	57
Mock_P09_2	23	241477	94
Mock_P09_2	23	241477	163
Mock_P09_2	23	241477	225
Mock_P09_2	23	241477	161
Mock_P09_2	23	241477	201
Mock_P09_2	23	241477	132
Mock_P09_2	23	241477	52
Mock_P09_2	23	241477	78
Mock_P09_2	23	241477	165
Mock_P09_2	23	241477	169
Mock_P09_2	23	241477	86
Mock_P09_2	23	241477	93
Mock_P09_2	23	241477	93
Mock_P09_2	23	241477	78
Mock_P09_2	23	241477	106
Mock_P09_2	23	241477	100
Mock_P09_2	23	241477	18
Mock_P09_2	24	190672	130
Mock_P09_2	24	190672	60
Mock_P09_2	24	190672	185
Mock_P09_2	24	190672	159
Mock_P09_2	24	190672	107
Mock_P09_2	24	190672	169
Mock_P09_2	24	190672	262
Mock_P09_2	24	190672	101
Mock_P09_2	24	190672	114
Mock_P09_2	24	190672	153
Mock_P09_2	24	190672	133
Mock_P09_2	24	190672	164
Mock_P09_2	24	190672	114
Mock_P09_2	24	190672	122
Mock_P09_2	24	190672	96
Mock_P09_2	24	190672	313
Mock_P09_2	24	190672	41
Mock_P09_2	24	190672	251
Mock_P09_2	24	190672	144
Mock_P09_2	24	190672	112
Mock_P09_2	24	190672	104
Mock_P09_2	24	190672	347
Mock_P09_2	24	190672	130
Mock_P09_2	24	190672	176
Mock_P09_2	24	190672	122
Mock_P09_2	24	190672	136
Mock_P09_2	24	190672	84
Mock_P09_2	24	190672	81
Mock_P09_2	24	190672	95
Mock_P09_2	24	190672	234
Mock_P09_2	24	190672	68
Mock_P09_2	24	190672	60
Mock_P09_2	24	190672	65
Mock_P09_2	24	190672	29
Mock_P09_2	24	190672	88
Mock_P09_2	24	190672	125
Mock_P09_2	24	190672	168
Mock_P09_2	24	190672	156
Mock_P09_2	24	190672	113
Mock_P09_2	24	190672	122
Mock_P09_2	24	190672	78
Mock_P09_2	24	190672	168
Mock_P09_2	24	190672	281
Mock_P09_2	24	190672	270
Mock_P09_2	24	190672	82
Mock_P09_2	24	190672	124
Mock_P09_2	24	190672	107
Mock_P09_2	24	190672	74
Mock_P09_2	24	190672	73
Mock_P09_2	24	190672	100
Mock_P09_2	24	190672	74
Mock_P09_2	24	190672	24
Mock_P09_2	24	190672	105
Mock_P09_2	24	190672	77
Mock_P09_2	24	190672	60
Mock_P09_2	24	190672	86
