fichier	leaf	surfaceLeaf	surfaceLesion
Mock_P06_2	1	265048	81
Mock_P06_2	1	265048	95
Mock_P06_2	1	265048	96
Mock_P06_2	1	265048	164
Mock_P06_2	1	265048	35
Mock_P06_2	1	265048	366
Mock_P06_2	1	265048	116
Mock_P06_2	1	265048	60
Mock_P06_2	1	265048	129
Mock_P06_2	1	265048	87
Mock_P06_2	1	265048	225
Mock_P06_2	1	265048	41
Mock_P06_2	1	265048	110
Mock_P06_2	1	265048	181
Mock_P06_2	1	265048	54
Mock_P06_2	1	265048	255
Mock_P06_2	1	265048	158
Mock_P06_2	1	265048	81
Mock_P06_2	1	265048	128
Mock_P06_2	1	265048	197
Mock_P06_2	1	265048	85
Mock_P06_2	1	265048	125
Mock_P06_2	1	265048	78
Mock_P06_2	1	265048	49
Mock_P06_2	1	265048	34
Mock_P06_2	1	265048	115
Mock_P06_2	1	265048	46
Mock_P06_2	1	265048	78
Mock_P06_2	1	265048	113
Mock_P06_2	1	265048	327
Mock_P06_2	1	265048	76
Mock_P06_2	1	265048	31
Mock_P06_2	1	265048	56
Mock_P06_2	1	265048	54
Mock_P06_2	1	265048	22
Mock_P06_2	1	265048	40
Mock_P06_2	1	265048	189
Mock_P06_2	1	265048	60
Mock_P06_2	1	265048	159
Mock_P06_2	1	265048	49
Mock_P06_2	1	265048	71
Mock_P06_2	1	265048	88
Mock_P06_2	1	265048	56
Mock_P06_2	1	265048	73
Mock_P06_2	1	265048	47
Mock_P06_2	1	265048	88
Mock_P06_2	1	265048	177
Mock_P06_2	1	265048	26
Mock_P06_2	1	265048	128
Mock_P06_2	1	265048	70
Mock_P06_2	1	265048	60
Mock_P06_2	1	265048	50
Mock_P06_2	1	265048	81
Mock_P06_2	1	265048	78
Mock_P06_2	1	265048	35
Mock_P06_2	1	265048	51
Mock_P06_2	1	265048	90
Mock_P06_2	1	265048	51
Mock_P06_2	1	265048	230
Mock_P06_2	1	265048	65
Mock_P06_2	1	265048	98
Mock_P06_2	1	265048	93
Mock_P06_2	1	265048	122
Mock_P06_2	1	265048	210
Mock_P06_2	1	265048	61
Mock_P06_2	1	265048	54
Mock_P06_2	1	265048	122
Mock_P06_2	1	265048	168
Mock_P06_2	1	265048	103
Mock_P06_2	1	265048	249
Mock_P06_2	1	265048	105
Mock_P06_2	1	265048	41
Mock_P06_2	1	265048	298
Mock_P06_2	1	265048	59
Mock_P06_2	1	265048	305
Mock_P06_2	1	265048	95
Mock_P06_2	1	265048	132
Mock_P06_2	1	265048	73
Mock_P06_2	1	265048	84
Mock_P06_2	1	265048	71
Mock_P06_2	1	265048	62
Mock_P06_2	1	265048	204
Mock_P06_2	1	265048	77
Mock_P06_2	1	265048	63
Mock_P06_2	1	265048	136
Mock_P06_2	1	265048	79
Mock_P06_2	1	265048	129
Mock_P06_2	1	265048	149
Mock_P06_2	1	265048	191
Mock_P06_2	1	265048	108
Mock_P06_2	1	265048	202
Mock_P06_2	1	265048	278
Mock_P06_2	1	265048	102
Mock_P06_2	1	265048	102
Mock_P06_2	1	265048	143
Mock_P06_2	1	265048	79
Mock_P06_2	1	265048	127
Mock_P06_2	1	265048	88
Mock_P06_2	1	265048	84
Mock_P06_2	1	265048	136
Mock_P06_2	1	265048	35
Mock_P06_2	1	265048	87
Mock_P06_2	1	265048	92
Mock_P06_2	1	265048	271
Mock_P06_2	1	265048	125
Mock_P06_2	1	265048	98
Mock_P06_2	1	265048	54
Mock_P06_2	1	265048	204
Mock_P06_2	1	265048	83
Mock_P06_2	1	265048	142
Mock_P06_2	1	265048	110
Mock_P06_2	1	265048	111
Mock_P06_2	1	265048	85
Mock_P06_2	1	265048	113
Mock_P06_2	1	265048	61
Mock_P06_2	1	265048	98
Mock_P06_2	1	265048	86
Mock_P06_2	1	265048	95
Mock_P06_2	1	265048	212
Mock_P06_2	1	265048	93
Mock_P06_2	1	265048	127
Mock_P06_2	1	265048	116
Mock_P06_2	1	265048	95
Mock_P06_2	1	265048	117
Mock_P06_2	1	265048	374
Mock_P06_2	1	265048	245
Mock_P06_2	1	265048	87
Mock_P06_2	1	265048	189
Mock_P06_2	1	265048	101
Mock_P06_2	1	265048	103
Mock_P06_2	1	265048	102
Mock_P06_2	1	265048	406
Mock_P06_2	1	265048	110
Mock_P06_2	1	265048	84
Mock_P06_2	1	265048	114
Mock_P06_2	1	265048	94
Mock_P06_2	1	265048	93
Mock_P06_2	1	265048	40
Mock_P06_2	1	265048	112
Mock_P06_2	1	265048	55
Mock_P06_2	1	265048	146
Mock_P06_2	1	265048	89
Mock_P06_2	1	265048	113
Mock_P06_2	1	265048	57
Mock_P06_2	1	265048	126
Mock_P06_2	1	265048	183
Mock_P06_2	1	265048	16
Mock_P06_2	1	265048	114
Mock_P06_2	1	265048	120
Mock_P06_2	1	265048	130
Mock_P06_2	1	265048	84
Mock_P06_2	1	265048	94
Mock_P06_2	1	265048	99
Mock_P06_2	1	265048	105
Mock_P06_2	1	265048	153
Mock_P06_2	1	265048	165
Mock_P06_2	1	265048	214
Mock_P06_2	1	265048	59
Mock_P06_2	1	265048	65
Mock_P06_2	1	265048	81
Mock_P06_2	1	265048	101
Mock_P06_2	1	265048	305
Mock_P06_2	1	265048	124
Mock_P06_2	1	265048	29
Mock_P06_2	1	265048	134
Mock_P06_2	1	265048	62
Mock_P06_2	1	265048	102
Mock_P06_2	1	265048	191
Mock_P06_2	1	265048	142
Mock_P06_2	1	265048	113
Mock_P06_2	1	265048	63
Mock_P06_2	1	265048	159
Mock_P06_2	1	265048	98
Mock_P06_2	1	265048	23
Mock_P06_2	1	265048	66
Mock_P06_2	2	184771	110
Mock_P06_2	2	184771	193
Mock_P06_2	2	184771	138
Mock_P06_2	2	184771	122
Mock_P06_2	2	184771	118
Mock_P06_2	2	184771	115
Mock_P06_2	2	184771	263
Mock_P06_2	2	184771	51
Mock_P06_2	2	184771	66
Mock_P06_2	2	184771	95
Mock_P06_2	2	184771	41
Mock_P06_2	2	184771	50
Mock_P06_2	2	184771	63
Mock_P06_2	2	184771	17
Mock_P06_2	2	184771	96
Mock_P06_2	2	184771	95
Mock_P06_2	2	184771	69
Mock_P06_2	2	184771	211
Mock_P06_2	2	184771	88
Mock_P06_2	2	184771	186
Mock_P06_2	2	184771	111
Mock_P06_2	2	184771	121
Mock_P06_2	2	184771	108
Mock_P06_2	2	184771	141
Mock_P06_2	2	184771	101
Mock_P06_2	2	184771	228
Mock_P06_2	2	184771	109
Mock_P06_2	2	184771	194
Mock_P06_2	2	184771	112
Mock_P06_2	2	184771	138
Mock_P06_2	2	184771	86
Mock_P06_2	2	184771	112
Mock_P06_2	2	184771	75
Mock_P06_2	2	184771	182
Mock_P06_2	2	184771	116
Mock_P06_2	2	184771	126
Mock_P06_2	2	184771	181
Mock_P06_2	2	184771	59
Mock_P06_2	2	184771	79
Mock_P06_2	2	184771	166
Mock_P06_2	2	184771	60
Mock_P06_2	2	184771	98
Mock_P06_2	2	184771	42
Mock_P06_2	2	184771	116
Mock_P06_2	2	184771	126
Mock_P06_2	2	184771	173
Mock_P06_2	2	184771	283
Mock_P06_2	2	184771	104
Mock_P06_2	2	184771	99
Mock_P06_2	2	184771	81
Mock_P06_2	2	184771	224
Mock_P06_2	2	184771	90
Mock_P06_2	2	184771	67
Mock_P06_2	2	184771	103
Mock_P06_2	2	184771	94
Mock_P06_2	2	184771	192
Mock_P06_2	2	184771	89
Mock_P06_2	2	184771	197
Mock_P06_2	2	184771	88
Mock_P06_2	2	184771	95
Mock_P06_2	2	184771	55
Mock_P06_2	2	184771	133
Mock_P06_2	2	184771	92
Mock_P06_2	2	184771	62
Mock_P06_2	2	184771	71
Mock_P06_2	2	184771	61
Mock_P06_2	2	184771	108
Mock_P06_2	2	184771	84
Mock_P06_2	2	184771	139
Mock_P06_2	2	184771	290
Mock_P06_2	2	184771	101
Mock_P06_2	2	184771	92
Mock_P06_2	2	184771	299
Mock_P06_2	2	184771	109
Mock_P06_2	2	184771	64
Mock_P06_2	2	184771	22
Mock_P06_2	2	184771	110
Mock_P06_2	2	184771	199
Mock_P06_2	2	184771	142
Mock_P06_2	2	184771	11
Mock_P06_2	2	184771	83
Mock_P06_2	2	184771	138
Mock_P06_2	2	184771	95
Mock_P06_2	2	184771	149
Mock_P06_2	2	184771	93
Mock_P06_2	2	184771	141
Mock_P06_2	2	184771	134
Mock_P06_2	2	184771	56
Mock_P06_2	2	184771	35
Mock_P06_2	2	184771	107
Mock_P06_2	2	184771	71
Mock_P06_2	2	184771	278
Mock_P06_2	2	184771	88
Mock_P06_2	2	184771	58
Mock_P06_2	2	184771	401
Mock_P06_2	2	184771	89
Mock_P06_2	2	184771	61
Mock_P06_2	2	184771	96
Mock_P06_2	2	184771	144
Mock_P06_2	2	184771	184
Mock_P06_2	2	184771	411
Mock_P06_2	2	184771	288
Mock_P06_2	2	184771	122
Mock_P06_2	2	184771	78
Mock_P06_2	2	184771	119
Mock_P06_2	2	184771	96
Mock_P06_2	2	184771	104
Mock_P06_2	2	184771	12
Mock_P06_2	2	184771	88
Mock_P06_2	2	184771	51
Mock_P06_2	2	184771	261
Mock_P06_2	2	184771	101
Mock_P06_2	2	184771	131
Mock_P06_2	2	184771	100
Mock_P06_2	2	184771	112
Mock_P06_2	2	184771	105
Mock_P06_2	2	184771	134
Mock_P06_2	2	184771	92
Mock_P06_2	2	184771	276
Mock_P06_2	2	184771	342
Mock_P06_2	2	184771	103
Mock_P06_2	2	184771	137
Mock_P06_2	2	184771	106
Mock_P06_2	2	184771	90
Mock_P06_2	2	184771	384
Mock_P06_2	2	184771	167
Mock_P06_2	2	184771	93
Mock_P06_2	2	184771	235
Mock_P06_2	2	184771	148
Mock_P06_2	2	184771	131
Mock_P06_2	2	184771	172
Mock_P06_2	2	184771	92
Mock_P06_2	2	184771	93
Mock_P06_2	2	184771	146
Mock_P06_2	2	184771	154
Mock_P06_2	3	310142	122
Mock_P06_2	3	310142	78
Mock_P06_2	3	310142	115
Mock_P06_2	3	310142	124
Mock_P06_2	3	310142	158
Mock_P06_2	3	310142	78
Mock_P06_2	3	310142	76
Mock_P06_2	3	310142	107
Mock_P06_2	3	310142	190
Mock_P06_2	3	310142	129
Mock_P06_2	3	310142	67
Mock_P06_2	3	310142	40
Mock_P06_2	3	310142	108
Mock_P06_2	3	310142	102
Mock_P06_2	3	310142	96
Mock_P06_2	3	310142	108
Mock_P06_2	3	310142	84
Mock_P06_2	3	310142	75
Mock_P06_2	3	310142	136
Mock_P06_2	3	310142	107
Mock_P06_2	3	310142	73
Mock_P06_2	3	310142	115
Mock_P06_2	3	310142	127
Mock_P06_2	3	310142	118
Mock_P06_2	3	310142	70
Mock_P06_2	3	310142	100
Mock_P06_2	3	310142	140
Mock_P06_2	3	310142	90
Mock_P06_2	3	310142	69
Mock_P06_2	3	310142	146
Mock_P06_2	3	310142	118
Mock_P06_2	3	310142	448
Mock_P06_2	3	310142	147
Mock_P06_2	3	310142	86
Mock_P06_2	3	310142	87
Mock_P06_2	3	310142	182
Mock_P06_2	3	310142	48
Mock_P06_2	3	310142	210
Mock_P06_2	3	310142	96
Mock_P06_2	3	310142	66
Mock_P06_2	3	310142	93
Mock_P06_2	3	310142	101
Mock_P06_2	3	310142	89
Mock_P06_2	3	310142	66
Mock_P06_2	3	310142	85
Mock_P06_2	3	310142	160
Mock_P06_2	3	310142	18
Mock_P06_2	3	310142	66
Mock_P06_2	3	310142	547
Mock_P06_2	3	310142	93
Mock_P06_2	3	310142	109
Mock_P06_2	3	310142	75
Mock_P06_2	3	310142	124
Mock_P06_2	3	310142	65
Mock_P06_2	3	310142	47
Mock_P06_2	3	310142	63
Mock_P06_2	3	310142	124
Mock_P06_2	3	310142	148
Mock_P06_2	3	310142	195
Mock_P06_2	3	310142	150
Mock_P06_2	3	310142	108
Mock_P06_2	3	310142	120
Mock_P06_2	3	310142	215
Mock_P06_2	3	310142	291
Mock_P06_2	3	310142	100
Mock_P06_2	3	310142	191
Mock_P06_2	3	310142	123
Mock_P06_2	3	310142	149
Mock_P06_2	3	310142	102
Mock_P06_2	3	310142	100
Mock_P06_2	3	310142	308
Mock_P06_2	3	310142	200
Mock_P06_2	3	310142	178
Mock_P06_2	3	310142	262
Mock_P06_2	3	310142	134
Mock_P06_2	3	310142	348
Mock_P06_2	3	310142	103
Mock_P06_2	3	310142	132
Mock_P06_2	3	310142	93
Mock_P06_2	3	310142	292
Mock_P06_2	3	310142	153
Mock_P06_2	3	310142	115
Mock_P06_2	3	310142	118
Mock_P06_2	3	310142	218
Mock_P06_2	3	310142	84
Mock_P06_2	3	310142	998
Mock_P06_2	3	310142	573
Mock_P06_2	3	310142	196
Mock_P06_2	3	310142	172
Mock_P06_2	3	310142	96
Mock_P06_2	3	310142	169
Mock_P06_2	3	310142	113
Mock_P06_2	3	310142	186
Mock_P06_2	3	310142	129
Mock_P06_2	3	310142	105
Mock_P06_2	3	310142	235
Mock_P06_2	3	310142	206
Mock_P06_2	3	310142	131
Mock_P06_2	3	310142	105
Mock_P06_2	3	310142	138
Mock_P06_2	3	310142	194
Mock_P06_2	3	310142	562
Mock_P06_2	3	310142	54
Mock_P06_2	3	310142	77
Mock_P06_2	3	310142	158
Mock_P06_2	3	310142	121
Mock_P06_2	3	310142	123
Mock_P06_2	3	310142	84
Mock_P06_2	3	310142	198
Mock_P06_2	3	310142	10
Mock_P06_2	3	310142	140
Mock_P06_2	3	310142	49
Mock_P06_2	3	310142	151
Mock_P06_2	3	310142	87
Mock_P06_2	3	310142	118
Mock_P06_2	3	310142	102
Mock_P06_2	3	310142	270
Mock_P06_2	3	310142	101
Mock_P06_2	3	310142	71
Mock_P06_2	3	310142	99
Mock_P06_2	3	310142	160
Mock_P06_2	3	310142	94
Mock_P06_2	3	310142	122
Mock_P06_2	3	310142	88
Mock_P06_2	3	310142	140
Mock_P06_2	3	310142	37
Mock_P06_2	3	310142	94
Mock_P06_2	3	310142	153
Mock_P06_2	3	310142	115
Mock_P06_2	3	310142	172
Mock_P06_2	3	310142	78
Mock_P06_2	3	310142	55
Mock_P06_2	3	310142	83
Mock_P06_2	3	310142	93
Mock_P06_2	3	310142	67
Mock_P06_2	3	310142	42
Mock_P06_2	3	310142	162
Mock_P06_2	3	310142	99
Mock_P06_2	3	310142	67
Mock_P06_2	3	310142	162
Mock_P06_2	3	310142	123
Mock_P06_2	3	310142	165
Mock_P06_2	3	310142	120
Mock_P06_2	3	310142	74
Mock_P06_2	3	310142	22
Mock_P06_2	3	310142	70
Mock_P06_2	3	310142	151
Mock_P06_2	3	310142	87
Mock_P06_2	3	310142	145
Mock_P06_2	3	310142	114
Mock_P06_2	3	310142	96
Mock_P06_2	3	310142	73
Mock_P06_2	3	310142	91
Mock_P06_2	3	310142	232
Mock_P06_2	3	310142	96
Mock_P06_2	3	310142	54
Mock_P06_2	3	310142	96
Mock_P06_2	3	310142	98
Mock_P06_2	3	310142	380
Mock_P06_2	3	310142	184
Mock_P06_2	3	310142	41
Mock_P06_2	3	310142	75
Mock_P06_2	3	310142	53
Mock_P06_2	3	310142	39
Mock_P06_2	3	310142	84
Mock_P06_2	3	310142	111
Mock_P06_2	3	310142	284
Mock_P06_2	3	310142	25
Mock_P06_2	3	310142	182
Mock_P06_2	3	310142	138
Mock_P06_2	3	310142	83
Mock_P06_2	3	310142	109
Mock_P06_2	3	310142	102
Mock_P06_2	3	310142	70
Mock_P06_2	3	310142	114
Mock_P06_2	3	310142	88
Mock_P06_2	3	310142	121
Mock_P06_2	3	310142	246
Mock_P06_2	3	310142	63
Mock_P06_2	3	310142	34
Mock_P06_2	4	241887	118
Mock_P06_2	4	241887	84
Mock_P06_2	4	241887	83
Mock_P06_2	4	241887	150
Mock_P06_2	4	241887	129
Mock_P06_2	4	241887	95
Mock_P06_2	4	241887	85
Mock_P06_2	4	241887	102
Mock_P06_2	4	241887	115
Mock_P06_2	4	241887	97
Mock_P06_2	4	241887	107
Mock_P06_2	4	241887	208
Mock_P06_2	4	241887	152
Mock_P06_2	4	241887	116
Mock_P06_2	4	241887	103
Mock_P06_2	4	241887	164
Mock_P06_2	4	241887	147
Mock_P06_2	4	241887	341
Mock_P06_2	4	241887	108
Mock_P06_2	4	241887	94
Mock_P06_2	4	241887	125
Mock_P06_2	4	241887	84
Mock_P06_2	4	241887	183
Mock_P06_2	4	241887	127
Mock_P06_2	4	241887	162
Mock_P06_2	4	241887	119
Mock_P06_2	4	241887	129
Mock_P06_2	4	241887	68
Mock_P06_2	4	241887	147
Mock_P06_2	4	241887	115
Mock_P06_2	4	241887	388
Mock_P06_2	4	241887	167
Mock_P06_2	4	241887	207
Mock_P06_2	4	241887	93
Mock_P06_2	4	241887	112
Mock_P06_2	4	241887	424
Mock_P06_2	4	241887	120
Mock_P06_2	4	241887	186
Mock_P06_2	4	241887	139
Mock_P06_2	4	241887	76
Mock_P06_2	4	241887	114
Mock_P06_2	4	241887	132
Mock_P06_2	4	241887	114
Mock_P06_2	4	241887	69
Mock_P06_2	4	241887	115
Mock_P06_2	4	241887	128
Mock_P06_2	4	241887	152
Mock_P06_2	4	241887	327
Mock_P06_2	4	241887	92
Mock_P06_2	4	241887	142
Mock_P06_2	4	241887	90
Mock_P06_2	4	241887	257
Mock_P06_2	4	241887	96
Mock_P06_2	4	241887	214
Mock_P06_2	4	241887	250
Mock_P06_2	4	241887	278
Mock_P06_2	4	241887	216
Mock_P06_2	4	241887	214
Mock_P06_2	4	241887	60
Mock_P06_2	4	241887	110
Mock_P06_2	4	241887	168
Mock_P06_2	4	241887	86
Mock_P06_2	4	241887	76
Mock_P06_2	4	241887	96
Mock_P06_2	4	241887	143
Mock_P06_2	4	241887	197
Mock_P06_2	4	241887	175
Mock_P06_2	4	241887	146
Mock_P06_2	4	241887	224
Mock_P06_2	4	241887	92
Mock_P06_2	4	241887	122
Mock_P06_2	4	241887	77
Mock_P06_2	4	241887	92
Mock_P06_2	4	241887	123
Mock_P06_2	4	241887	113
Mock_P06_2	4	241887	273
Mock_P06_2	4	241887	122
Mock_P06_2	4	241887	259
Mock_P06_2	4	241887	224
Mock_P06_2	4	241887	264
Mock_P06_2	4	241887	128
Mock_P06_2	4	241887	68
Mock_P06_2	4	241887	89
Mock_P06_2	4	241887	40
Mock_P06_2	4	241887	99
Mock_P06_2	4	241887	53
Mock_P06_2	4	241887	91
Mock_P06_2	4	241887	135
Mock_P06_2	4	241887	87
Mock_P06_2	4	241887	87
Mock_P06_2	4	241887	267
Mock_P06_2	4	241887	14
Mock_P06_2	4	241887	67
Mock_P06_2	4	241887	156
Mock_P06_2	4	241887	61
Mock_P06_2	4	241887	152
Mock_P06_2	4	241887	71
Mock_P06_2	4	241887	70
Mock_P06_2	4	241887	67
Mock_P06_2	4	241887	102
Mock_P06_2	4	241887	114
Mock_P06_2	4	241887	121
Mock_P06_2	4	241887	150
Mock_P06_2	4	241887	152
Mock_P06_2	4	241887	89
Mock_P06_2	4	241887	140
Mock_P06_2	4	241887	302
Mock_P06_2	4	241887	135
Mock_P06_2	4	241887	117
Mock_P06_2	4	241887	113
Mock_P06_2	4	241887	107
Mock_P06_2	4	241887	91
Mock_P06_2	4	241887	144
Mock_P06_2	4	241887	143
Mock_P06_2	4	241887	90
Mock_P06_2	4	241887	195
Mock_P06_2	4	241887	157
Mock_P06_2	4	241887	28
Mock_P06_2	5	326092	81
Mock_P06_2	5	326092	63
Mock_P06_2	5	326092	33
Mock_P06_2	5	326092	111
Mock_P06_2	5	326092	58
Mock_P06_2	5	326092	94
Mock_P06_2	5	326092	43
Mock_P06_2	5	326092	269
Mock_P06_2	5	326092	115
Mock_P06_2	5	326092	96
Mock_P06_2	5	326092	99
Mock_P06_2	5	326092	74
Mock_P06_2	5	326092	122
Mock_P06_2	5	326092	56
Mock_P06_2	5	326092	38
Mock_P06_2	5	326092	84
Mock_P06_2	5	326092	97
Mock_P06_2	5	326092	33
Mock_P06_2	5	326092	52
Mock_P06_2	5	326092	94
Mock_P06_2	5	326092	67
Mock_P06_2	5	326092	75
Mock_P06_2	5	326092	29
Mock_P06_2	5	326092	58
Mock_P06_2	5	326092	84
Mock_P06_2	5	326092	31
Mock_P06_2	5	326092	40
Mock_P06_2	5	326092	54
Mock_P06_2	5	326092	81
Mock_P06_2	5	326092	270
Mock_P06_2	5	326092	121
Mock_P06_2	5	326092	125
Mock_P06_2	5	326092	95
Mock_P06_2	5	326092	56
Mock_P06_2	5	326092	110
Mock_P06_2	5	326092	28
Mock_P06_2	5	326092	57
Mock_P06_2	5	326092	37
Mock_P06_2	5	326092	53
Mock_P06_2	5	326092	78
Mock_P06_2	5	326092	33
Mock_P06_2	5	326092	75
Mock_P06_2	5	326092	180
Mock_P06_2	5	326092	114
Mock_P06_2	5	326092	72
Mock_P06_2	5	326092	161
Mock_P06_2	5	326092	112
Mock_P06_2	5	326092	18
Mock_P06_2	5	326092	14
Mock_P06_2	5	326092	42
Mock_P06_2	5	326092	68
Mock_P06_2	5	326092	283
Mock_P06_2	5	326092	19
Mock_P06_2	5	326092	61
Mock_P06_2	5	326092	139
Mock_P06_2	5	326092	77
Mock_P06_2	5	326092	77
Mock_P06_2	5	326092	53
Mock_P06_2	5	326092	31
Mock_P06_2	5	326092	66
Mock_P06_2	5	326092	87
Mock_P06_2	5	326092	117
Mock_P06_2	5	326092	168
Mock_P06_2	5	326092	92
Mock_P06_2	5	326092	83
Mock_P06_2	5	326092	53
Mock_P06_2	5	326092	67
Mock_P06_2	5	326092	76
Mock_P06_2	5	326092	106
Mock_P06_2	5	326092	56
Mock_P06_2	5	326092	131
Mock_P06_2	5	326092	98
Mock_P06_2	5	326092	100
Mock_P06_2	5	326092	48
Mock_P06_2	5	326092	432
Mock_P06_2	5	326092	129
Mock_P06_2	5	326092	47
Mock_P06_2	5	326092	95
Mock_P06_2	5	326092	118
Mock_P06_2	5	326092	163
Mock_P06_2	5	326092	182
Mock_P06_2	5	326092	122
Mock_P06_2	5	326092	171
Mock_P06_2	5	326092	238
Mock_P06_2	5	326092	107
Mock_P06_2	5	326092	74
Mock_P06_2	5	326092	89
Mock_P06_2	5	326092	268
Mock_P06_2	5	326092	87
Mock_P06_2	5	326092	99
Mock_P06_2	5	326092	31
Mock_P06_2	5	326092	97
Mock_P06_2	5	326092	112
Mock_P06_2	5	326092	96
Mock_P06_2	5	326092	108
Mock_P06_2	5	326092	121
Mock_P06_2	5	326092	38
Mock_P06_2	5	326092	183
Mock_P06_2	5	326092	157
Mock_P06_2	5	326092	164
Mock_P06_2	5	326092	283
Mock_P06_2	5	326092	86
Mock_P06_2	5	326092	124
Mock_P06_2	5	326092	82
Mock_P06_2	5	326092	208
Mock_P06_2	5	326092	124
Mock_P06_2	5	326092	64
Mock_P06_2	5	326092	81
Mock_P06_2	5	326092	203
Mock_P06_2	5	326092	177
Mock_P06_2	5	326092	109
Mock_P06_2	5	326092	157
Mock_P06_2	5	326092	75
Mock_P06_2	5	326092	104
Mock_P06_2	5	326092	85
Mock_P06_2	5	326092	68
Mock_P06_2	5	326092	268
Mock_P06_2	5	326092	240
Mock_P06_2	5	326092	122
Mock_P06_2	5	326092	143
Mock_P06_2	5	326092	123
Mock_P06_2	5	326092	63
Mock_P06_2	5	326092	129
Mock_P06_2	5	326092	128
Mock_P06_2	5	326092	65
Mock_P06_2	5	326092	54
Mock_P06_2	5	326092	150
Mock_P06_2	5	326092	88
Mock_P06_2	5	326092	114
Mock_P06_2	5	326092	207
Mock_P06_2	5	326092	114
Mock_P06_2	5	326092	150
Mock_P06_2	5	326092	117
Mock_P06_2	5	326092	49
Mock_P06_2	5	326092	119
Mock_P06_2	5	326092	121
Mock_P06_2	5	326092	125
Mock_P06_2	5	326092	141
Mock_P06_2	5	326092	121
Mock_P06_2	5	326092	94
Mock_P06_2	5	326092	213
Mock_P06_2	5	326092	121
Mock_P06_2	5	326092	133
Mock_P06_2	5	326092	76
Mock_P06_2	5	326092	208
Mock_P06_2	5	326092	126
Mock_P06_2	5	326092	79
Mock_P06_2	5	326092	153
Mock_P06_2	5	326092	151
Mock_P06_2	5	326092	115
Mock_P06_2	5	326092	114
Mock_P06_2	5	326092	121
Mock_P06_2	5	326092	161
Mock_P06_2	5	326092	100
Mock_P06_2	5	326092	106
Mock_P06_2	5	326092	78
Mock_P06_2	5	326092	80
Mock_P06_2	5	326092	96
Mock_P06_2	5	326092	157
Mock_P06_2	5	326092	149
Mock_P06_2	5	326092	112
Mock_P06_2	5	326092	109
Mock_P06_2	5	326092	277
Mock_P06_2	5	326092	153
Mock_P06_2	5	326092	127
Mock_P06_2	5	326092	46
Mock_P06_2	5	326092	153
Mock_P06_2	5	326092	88
Mock_P06_2	5	326092	142
Mock_P06_2	5	326092	64
Mock_P06_2	5	326092	174
Mock_P06_2	5	326092	243
Mock_P06_2	5	326092	100
Mock_P06_2	5	326092	139
Mock_P06_2	5	326092	136
Mock_P06_2	5	326092	147
Mock_P06_2	6	354183	80
Mock_P06_2	6	354183	66
Mock_P06_2	6	354183	84
Mock_P06_2	6	354183	97
Mock_P06_2	6	354183	91
Mock_P06_2	6	354183	69
Mock_P06_2	6	354183	86
Mock_P06_2	6	354183	120
Mock_P06_2	6	354183	75
Mock_P06_2	6	354183	75
Mock_P06_2	6	354183	60
Mock_P06_2	6	354183	64
Mock_P06_2	6	354183	69
Mock_P06_2	6	354183	70
Mock_P06_2	6	354183	81
Mock_P06_2	6	354183	79
Mock_P06_2	6	354183	64
Mock_P06_2	6	354183	51
Mock_P06_2	6	354183	28
Mock_P06_2	6	354183	85
Mock_P06_2	6	354183	78
Mock_P06_2	6	354183	42
Mock_P06_2	6	354183	10
Mock_P06_2	6	354183	61
Mock_P06_2	6	354183	148
Mock_P06_2	6	354183	54
Mock_P06_2	6	354183	103
Mock_P06_2	6	354183	197
Mock_P06_2	6	354183	76
Mock_P06_2	6	354183	107
Mock_P06_2	6	354183	39
Mock_P06_2	6	354183	62
Mock_P06_2	6	354183	97
Mock_P06_2	6	354183	50
Mock_P06_2	6	354183	39
Mock_P06_2	6	354183	66
Mock_P06_2	6	354183	54
Mock_P06_2	6	354183	79
Mock_P06_2	6	354183	121
Mock_P06_2	6	354183	79
Mock_P06_2	6	354183	95
Mock_P06_2	6	354183	98
Mock_P06_2	6	354183	89
Mock_P06_2	6	354183	166
Mock_P06_2	6	354183	111
Mock_P06_2	6	354183	95
Mock_P06_2	6	354183	142
Mock_P06_2	6	354183	121
Mock_P06_2	6	354183	63
Mock_P06_2	6	354183	69
Mock_P06_2	6	354183	112
Mock_P06_2	6	354183	123
Mock_P06_2	6	354183	80
Mock_P06_2	6	354183	106
Mock_P06_2	6	354183	93
Mock_P06_2	6	354183	95
Mock_P06_2	6	354183	73
Mock_P06_2	6	354183	129
Mock_P06_2	6	354183	112
Mock_P06_2	6	354183	36
Mock_P06_2	6	354183	120
Mock_P06_2	6	354183	153
Mock_P06_2	6	354183	96
Mock_P06_2	6	354183	144
Mock_P06_2	6	354183	89
Mock_P06_2	6	354183	40
Mock_P06_2	6	354183	45
Mock_P06_2	6	354183	91
Mock_P06_2	6	354183	94
Mock_P06_2	6	354183	50
Mock_P06_2	6	354183	97
Mock_P06_2	6	354183	79
Mock_P06_2	6	354183	278
Mock_P06_2	6	354183	70
Mock_P06_2	6	354183	48
Mock_P06_2	6	354183	29
Mock_P06_2	6	354183	52
Mock_P06_2	6	354183	67
Mock_P06_2	6	354183	51
Mock_P06_2	6	354183	24
Mock_P06_2	6	354183	48
Mock_P06_2	6	354183	36
Mock_P06_2	6	354183	123
Mock_P06_2	6	354183	120
Mock_P06_2	6	354183	120
Mock_P06_2	6	354183	61
Mock_P06_2	6	354183	87
Mock_P06_2	6	354183	58
Mock_P06_2	6	354183	100
Mock_P06_2	6	354183	77
Mock_P06_2	6	354183	92
Mock_P06_2	6	354183	110
Mock_P06_2	6	354183	192
Mock_P06_2	6	354183	135
Mock_P06_2	6	354183	29
Mock_P06_2	6	354183	98
Mock_P06_2	6	354183	156
Mock_P06_2	6	354183	72
Mock_P06_2	6	354183	103
Mock_P06_2	6	354183	118
Mock_P06_2	6	354183	99
Mock_P06_2	6	354183	109
Mock_P06_2	6	354183	115
Mock_P06_2	6	354183	49
Mock_P06_2	6	354183	106
Mock_P06_2	6	354183	112
Mock_P06_2	6	354183	153
Mock_P06_2	6	354183	81
Mock_P06_2	6	354183	114
Mock_P06_2	6	354183	82
Mock_P06_2	6	354183	75
Mock_P06_2	6	354183	89
Mock_P06_2	6	354183	173
Mock_P06_2	6	354183	26
Mock_P06_2	6	354183	90
Mock_P06_2	6	354183	171
Mock_P06_2	6	354183	114
Mock_P06_2	6	354183	56
Mock_P06_2	6	354183	105
Mock_P06_2	6	354183	75
Mock_P06_2	6	354183	108
Mock_P06_2	6	354183	96
Mock_P06_2	6	354183	83
Mock_P06_2	6	354183	124
Mock_P06_2	6	354183	109
Mock_P06_2	6	354183	39
Mock_P06_2	6	354183	58
Mock_P06_2	6	354183	235
Mock_P06_2	6	354183	170
Mock_P06_2	6	354183	169
Mock_P06_2	6	354183	65
Mock_P06_2	6	354183	133
Mock_P06_2	6	354183	82
Mock_P06_2	6	354183	52
Mock_P06_2	6	354183	105
Mock_P06_2	6	354183	105
Mock_P06_2	6	354183	124
Mock_P06_2	6	354183	33
Mock_P06_2	6	354183	62
Mock_P06_2	6	354183	74
Mock_P06_2	6	354183	150
Mock_P06_2	6	354183	83
Mock_P06_2	6	354183	92
Mock_P06_2	6	354183	116
Mock_P06_2	6	354183	67
Mock_P06_2	6	354183	46
Mock_P06_2	6	354183	45
Mock_P06_2	6	354183	92
Mock_P06_2	6	354183	92
Mock_P06_2	6	354183	93
Mock_P06_2	6	354183	117
Mock_P06_2	6	354183	81
Mock_P06_2	6	354183	99
Mock_P06_2	6	354183	54
Mock_P06_2	6	354183	62
Mock_P06_2	6	354183	50
Mock_P06_2	6	354183	78
Mock_P06_2	6	354183	16
Mock_P06_2	6	354183	86
Mock_P06_2	6	354183	29
Mock_P06_2	6	354183	137
Mock_P06_2	6	354183	131
Mock_P06_2	6	354183	99
Mock_P06_2	6	354183	109
Mock_P06_2	6	354183	179
Mock_P06_2	6	354183	237
Mock_P06_2	6	354183	115
Mock_P06_2	6	354183	82
Mock_P06_2	6	354183	93
Mock_P06_2	6	354183	72
Mock_P06_2	6	354183	45
Mock_P06_2	6	354183	43
Mock_P06_2	6	354183	69
Mock_P06_2	6	354183	65
Mock_P06_2	6	354183	54
Mock_P06_2	6	354183	79
Mock_P06_2	6	354183	200
Mock_P06_2	6	354183	130
Mock_P06_2	6	354183	70
Mock_P06_2	6	354183	120
Mock_P06_2	6	354183	20
Mock_P06_2	6	354183	41
Mock_P06_2	6	354183	82
Mock_P06_2	6	354183	56
Mock_P06_2	6	354183	44
Mock_P06_2	6	354183	114
Mock_P06_2	6	354183	77
Mock_P06_2	6	354183	88
Mock_P06_2	6	354183	50
Mock_P06_2	6	354183	127
Mock_P06_2	6	354183	80
Mock_P06_2	6	354183	96
Mock_P06_2	6	354183	32
Mock_P06_2	6	354183	28
Mock_P06_2	6	354183	101
Mock_P06_2	6	354183	41
Mock_P06_2	6	354183	97
Mock_P06_2	6	354183	40
Mock_P06_2	6	354183	125
Mock_P06_2	6	354183	78
Mock_P06_2	6	354183	91
Mock_P06_2	6	354183	44
Mock_P06_2	6	354183	40
Mock_P06_2	6	354183	44
Mock_P06_2	6	354183	66
Mock_P06_2	6	354183	48
Mock_P06_2	6	354183	46
Mock_P06_2	6	354183	23
Mock_P06_2	6	354183	21
Mock_P06_2	6	354183	160
Mock_P06_2	6	354183	202
Mock_P06_2	6	354183	128
Mock_P06_2	6	354183	54
Mock_P06_2	6	354183	53
Mock_P06_2	6	354183	125
Mock_P06_2	6	354183	98
Mock_P06_2	6	354183	167
Mock_P06_2	6	354183	108
Mock_P06_2	6	354183	91
Mock_P06_2	7	298339	37
Mock_P06_2	7	298339	55
Mock_P06_2	7	298339	282
Mock_P06_2	7	298339	192
Mock_P06_2	7	298339	83
Mock_P06_2	7	298339	53
Mock_P06_2	7	298339	83
Mock_P06_2	7	298339	154
Mock_P06_2	7	298339	193
Mock_P06_2	7	298339	85
Mock_P06_2	7	298339	166
Mock_P06_2	7	298339	76
Mock_P06_2	7	298339	95
Mock_P06_2	7	298339	87
Mock_P06_2	7	298339	114
Mock_P06_2	7	298339	111
Mock_P06_2	7	298339	96
Mock_P06_2	7	298339	96
Mock_P06_2	7	298339	89
Mock_P06_2	7	298339	135
Mock_P06_2	7	298339	76
Mock_P06_2	7	298339	117
Mock_P06_2	7	298339	115
Mock_P06_2	7	298339	45
Mock_P06_2	7	298339	68
Mock_P06_2	7	298339	58
Mock_P06_2	7	298339	65
Mock_P06_2	7	298339	86
Mock_P06_2	7	298339	57
Mock_P06_2	7	298339	57
Mock_P06_2	7	298339	81
Mock_P06_2	7	298339	50
Mock_P06_2	7	298339	75
Mock_P06_2	7	298339	48
Mock_P06_2	7	298339	72
Mock_P06_2	7	298339	57
Mock_P06_2	7	298339	81
Mock_P06_2	7	298339	75
Mock_P06_2	7	298339	58
Mock_P06_2	7	298339	81
Mock_P06_2	7	298339	208
Mock_P06_2	7	298339	37
Mock_P06_2	7	298339	126
Mock_P06_2	7	298339	74
Mock_P06_2	7	298339	96
Mock_P06_2	7	298339	51
Mock_P06_2	7	298339	68
Mock_P06_2	7	298339	88
Mock_P06_2	7	298339	129
Mock_P06_2	7	298339	149
Mock_P06_2	7	298339	47
Mock_P06_2	7	298339	102
Mock_P06_2	7	298339	36
Mock_P06_2	7	298339	78
Mock_P06_2	7	298339	96
Mock_P06_2	7	298339	113
Mock_P06_2	7	298339	65
Mock_P06_2	7	298339	102
Mock_P06_2	7	298339	95
Mock_P06_2	7	298339	74
Mock_P06_2	7	298339	108
Mock_P06_2	7	298339	83
Mock_P06_2	7	298339	84
Mock_P06_2	7	298339	234
Mock_P06_2	7	298339	59
Mock_P06_2	7	298339	95
Mock_P06_2	7	298339	109
Mock_P06_2	7	298339	109
Mock_P06_2	7	298339	91
Mock_P06_2	7	298339	96
Mock_P06_2	7	298339	119
Mock_P06_2	7	298339	100
Mock_P06_2	7	298339	94
Mock_P06_2	7	298339	94
Mock_P06_2	7	298339	171
Mock_P06_2	7	298339	42
Mock_P06_2	7	298339	261
Mock_P06_2	7	298339	101
Mock_P06_2	7	298339	100
Mock_P06_2	7	298339	187
Mock_P06_2	7	298339	87
Mock_P06_2	7	298339	85
Mock_P06_2	7	298339	75
Mock_P06_2	7	298339	85
Mock_P06_2	7	298339	117
Mock_P06_2	7	298339	56
Mock_P06_2	7	298339	48
Mock_P06_2	7	298339	191
Mock_P06_2	7	298339	60
Mock_P06_2	7	298339	73
Mock_P06_2	7	298339	112
Mock_P06_2	7	298339	67
Mock_P06_2	7	298339	304
Mock_P06_2	7	298339	88
Mock_P06_2	7	298339	100
Mock_P06_2	7	298339	101
Mock_P06_2	7	298339	104
Mock_P06_2	7	298339	34
Mock_P06_2	7	298339	79
Mock_P06_2	7	298339	228
Mock_P06_2	7	298339	70
Mock_P06_2	7	298339	50
Mock_P06_2	7	298339	61
Mock_P06_2	7	298339	49
Mock_P06_2	7	298339	94
Mock_P06_2	7	298339	33
Mock_P06_2	7	298339	77
Mock_P06_2	7	298339	32
Mock_P06_2	7	298339	40
Mock_P06_2	7	298339	85
Mock_P06_2	7	298339	38
Mock_P06_2	7	298339	65
Mock_P06_2	7	298339	112
Mock_P06_2	7	298339	138
Mock_P06_2	7	298339	25
Mock_P06_2	7	298339	44
Mock_P06_2	7	298339	95
Mock_P06_2	7	298339	80
Mock_P06_2	7	298339	59
Mock_P06_2	7	298339	20
Mock_P06_2	7	298339	56
Mock_P06_2	7	298339	36
Mock_P06_2	7	298339	72
Mock_P06_2	7	298339	143
Mock_P06_2	7	298339	59
Mock_P06_2	7	298339	28
Mock_P06_2	7	298339	61
Mock_P06_2	7	298339	74
Mock_P06_2	7	298339	186
Mock_P06_2	7	298339	133
Mock_P06_2	7	298339	118
Mock_P06_2	7	298339	82
Mock_P06_2	7	298339	115
Mock_P06_2	7	298339	100
Mock_P06_2	7	298339	80
Mock_P06_2	7	298339	203
Mock_P06_2	7	298339	100
Mock_P06_2	7	298339	79
Mock_P06_2	7	298339	337
Mock_P06_2	7	298339	40
Mock_P06_2	7	298339	90
Mock_P06_2	7	298339	62
Mock_P06_2	7	298339	54
Mock_P06_2	7	298339	94
Mock_P06_2	7	298339	42
Mock_P06_2	7	298339	65
Mock_P06_2	7	298339	34
Mock_P06_2	7	298339	11
Mock_P06_2	7	298339	95
Mock_P06_2	7	298339	90
Mock_P06_2	7	298339	110
Mock_P06_2	7	298339	26
Mock_P06_2	7	298339	25
Mock_P06_2	7	298339	83
Mock_P06_2	7	298339	166
Mock_P06_2	7	298339	76
Mock_P06_2	7	298339	84
Mock_P06_2	7	298339	92
Mock_P06_2	7	298339	47
Mock_P06_2	7	298339	88
Mock_P06_2	7	298339	55
Mock_P06_2	7	298339	114
Mock_P06_2	7	298339	112
Mock_P06_2	7	298339	83
Mock_P06_2	7	298339	75
Mock_P06_2	7	298339	48
Mock_P06_2	7	298339	160
Mock_P06_2	7	298339	88
Mock_P06_2	7	298339	147
Mock_P06_2	7	298339	69
Mock_P06_2	7	298339	76
Mock_P06_2	7	298339	94
Mock_P06_2	7	298339	70
Mock_P06_2	7	298339	96
Mock_P06_2	7	298339	49
Mock_P06_2	7	298339	141
Mock_P06_2	7	298339	87
Mock_P06_2	7	298339	105
Mock_P06_2	7	298339	73
Mock_P06_2	7	298339	120
Mock_P06_2	7	298339	57
Mock_P06_2	7	298339	79
Mock_P06_2	7	298339	166
Mock_P06_2	7	298339	92
Mock_P06_2	7	298339	108
Mock_P06_2	7	298339	183
Mock_P06_2	7	298339	142
Mock_P06_2	7	298339	106
Mock_P06_2	7	298339	182
Mock_P06_2	7	298339	94
Mock_P06_2	7	298339	104
Mock_P06_2	7	298339	98
Mock_P06_2	7	298339	121
Mock_P06_2	7	298339	235
Mock_P06_2	7	298339	161
Mock_P06_2	8	311400	87
Mock_P06_2	8	311400	78
Mock_P06_2	8	311400	182
Mock_P06_2	8	311400	140
Mock_P06_2	8	311400	71
Mock_P06_2	8	311400	124
Mock_P06_2	8	311400	96
Mock_P06_2	8	311400	61
Mock_P06_2	8	311400	91
Mock_P06_2	8	311400	82
Mock_P06_2	8	311400	116
Mock_P06_2	8	311400	74
Mock_P06_2	8	311400	66
Mock_P06_2	8	311400	82
Mock_P06_2	8	311400	52
Mock_P06_2	8	311400	71
Mock_P06_2	8	311400	68
Mock_P06_2	8	311400	110
Mock_P06_2	8	311400	223
Mock_P06_2	8	311400	66
Mock_P06_2	8	311400	97
Mock_P06_2	8	311400	84
Mock_P06_2	8	311400	67
Mock_P06_2	8	311400	69
Mock_P06_2	8	311400	60
Mock_P06_2	8	311400	32
Mock_P06_2	8	311400	35
Mock_P06_2	8	311400	16
Mock_P06_2	8	311400	85
Mock_P06_2	8	311400	151
Mock_P06_2	8	311400	78
Mock_P06_2	8	311400	131
Mock_P06_2	8	311400	61
Mock_P06_2	8	311400	88
Mock_P06_2	8	311400	57
Mock_P06_2	8	311400	60
Mock_P06_2	8	311400	67
Mock_P06_2	8	311400	71
Mock_P06_2	8	311400	90
Mock_P06_2	8	311400	101
Mock_P06_2	8	311400	150
Mock_P06_2	8	311400	94
Mock_P06_2	8	311400	12
Mock_P06_2	8	311400	64
Mock_P06_2	8	311400	226
Mock_P06_2	8	311400	120
Mock_P06_2	8	311400	104
Mock_P06_2	8	311400	72
Mock_P06_2	8	311400	100
Mock_P06_2	8	311400	113
Mock_P06_2	8	311400	104
Mock_P06_2	8	311400	80
Mock_P06_2	8	311400	122
Mock_P06_2	8	311400	26
Mock_P06_2	8	311400	156
Mock_P06_2	8	311400	63
Mock_P06_2	8	311400	125
Mock_P06_2	8	311400	111
Mock_P06_2	8	311400	142
Mock_P06_2	8	311400	81
Mock_P06_2	8	311400	75
Mock_P06_2	8	311400	44
Mock_P06_2	8	311400	117
Mock_P06_2	8	311400	122
Mock_P06_2	8	311400	140
Mock_P06_2	8	311400	99
Mock_P06_2	8	311400	122
Mock_P06_2	8	311400	113
Mock_P06_2	8	311400	80
Mock_P06_2	8	311400	147
Mock_P06_2	8	311400	73
Mock_P06_2	8	311400	99
Mock_P06_2	8	311400	77
Mock_P06_2	8	311400	95
Mock_P06_2	8	311400	80
Mock_P06_2	8	311400	28
Mock_P06_2	8	311400	18
Mock_P06_2	8	311400	486
Mock_P06_2	8	311400	78
Mock_P06_2	8	311400	27
Mock_P06_2	8	311400	153
Mock_P06_2	8	311400	61
Mock_P06_2	8	311400	80
Mock_P06_2	8	311400	130
Mock_P06_2	8	311400	12
Mock_P06_2	8	311400	118
Mock_P06_2	8	311400	90
Mock_P06_2	8	311400	82
Mock_P06_2	8	311400	80
Mock_P06_2	8	311400	75
Mock_P06_2	8	311400	30
Mock_P06_2	8	311400	57
Mock_P06_2	8	311400	220
Mock_P06_2	8	311400	96
Mock_P06_2	8	311400	57
Mock_P06_2	8	311400	257
Mock_P06_2	8	311400	127
Mock_P06_2	8	311400	59
Mock_P06_2	8	311400	30
Mock_P06_2	8	311400	76
Mock_P06_2	8	311400	114
Mock_P06_2	8	311400	136
Mock_P06_2	8	311400	54
Mock_P06_2	8	311400	53
Mock_P06_2	8	311400	51
Mock_P06_2	8	311400	110
Mock_P06_2	8	311400	158
Mock_P06_2	8	311400	63
Mock_P06_2	8	311400	265
Mock_P06_2	8	311400	83
Mock_P06_2	8	311400	87
Mock_P06_2	8	311400	103
Mock_P06_2	8	311400	45
Mock_P06_2	8	311400	49
Mock_P06_2	8	311400	59
Mock_P06_2	8	311400	66
Mock_P06_2	8	311400	102
Mock_P06_2	8	311400	103
Mock_P06_2	8	311400	41
Mock_P06_2	8	311400	69
Mock_P06_2	8	311400	44
Mock_P06_2	8	311400	75
Mock_P06_2	8	311400	100
Mock_P06_2	8	311400	26
Mock_P06_2	8	311400	30
Mock_P06_2	8	311400	77
Mock_P06_2	8	311400	101
Mock_P06_2	8	311400	75
Mock_P06_2	8	311400	96
Mock_P06_2	8	311400	108
Mock_P06_2	8	311400	246
Mock_P06_2	8	311400	75
Mock_P06_2	8	311400	38
Mock_P06_2	8	311400	249
Mock_P06_2	8	311400	72
Mock_P06_2	8	311400	95
Mock_P06_2	8	311400	112
Mock_P06_2	8	311400	187
Mock_P06_2	8	311400	125
Mock_P06_2	8	311400	183
Mock_P06_2	8	311400	57
Mock_P06_2	8	311400	210
Mock_P06_2	8	311400	60
Mock_P06_2	8	311400	227
Mock_P06_2	8	311400	50
Mock_P06_2	8	311400	247
Mock_P06_2	8	311400	103
Mock_P06_2	8	311400	93
Mock_P06_2	8	311400	31
Mock_P06_2	8	311400	85
Mock_P06_2	8	311400	183
Mock_P06_2	8	311400	48
Mock_P06_2	8	311400	55
Mock_P06_2	8	311400	77
Mock_P06_2	8	311400	87
Mock_P06_2	8	311400	105
Mock_P06_2	8	311400	84
Mock_P06_2	8	311400	89
Mock_P06_2	8	311400	108
Mock_P06_2	8	311400	155
Mock_P06_2	8	311400	56
Mock_P06_2	8	311400	46
Mock_P06_2	8	311400	52
Mock_P06_2	8	311400	121
Mock_P06_2	9	336191	18
Mock_P06_2	9	336191	281
Mock_P06_2	9	336191	230
Mock_P06_2	9	336191	101
Mock_P06_2	9	336191	391
Mock_P06_2	9	336191	86
Mock_P06_2	9	336191	148
Mock_P06_2	9	336191	122
Mock_P06_2	9	336191	74
Mock_P06_2	9	336191	110
Mock_P06_2	9	336191	95
Mock_P06_2	9	336191	178
Mock_P06_2	9	336191	104
Mock_P06_2	9	336191	197
Mock_P06_2	9	336191	111
Mock_P06_2	9	336191	107
Mock_P06_2	9	336191	157
Mock_P06_2	9	336191	88
Mock_P06_2	9	336191	82
Mock_P06_2	9	336191	76
Mock_P06_2	9	336191	175
Mock_P06_2	9	336191	188
Mock_P06_2	9	336191	78
Mock_P06_2	9	336191	68
Mock_P06_2	9	336191	73
Mock_P06_2	9	336191	92
Mock_P06_2	9	336191	46
Mock_P06_2	9	336191	52
Mock_P06_2	9	336191	147
Mock_P06_2	9	336191	77
Mock_P06_2	9	336191	118
Mock_P06_2	9	336191	98
Mock_P06_2	9	336191	61
Mock_P06_2	9	336191	134
Mock_P06_2	9	336191	43
Mock_P06_2	9	336191	79
Mock_P06_2	9	336191	15
Mock_P06_2	9	336191	30
Mock_P06_2	9	336191	36
Mock_P06_2	9	336191	101
Mock_P06_2	9	336191	155
Mock_P06_2	9	336191	70
Mock_P06_2	9	336191	51
Mock_P06_2	9	336191	65
Mock_P06_2	9	336191	62
Mock_P06_2	9	336191	117
Mock_P06_2	9	336191	79
Mock_P06_2	9	336191	115
Mock_P06_2	9	336191	104
Mock_P06_2	9	336191	103
Mock_P06_2	9	336191	96
Mock_P06_2	9	336191	83
Mock_P06_2	9	336191	137
Mock_P06_2	9	336191	117
Mock_P06_2	9	336191	107
Mock_P06_2	9	336191	61
Mock_P06_2	9	336191	76
Mock_P06_2	9	336191	67
Mock_P06_2	9	336191	70
Mock_P06_2	9	336191	13
Mock_P06_2	9	336191	106
Mock_P06_2	9	336191	64
Mock_P06_2	9	336191	91
Mock_P06_2	9	336191	92
Mock_P06_2	9	336191	86
Mock_P06_2	9	336191	43
Mock_P06_2	9	336191	88
Mock_P06_2	9	336191	133
Mock_P06_2	9	336191	168
Mock_P06_2	9	336191	98
Mock_P06_2	9	336191	244
Mock_P06_2	9	336191	83
Mock_P06_2	9	336191	86
Mock_P06_2	9	336191	100
Mock_P06_2	9	336191	108
Mock_P06_2	9	336191	91
Mock_P06_2	9	336191	149
Mock_P06_2	9	336191	85
Mock_P06_2	9	336191	115
Mock_P06_2	9	336191	100
Mock_P06_2	9	336191	108
Mock_P06_2	9	336191	81
Mock_P06_2	9	336191	160
Mock_P06_2	9	336191	100
Mock_P06_2	9	336191	176
Mock_P06_2	9	336191	127
Mock_P06_2	9	336191	155
Mock_P06_2	9	336191	104
Mock_P06_2	9	336191	290
Mock_P06_2	9	336191	170
Mock_P06_2	9	336191	105
Mock_P06_2	9	336191	127
Mock_P06_2	9	336191	94
Mock_P06_2	9	336191	61
Mock_P06_2	9	336191	183
Mock_P06_2	9	336191	147
Mock_P06_2	9	336191	130
Mock_P06_2	9	336191	137
Mock_P06_2	9	336191	156
Mock_P06_2	9	336191	122
Mock_P06_2	9	336191	103
Mock_P06_2	9	336191	82
Mock_P06_2	9	336191	242
Mock_P06_2	9	336191	305
Mock_P06_2	9	336191	106
Mock_P06_2	9	336191	102
Mock_P06_2	9	336191	141
Mock_P06_2	9	336191	156
Mock_P06_2	9	336191	86
Mock_P06_2	9	336191	70
Mock_P06_2	9	336191	99
Mock_P06_2	9	336191	79
Mock_P06_2	9	336191	74
Mock_P06_2	9	336191	40
Mock_P06_2	9	336191	110
Mock_P06_2	9	336191	141
Mock_P06_2	9	336191	130
Mock_P06_2	9	336191	143
Mock_P06_2	9	336191	73
Mock_P06_2	9	336191	71
Mock_P06_2	9	336191	108
Mock_P06_2	9	336191	115
Mock_P06_2	9	336191	90
Mock_P06_2	9	336191	53
Mock_P06_2	9	336191	68
Mock_P06_2	9	336191	130
Mock_P06_2	9	336191	211
Mock_P06_2	9	336191	96
Mock_P06_2	9	336191	66
Mock_P06_2	9	336191	100
Mock_P06_2	9	336191	93
Mock_P06_2	9	336191	218
Mock_P06_2	9	336191	68
Mock_P06_2	9	336191	41
Mock_P06_2	9	336191	110
Mock_P06_2	9	336191	229
Mock_P06_2	9	336191	125
Mock_P06_2	9	336191	111
Mock_P06_2	9	336191	125
Mock_P06_2	9	336191	87
Mock_P06_2	9	336191	138
Mock_P06_2	9	336191	111
Mock_P06_2	9	336191	132
Mock_P06_2	9	336191	82
Mock_P06_2	9	336191	158
Mock_P06_2	9	336191	85
Mock_P06_2	9	336191	122
Mock_P06_2	9	336191	167
Mock_P06_2	9	336191	48
Mock_P06_2	9	336191	123
Mock_P06_2	9	336191	98
Mock_P06_2	9	336191	118
Mock_P06_2	9	336191	192
Mock_P06_2	9	336191	100
Mock_P06_2	9	336191	62
Mock_P06_2	9	336191	35
Mock_P06_2	9	336191	101
Mock_P06_2	9	336191	187
Mock_P06_2	9	336191	62
Mock_P06_2	9	336191	126
Mock_P06_2	9	336191	26
Mock_P06_2	9	336191	80
Mock_P06_2	10	332179	152
Mock_P06_2	10	332179	57
Mock_P06_2	10	332179	126
Mock_P06_2	10	332179	65
Mock_P06_2	10	332179	75
Mock_P06_2	10	332179	95
Mock_P06_2	10	332179	113
Mock_P06_2	10	332179	104
Mock_P06_2	10	332179	110
Mock_P06_2	10	332179	164
Mock_P06_2	10	332179	84
Mock_P06_2	10	332179	52
Mock_P06_2	10	332179	134
Mock_P06_2	10	332179	68
Mock_P06_2	10	332179	57
Mock_P06_2	10	332179	71
Mock_P06_2	10	332179	66
Mock_P06_2	10	332179	79
Mock_P06_2	10	332179	121
Mock_P06_2	10	332179	133
Mock_P06_2	10	332179	95
Mock_P06_2	10	332179	104
Mock_P06_2	10	332179	103
Mock_P06_2	10	332179	102
Mock_P06_2	10	332179	98
Mock_P06_2	10	332179	58
Mock_P06_2	10	332179	143
Mock_P06_2	10	332179	92
Mock_P06_2	10	332179	109
Mock_P06_2	10	332179	101
Mock_P06_2	10	332179	113
Mock_P06_2	10	332179	97
Mock_P06_2	10	332179	75
Mock_P06_2	10	332179	190
Mock_P06_2	10	332179	102
Mock_P06_2	10	332179	143
Mock_P06_2	10	332179	128
Mock_P06_2	10	332179	94
Mock_P06_2	10	332179	73
Mock_P06_2	10	332179	127
Mock_P06_2	10	332179	84
Mock_P06_2	10	332179	130
Mock_P06_2	10	332179	168
Mock_P06_2	10	332179	125
Mock_P06_2	10	332179	112
Mock_P06_2	10	332179	100
Mock_P06_2	10	332179	148
Mock_P06_2	10	332179	77
Mock_P06_2	10	332179	121
Mock_P06_2	10	332179	252
Mock_P06_2	10	332179	55
Mock_P06_2	10	332179	110
Mock_P06_2	10	332179	80
Mock_P06_2	10	332179	101
Mock_P06_2	10	332179	99
Mock_P06_2	10	332179	73
Mock_P06_2	10	332179	46
Mock_P06_2	10	332179	116
Mock_P06_2	10	332179	87
Mock_P06_2	10	332179	76
Mock_P06_2	10	332179	99
Mock_P06_2	10	332179	64
Mock_P06_2	10	332179	123
Mock_P06_2	10	332179	90
Mock_P06_2	10	332179	165
Mock_P06_2	10	332179	30
Mock_P06_2	10	332179	96
Mock_P06_2	10	332179	121
Mock_P06_2	10	332179	116
Mock_P06_2	10	332179	108
Mock_P06_2	10	332179	144
Mock_P06_2	10	332179	76
Mock_P06_2	10	332179	114
Mock_P06_2	10	332179	190
Mock_P06_2	10	332179	95
Mock_P06_2	10	332179	66
Mock_P06_2	10	332179	71
Mock_P06_2	10	332179	216
Mock_P06_2	10	332179	40
Mock_P06_2	10	332179	100
Mock_P06_2	10	332179	123
Mock_P06_2	10	332179	97
Mock_P06_2	10	332179	47
Mock_P06_2	10	332179	29
Mock_P06_2	10	332179	54
Mock_P06_2	10	332179	196
Mock_P06_2	10	332179	130
Mock_P06_2	10	332179	88
Mock_P06_2	10	332179	101
Mock_P06_2	10	332179	100
Mock_P06_2	10	332179	136
Mock_P06_2	10	332179	104
Mock_P06_2	10	332179	121
Mock_P06_2	10	332179	83
Mock_P06_2	10	332179	123
Mock_P06_2	10	332179	96
Mock_P06_2	10	332179	283
Mock_P06_2	10	332179	199
Mock_P06_2	10	332179	92
Mock_P06_2	10	332179	123
Mock_P06_2	10	332179	380
Mock_P06_2	10	332179	101
Mock_P06_2	10	332179	105
Mock_P06_2	10	332179	170
Mock_P06_2	10	332179	206
Mock_P06_2	10	332179	97
Mock_P06_2	10	332179	179
Mock_P06_2	10	332179	136
Mock_P06_2	10	332179	156
Mock_P06_2	10	332179	82
Mock_P06_2	10	332179	73
Mock_P06_2	10	332179	99
Mock_P06_2	10	332179	136
Mock_P06_2	10	332179	153
Mock_P06_2	10	332179	101
Mock_P06_2	10	332179	106
Mock_P06_2	10	332179	228
Mock_P06_2	10	332179	65
Mock_P06_2	10	332179	151
Mock_P06_2	10	332179	132
Mock_P06_2	10	332179	121
Mock_P06_2	10	332179	108
Mock_P06_2	10	332179	275
Mock_P06_2	10	332179	35
Mock_P06_2	10	332179	67
Mock_P06_2	10	332179	42
Mock_P06_2	10	332179	71
Mock_P06_2	10	332179	111
Mock_P06_2	10	332179	63
Mock_P06_2	10	332179	53
Mock_P06_2	10	332179	89
Mock_P06_2	10	332179	47
Mock_P06_2	10	332179	55
Mock_P06_2	10	332179	91
Mock_P06_2	10	332179	60
Mock_P06_2	10	332179	55
Mock_P06_2	10	332179	59
Mock_P06_2	10	332179	67
Mock_P06_2	10	332179	102
Mock_P06_2	10	332179	90
Mock_P06_2	10	332179	130
Mock_P06_2	10	332179	129
Mock_P06_2	10	332179	129
Mock_P06_2	10	332179	65
Mock_P06_2	10	332179	185
Mock_P06_2	10	332179	122
Mock_P06_2	10	332179	128
Mock_P06_2	10	332179	10
Mock_P06_2	10	332179	168
Mock_P06_2	10	332179	218
Mock_P06_2	10	332179	141
Mock_P06_2	10	332179	100
Mock_P06_2	10	332179	96
Mock_P06_2	10	332179	188
Mock_P06_2	10	332179	263
Mock_P06_2	10	332179	111
Mock_P06_2	10	332179	96
Mock_P06_2	10	332179	102
Mock_P06_2	10	332179	402
Mock_P06_2	10	332179	128
Mock_P06_2	10	332179	76
Mock_P06_2	10	332179	83
Mock_P06_2	10	332179	75
Mock_P06_2	10	332179	127
Mock_P06_2	10	332179	137
Mock_P06_2	10	332179	114
Mock_P06_2	10	332179	126
Mock_P06_2	10	332179	267
Mock_P06_2	10	332179	122
Mock_P06_2	10	332179	98
Mock_P06_2	10	332179	239
Mock_P06_2	10	332179	151
Mock_P06_2	10	332179	111
Mock_P06_2	10	332179	121
Mock_P06_2	10	332179	93
Mock_P06_2	10	332179	164
Mock_P06_2	11	286522	73
Mock_P06_2	11	286522	80
Mock_P06_2	11	286522	48
Mock_P06_2	11	286522	76
Mock_P06_2	11	286522	109
Mock_P06_2	11	286522	92
Mock_P06_2	11	286522	104
Mock_P06_2	11	286522	73
Mock_P06_2	11	286522	59
Mock_P06_2	11	286522	36
Mock_P06_2	11	286522	55
Mock_P06_2	11	286522	57
Mock_P06_2	11	286522	60
Mock_P06_2	11	286522	72
Mock_P06_2	11	286522	10
Mock_P06_2	11	286522	140
Mock_P06_2	11	286522	104
Mock_P06_2	11	286522	34
Mock_P06_2	11	286522	47
Mock_P06_2	11	286522	62
Mock_P06_2	11	286522	81
Mock_P06_2	11	286522	52
Mock_P06_2	11	286522	13
Mock_P06_2	11	286522	40
Mock_P06_2	11	286522	36
Mock_P06_2	11	286522	95
Mock_P06_2	11	286522	33
Mock_P06_2	11	286522	56
Mock_P06_2	11	286522	31
Mock_P06_2	11	286522	51
Mock_P06_2	11	286522	46
Mock_P06_2	11	286522	48
Mock_P06_2	11	286522	44
Mock_P06_2	11	286522	57
Mock_P06_2	11	286522	76
Mock_P06_2	11	286522	70
Mock_P06_2	11	286522	41
Mock_P06_2	11	286522	48
Mock_P06_2	11	286522	74
Mock_P06_2	11	286522	66
Mock_P06_2	11	286522	28
Mock_P06_2	11	286522	70
Mock_P06_2	11	286522	65
Mock_P06_2	11	286522	110
Mock_P06_2	11	286522	18
Mock_P06_2	11	286522	72
Mock_P06_2	11	286522	85
Mock_P06_2	11	286522	60
Mock_P06_2	11	286522	37
Mock_P06_2	11	286522	61
Mock_P06_2	11	286522	61
Mock_P06_2	11	286522	90
Mock_P06_2	11	286522	79
Mock_P06_2	11	286522	93
Mock_P06_2	11	286522	156
Mock_P06_2	11	286522	59
Mock_P06_2	11	286522	125
Mock_P06_2	11	286522	127
Mock_P06_2	11	286522	138
Mock_P06_2	11	286522	84
Mock_P06_2	11	286522	94
Mock_P06_2	11	286522	79
Mock_P06_2	11	286522	100
Mock_P06_2	11	286522	88
Mock_P06_2	11	286522	93
Mock_P06_2	11	286522	87
Mock_P06_2	11	286522	100
Mock_P06_2	11	286522	123
Mock_P06_2	11	286522	147
Mock_P06_2	11	286522	81
Mock_P06_2	11	286522	59
Mock_P06_2	11	286522	74
Mock_P06_2	11	286522	56
Mock_P06_2	11	286522	83
Mock_P06_2	11	286522	88
Mock_P06_2	11	286522	47
Mock_P06_2	11	286522	98
Mock_P06_2	11	286522	114
Mock_P06_2	11	286522	126
Mock_P06_2	11	286522	92
Mock_P06_2	11	286522	28
Mock_P06_2	11	286522	142
Mock_P06_2	11	286522	40
Mock_P06_2	11	286522	43
Mock_P06_2	11	286522	82
Mock_P06_2	11	286522	72
Mock_P06_2	11	286522	203
Mock_P06_2	11	286522	74
Mock_P06_2	11	286522	107
Mock_P06_2	11	286522	40
Mock_P06_2	11	286522	97
Mock_P06_2	11	286522	50
Mock_P06_2	11	286522	71
Mock_P06_2	11	286522	63
Mock_P06_2	11	286522	107
Mock_P06_2	11	286522	33
Mock_P06_2	11	286522	95
Mock_P06_2	11	286522	58
Mock_P06_2	11	286522	55
Mock_P06_2	11	286522	106
Mock_P06_2	11	286522	114
Mock_P06_2	11	286522	57
Mock_P06_2	11	286522	49
Mock_P06_2	11	286522	305
Mock_P06_2	11	286522	39
Mock_P06_2	11	286522	83
Mock_P06_2	11	286522	63
Mock_P06_2	11	286522	62
Mock_P06_2	11	286522	108
Mock_P06_2	11	286522	87
Mock_P06_2	11	286522	76
Mock_P06_2	11	286522	90
Mock_P06_2	11	286522	88
Mock_P06_2	11	286522	119
Mock_P06_2	11	286522	153
Mock_P06_2	11	286522	41
Mock_P06_2	11	286522	154
Mock_P06_2	11	286522	83
Mock_P06_2	11	286522	59
Mock_P06_2	11	286522	139
Mock_P06_2	11	286522	48
Mock_P06_2	11	286522	114
Mock_P06_2	11	286522	104
Mock_P06_2	11	286522	59
Mock_P06_2	11	286522	71
Mock_P06_2	11	286522	61
Mock_P06_2	11	286522	203
Mock_P06_2	11	286522	67
Mock_P06_2	11	286522	61
Mock_P06_2	11	286522	55
Mock_P06_2	11	286522	100
Mock_P06_2	11	286522	211
Mock_P06_2	11	286522	87
Mock_P06_2	11	286522	52
Mock_P06_2	11	286522	110
Mock_P06_2	11	286522	95
Mock_P06_2	11	286522	124
Mock_P06_2	11	286522	115
Mock_P06_2	11	286522	172
Mock_P06_2	11	286522	153
Mock_P06_2	11	286522	75
Mock_P06_2	11	286522	104
Mock_P06_2	11	286522	78
Mock_P06_2	11	286522	71
Mock_P06_2	11	286522	119
Mock_P06_2	11	286522	144
Mock_P06_2	11	286522	104
Mock_P06_2	11	286522	69
Mock_P06_2	11	286522	75
Mock_P06_2	11	286522	129
Mock_P06_2	11	286522	55
Mock_P06_2	11	286522	39
Mock_P06_2	11	286522	87
Mock_P06_2	11	286522	88
Mock_P06_2	11	286522	42
Mock_P06_2	12	325891	65
Mock_P06_2	12	325891	17
Mock_P06_2	12	325891	74
Mock_P06_2	12	325891	68
Mock_P06_2	12	325891	52
Mock_P06_2	12	325891	11
Mock_P06_2	12	325891	133
Mock_P06_2	12	325891	16
Mock_P06_2	12	325891	203
Mock_P06_2	12	325891	140
Mock_P06_2	12	325891	183
Mock_P06_2	12	325891	115
Mock_P06_2	12	325891	76
Mock_P06_2	12	325891	75
Mock_P06_2	12	325891	76
Mock_P06_2	12	325891	127
Mock_P06_2	12	325891	68
Mock_P06_2	12	325891	75
Mock_P06_2	12	325891	170
Mock_P06_2	12	325891	93
Mock_P06_2	12	325891	98
Mock_P06_2	12	325891	125
Mock_P06_2	12	325891	102
Mock_P06_2	12	325891	122
Mock_P06_2	12	325891	104
Mock_P06_2	12	325891	181
Mock_P06_2	12	325891	235
Mock_P06_2	12	325891	147
Mock_P06_2	12	325891	165
Mock_P06_2	12	325891	104
Mock_P06_2	12	325891	132
Mock_P06_2	12	325891	91
Mock_P06_2	12	325891	141
Mock_P06_2	12	325891	74
Mock_P06_2	12	325891	148
Mock_P06_2	12	325891	218
Mock_P06_2	12	325891	127
Mock_P06_2	12	325891	108
Mock_P06_2	12	325891	107
Mock_P06_2	12	325891	198
Mock_P06_2	12	325891	143
Mock_P06_2	12	325891	92
Mock_P06_2	12	325891	94
Mock_P06_2	12	325891	157
Mock_P06_2	12	325891	103
Mock_P06_2	12	325891	103
Mock_P06_2	12	325891	118
Mock_P06_2	12	325891	100
Mock_P06_2	12	325891	160
Mock_P06_2	12	325891	143
Mock_P06_2	12	325891	131
Mock_P06_2	12	325891	48
Mock_P06_2	12	325891	114
Mock_P06_2	12	325891	176
Mock_P06_2	12	325891	129
Mock_P06_2	12	325891	32
Mock_P06_2	12	325891	86
Mock_P06_2	12	325891	127
Mock_P06_2	12	325891	308
Mock_P06_2	12	325891	97
Mock_P06_2	12	325891	91
Mock_P06_2	12	325891	57
Mock_P06_2	12	325891	91
Mock_P06_2	12	325891	125
Mock_P06_2	12	325891	96
Mock_P06_2	12	325891	68
Mock_P06_2	12	325891	111
Mock_P06_2	12	325891	129
Mock_P06_2	12	325891	248
Mock_P06_2	12	325891	57
Mock_P06_2	12	325891	71
Mock_P06_2	12	325891	98
Mock_P06_2	12	325891	82
Mock_P06_2	12	325891	141
Mock_P06_2	12	325891	88
Mock_P06_2	12	325891	146
Mock_P06_2	12	325891	111
Mock_P06_2	12	325891	118
Mock_P06_2	12	325891	79
Mock_P06_2	12	325891	97
Mock_P06_2	12	325891	187
Mock_P06_2	12	325891	146
Mock_P06_2	12	325891	85
Mock_P06_2	12	325891	182
Mock_P06_2	12	325891	118
Mock_P06_2	12	325891	57
Mock_P06_2	12	325891	140
Mock_P06_2	12	325891	352
Mock_P06_2	12	325891	265
Mock_P06_2	12	325891	303
Mock_P06_2	12	325891	81
Mock_P06_2	12	325891	62
Mock_P06_2	12	325891	110
Mock_P06_2	12	325891	148
Mock_P06_2	12	325891	96
Mock_P06_2	12	325891	347
Mock_P06_2	12	325891	58
Mock_P06_2	12	325891	133
Mock_P06_2	12	325891	91
Mock_P06_2	12	325891	112
Mock_P06_2	12	325891	99
Mock_P06_2	12	325891	59
Mock_P06_2	12	325891	159
Mock_P06_2	12	325891	115
Mock_P06_2	12	325891	62
Mock_P06_2	12	325891	340
Mock_P06_2	12	325891	292
Mock_P06_2	12	325891	125
Mock_P06_2	12	325891	94
Mock_P06_2	12	325891	228
Mock_P06_2	12	325891	532
Mock_P06_2	12	325891	52
Mock_P06_2	12	325891	182
Mock_P06_2	12	325891	118
Mock_P06_2	12	325891	59
Mock_P06_2	12	325891	76
Mock_P06_2	12	325891	60
Mock_P06_2	12	325891	185
Mock_P06_2	12	325891	13
Mock_P06_2	12	325891	136
Mock_P06_2	12	325891	77
Mock_P06_2	12	325891	113
Mock_P06_2	12	325891	31
Mock_P06_2	12	325891	120
Mock_P06_2	12	325891	238
Mock_P06_2	12	325891	227
Mock_P06_2	12	325891	156
Mock_P06_2	12	325891	10
Mock_P06_2	12	325891	308
Mock_P06_2	12	325891	139
Mock_P06_2	12	325891	131
Mock_P06_2	12	325891	136
Mock_P06_2	12	325891	159
Mock_P06_2	12	325891	61
Mock_P06_2	12	325891	226
Mock_P06_2	12	325891	10
Mock_P06_2	12	325891	97
Mock_P06_2	12	325891	146
Mock_P06_2	12	325891	365
Mock_P06_2	12	325891	431
Mock_P06_2	12	325891	139
Mock_P06_2	12	325891	130
Mock_P06_2	12	325891	172
Mock_P06_2	12	325891	116
Mock_P06_2	12	325891	92
Mock_P06_2	12	325891	82
Mock_P06_2	12	325891	35
Mock_P06_2	12	325891	179
Mock_P06_2	12	325891	99
Mock_P06_2	12	325891	105
Mock_P06_2	12	325891	86
Mock_P06_2	12	325891	189
Mock_P06_2	12	325891	93
Mock_P06_2	12	325891	90
Mock_P06_2	12	325891	97
Mock_P06_2	12	325891	119
Mock_P06_2	12	325891	76
Mock_P06_2	12	325891	126
Mock_P06_2	12	325891	91
Mock_P06_2	13	277192	47
Mock_P06_2	13	277192	170
Mock_P06_2	13	277192	136
Mock_P06_2	13	277192	97
Mock_P06_2	13	277192	50
Mock_P06_2	13	277192	128
Mock_P06_2	13	277192	119
Mock_P06_2	13	277192	86
Mock_P06_2	13	277192	125
Mock_P06_2	13	277192	1235
Mock_P06_2	13	277192	62
Mock_P06_2	13	277192	118
Mock_P06_2	13	277192	170
Mock_P06_2	13	277192	86
Mock_P06_2	13	277192	99
Mock_P06_2	13	277192	81
Mock_P06_2	13	277192	74
Mock_P06_2	13	277192	103
Mock_P06_2	13	277192	69
Mock_P06_2	13	277192	23
Mock_P06_2	13	277192	16
Mock_P06_2	13	277192	15
Mock_P06_2	13	277192	41
Mock_P06_2	13	277192	94
Mock_P06_2	13	277192	92
Mock_P06_2	13	277192	43
Mock_P06_2	13	277192	93
Mock_P06_2	13	277192	45
Mock_P06_2	13	277192	73
Mock_P06_2	13	277192	73
Mock_P06_2	13	277192	12
Mock_P06_2	13	277192	94
Mock_P06_2	13	277192	88
Mock_P06_2	13	277192	46
Mock_P06_2	13	277192	10
Mock_P06_2	13	277192	47
Mock_P06_2	13	277192	44
Mock_P06_2	13	277192	46
Mock_P06_2	13	277192	117
Mock_P06_2	13	277192	31
Mock_P06_2	13	277192	52
Mock_P06_2	13	277192	42
Mock_P06_2	13	277192	64
Mock_P06_2	13	277192	22
Mock_P06_2	13	277192	61
Mock_P06_2	13	277192	67
Mock_P06_2	13	277192	173
Mock_P06_2	13	277192	61
Mock_P06_2	13	277192	104
Mock_P06_2	13	277192	98
Mock_P06_2	13	277192	50
Mock_P06_2	13	277192	100
Mock_P06_2	13	277192	53
Mock_P06_2	13	277192	60
Mock_P06_2	13	277192	56
Mock_P06_2	13	277192	87
Mock_P06_2	13	277192	92
Mock_P06_2	13	277192	141
Mock_P06_2	13	277192	97
Mock_P06_2	13	277192	126
Mock_P06_2	13	277192	48
Mock_P06_2	13	277192	69
Mock_P06_2	13	277192	34
Mock_P06_2	13	277192	71
Mock_P06_2	13	277192	73
Mock_P06_2	13	277192	66
Mock_P06_2	13	277192	134
Mock_P06_2	13	277192	90
Mock_P06_2	13	277192	61
Mock_P06_2	13	277192	37
Mock_P06_2	13	277192	69
Mock_P06_2	13	277192	76
Mock_P06_2	13	277192	94
Mock_P06_2	13	277192	59
Mock_P06_2	13	277192	237
Mock_P06_2	13	277192	93
Mock_P06_2	13	277192	101
Mock_P06_2	13	277192	53
Mock_P06_2	13	277192	101
Mock_P06_2	13	277192	98
Mock_P06_2	13	277192	59
Mock_P06_2	13	277192	190
Mock_P06_2	13	277192	191
Mock_P06_2	13	277192	107
Mock_P06_2	13	277192	90
Mock_P06_2	13	277192	72
Mock_P06_2	13	277192	129
Mock_P06_2	13	277192	111
Mock_P06_2	13	277192	133
Mock_P06_2	13	277192	118
Mock_P06_2	13	277192	52
Mock_P06_2	13	277192	224
Mock_P06_2	13	277192	123
Mock_P06_2	13	277192	136
Mock_P06_2	13	277192	88
Mock_P06_2	13	277192	93
Mock_P06_2	13	277192	121
Mock_P06_2	13	277192	71
Mock_P06_2	13	277192	94
Mock_P06_2	13	277192	67
Mock_P06_2	13	277192	104
Mock_P06_2	13	277192	29
Mock_P06_2	13	277192	45
Mock_P06_2	13	277192	63
Mock_P06_2	13	277192	68
Mock_P06_2	13	277192	131
Mock_P06_2	13	277192	76
Mock_P06_2	13	277192	122
Mock_P06_2	13	277192	87
Mock_P06_2	13	277192	78
Mock_P06_2	13	277192	97
Mock_P06_2	13	277192	114
Mock_P06_2	13	277192	146
Mock_P06_2	13	277192	110
Mock_P06_2	13	277192	146
Mock_P06_2	13	277192	23
Mock_P06_2	13	277192	108
Mock_P06_2	13	277192	180
Mock_P06_2	13	277192	56
Mock_P06_2	13	277192	156
Mock_P06_2	13	277192	49
Mock_P06_2	13	277192	54
Mock_P06_2	13	277192	36
Mock_P06_2	13	277192	148
Mock_P06_2	13	277192	36
Mock_P06_2	13	277192	143
Mock_P06_2	13	277192	127
Mock_P06_2	13	277192	142
Mock_P06_2	13	277192	83
Mock_P06_2	13	277192	143
Mock_P06_2	13	277192	114
Mock_P06_2	13	277192	76
Mock_P06_2	13	277192	69
Mock_P06_2	13	277192	121
Mock_P06_2	13	277192	63
Mock_P06_2	13	277192	64
Mock_P06_2	13	277192	78
Mock_P06_2	13	277192	72
Mock_P06_2	13	277192	98
Mock_P06_2	13	277192	119
Mock_P06_2	13	277192	208
Mock_P06_2	13	277192	60
Mock_P06_2	13	277192	30
Mock_P06_2	13	277192	56
Mock_P06_2	13	277192	65
Mock_P06_2	13	277192	222
Mock_P06_2	13	277192	129
Mock_P06_2	13	277192	54
Mock_P06_2	13	277192	47
Mock_P06_2	13	277192	182
Mock_P06_2	13	277192	66
Mock_P06_2	13	277192	131
Mock_P06_2	13	277192	94
Mock_P06_2	13	277192	181
Mock_P06_2	13	277192	85
Mock_P06_2	13	277192	285
Mock_P06_2	13	277192	45
Mock_P06_2	13	277192	131
Mock_P06_2	13	277192	272
Mock_P06_2	13	277192	291
Mock_P06_2	13	277192	112
Mock_P06_2	13	277192	199
Mock_P06_2	13	277192	130
Mock_P06_2	13	277192	125
Mock_P06_2	13	277192	54
Mock_P06_2	13	277192	132
Mock_P06_2	13	277192	49
Mock_P06_2	14	306539	114
Mock_P06_2	14	306539	88
Mock_P06_2	14	306539	104
Mock_P06_2	14	306539	107
Mock_P06_2	14	306539	70
Mock_P06_2	14	306539	167
Mock_P06_2	14	306539	101
Mock_P06_2	14	306539	46
Mock_P06_2	14	306539	315
Mock_P06_2	14	306539	90
Mock_P06_2	14	306539	90
Mock_P06_2	14	306539	41
Mock_P06_2	14	306539	112
Mock_P06_2	14	306539	140
Mock_P06_2	14	306539	144
Mock_P06_2	14	306539	35
Mock_P06_2	14	306539	102
Mock_P06_2	14	306539	113
Mock_P06_2	14	306539	110
Mock_P06_2	14	306539	106
Mock_P06_2	14	306539	56
Mock_P06_2	14	306539	115
Mock_P06_2	14	306539	137
Mock_P06_2	14	306539	153
Mock_P06_2	14	306539	121
Mock_P06_2	14	306539	79
Mock_P06_2	14	306539	175
Mock_P06_2	14	306539	226
Mock_P06_2	14	306539	85
Mock_P06_2	14	306539	118
Mock_P06_2	14	306539	157
Mock_P06_2	14	306539	25
Mock_P06_2	14	306539	23
Mock_P06_2	14	306539	61
Mock_P06_2	14	306539	114
Mock_P06_2	14	306539	152
Mock_P06_2	14	306539	120
Mock_P06_2	14	306539	79
Mock_P06_2	14	306539	116
Mock_P06_2	14	306539	93
Mock_P06_2	14	306539	94
Mock_P06_2	14	306539	127
Mock_P06_2	14	306539	104
Mock_P06_2	14	306539	71
Mock_P06_2	14	306539	53
Mock_P06_2	14	306539	63
Mock_P06_2	14	306539	121
Mock_P06_2	14	306539	118
Mock_P06_2	14	306539	103
Mock_P06_2	14	306539	190
Mock_P06_2	14	306539	114
Mock_P06_2	14	306539	100
Mock_P06_2	14	306539	180
Mock_P06_2	14	306539	492
Mock_P06_2	14	306539	114
Mock_P06_2	14	306539	382
Mock_P06_2	14	306539	189
Mock_P06_2	14	306539	39
Mock_P06_2	14	306539	232
Mock_P06_2	14	306539	135
Mock_P06_2	14	306539	132
Mock_P06_2	14	306539	153
Mock_P06_2	14	306539	191
Mock_P06_2	14	306539	272
Mock_P06_2	14	306539	93
Mock_P06_2	14	306539	154
Mock_P06_2	14	306539	158
Mock_P06_2	14	306539	100
Mock_P06_2	14	306539	111
Mock_P06_2	14	306539	103
Mock_P06_2	14	306539	173
Mock_P06_2	14	306539	194
Mock_P06_2	14	306539	375
Mock_P06_2	14	306539	164
Mock_P06_2	14	306539	156
Mock_P06_2	14	306539	104
Mock_P06_2	14	306539	139
Mock_P06_2	14	306539	119
Mock_P06_2	14	306539	65
Mock_P06_2	14	306539	89
Mock_P06_2	14	306539	127
Mock_P06_2	14	306539	89
Mock_P06_2	14	306539	30
Mock_P06_2	14	306539	121
Mock_P06_2	14	306539	148
Mock_P06_2	14	306539	97
Mock_P06_2	14	306539	97
Mock_P06_2	14	306539	148
Mock_P06_2	14	306539	127
Mock_P06_2	14	306539	111
Mock_P06_2	14	306539	88
Mock_P06_2	14	306539	255
Mock_P06_2	14	306539	32
Mock_P06_2	14	306539	162
Mock_P06_2	14	306539	252
Mock_P06_2	14	306539	139
Mock_P06_2	14	306539	131
Mock_P06_2	14	306539	65
Mock_P06_2	14	306539	70
Mock_P06_2	14	306539	188
Mock_P06_2	14	306539	200
Mock_P06_2	14	306539	105
Mock_P06_2	14	306539	139
Mock_P06_2	14	306539	95
Mock_P06_2	14	306539	48
Mock_P06_2	14	306539	208
Mock_P06_2	14	306539	115
Mock_P06_2	14	306539	132
Mock_P06_2	14	306539	86
Mock_P06_2	14	306539	138
Mock_P06_2	14	306539	200
Mock_P06_2	14	306539	378
Mock_P06_2	14	306539	137
Mock_P06_2	15	285786	132
Mock_P06_2	15	285786	206
Mock_P06_2	15	285786	84
Mock_P06_2	15	285786	71
Mock_P06_2	15	285786	62
Mock_P06_2	15	285786	95
Mock_P06_2	15	285786	79
Mock_P06_2	15	285786	116
Mock_P06_2	15	285786	105
Mock_P06_2	15	285786	34
Mock_P06_2	15	285786	22
Mock_P06_2	15	285786	60
Mock_P06_2	15	285786	69
Mock_P06_2	15	285786	74
Mock_P06_2	15	285786	75
Mock_P06_2	15	285786	54
Mock_P06_2	15	285786	43
Mock_P06_2	15	285786	92
Mock_P06_2	15	285786	89
Mock_P06_2	15	285786	106
Mock_P06_2	15	285786	85
Mock_P06_2	15	285786	116
Mock_P06_2	15	285786	125
Mock_P06_2	15	285786	103
Mock_P06_2	15	285786	136
Mock_P06_2	15	285786	89
Mock_P06_2	15	285786	88
Mock_P06_2	15	285786	101
Mock_P06_2	15	285786	111
Mock_P06_2	15	285786	156
Mock_P06_2	15	285786	78
Mock_P06_2	15	285786	96
Mock_P06_2	15	285786	96
Mock_P06_2	15	285786	121
Mock_P06_2	15	285786	133
Mock_P06_2	15	285786	157
Mock_P06_2	15	285786	75
Mock_P06_2	15	285786	134
Mock_P06_2	15	285786	201
Mock_P06_2	15	285786	138
Mock_P06_2	15	285786	103
Mock_P06_2	15	285786	98
Mock_P06_2	15	285786	81
Mock_P06_2	15	285786	171
Mock_P06_2	15	285786	84
Mock_P06_2	15	285786	203
Mock_P06_2	15	285786	122
Mock_P06_2	15	285786	176
Mock_P06_2	15	285786	291
Mock_P06_2	15	285786	123
Mock_P06_2	15	285786	110
Mock_P06_2	15	285786	123
Mock_P06_2	15	285786	123
Mock_P06_2	15	285786	84
Mock_P06_2	15	285786	60
Mock_P06_2	15	285786	108
Mock_P06_2	15	285786	131
Mock_P06_2	15	285786	102
Mock_P06_2	15	285786	126
Mock_P06_2	15	285786	137
Mock_P06_2	15	285786	56
Mock_P06_2	15	285786	162
Mock_P06_2	15	285786	151
Mock_P06_2	15	285786	90
Mock_P06_2	15	285786	113
Mock_P06_2	15	285786	175
Mock_P06_2	15	285786	112
Mock_P06_2	15	285786	135
Mock_P06_2	15	285786	114
Mock_P06_2	15	285786	105
Mock_P06_2	15	285786	116
Mock_P06_2	15	285786	131
Mock_P06_2	15	285786	139
Mock_P06_2	15	285786	107
Mock_P06_2	15	285786	226
Mock_P06_2	15	285786	157
Mock_P06_2	15	285786	89
Mock_P06_2	15	285786	127
Mock_P06_2	15	285786	69
Mock_P06_2	15	285786	113
Mock_P06_2	15	285786	44
Mock_P06_2	15	285786	32
Mock_P06_2	15	285786	160
Mock_P06_2	15	285786	203
Mock_P06_2	15	285786	144
Mock_P06_2	15	285786	68
Mock_P06_2	15	285786	112
Mock_P06_2	15	285786	110
Mock_P06_2	15	285786	85
Mock_P06_2	15	285786	170
Mock_P06_2	15	285786	106
Mock_P06_2	15	285786	154
Mock_P06_2	15	285786	109
Mock_P06_2	15	285786	103
Mock_P06_2	15	285786	96
Mock_P06_2	15	285786	68
Mock_P06_2	15	285786	99
Mock_P06_2	15	285786	172
Mock_P06_2	15	285786	49
Mock_P06_2	16	305024	16
Mock_P06_2	16	305024	77
Mock_P06_2	16	305024	120
Mock_P06_2	16	305024	110
Mock_P06_2	16	305024	147
Mock_P06_2	16	305024	290
Mock_P06_2	16	305024	125
Mock_P06_2	16	305024	98
Mock_P06_2	16	305024	164
Mock_P06_2	16	305024	130
Mock_P06_2	16	305024	151
Mock_P06_2	16	305024	208
Mock_P06_2	16	305024	130
Mock_P06_2	16	305024	265
Mock_P06_2	16	305024	140
Mock_P06_2	16	305024	500
Mock_P06_2	16	305024	163
Mock_P06_2	16	305024	231
Mock_P06_2	16	305024	153
Mock_P06_2	16	305024	154
Mock_P06_2	16	305024	114
Mock_P06_2	16	305024	124
Mock_P06_2	16	305024	214
Mock_P06_2	16	305024	124
Mock_P06_2	16	305024	222
Mock_P06_2	16	305024	118
Mock_P06_2	16	305024	212
Mock_P06_2	16	305024	132
Mock_P06_2	16	305024	97
Mock_P06_2	16	305024	151
Mock_P06_2	16	305024	49
Mock_P06_2	16	305024	142
Mock_P06_2	16	305024	790
Mock_P06_2	16	305024	15
Mock_P06_2	16	305024	127
Mock_P06_2	16	305024	167
Mock_P06_2	16	305024	78
Mock_P06_2	16	305024	236
Mock_P06_2	16	305024	40
Mock_P06_2	16	305024	125
Mock_P06_2	16	305024	148
Mock_P06_2	16	305024	85
Mock_P06_2	16	305024	68
Mock_P06_2	16	305024	29
Mock_P06_2	16	305024	117
Mock_P06_2	16	305024	81
Mock_P06_2	16	305024	352
Mock_P06_2	16	305024	115
Mock_P06_2	16	305024	198
Mock_P06_2	16	305024	107
Mock_P06_2	16	305024	150
Mock_P06_2	16	305024	74
Mock_P06_2	16	305024	145
Mock_P06_2	16	305024	131
Mock_P06_2	16	305024	132
Mock_P06_2	16	305024	139
Mock_P06_2	16	305024	190
Mock_P06_2	16	305024	109
Mock_P06_2	16	305024	93
Mock_P06_2	16	305024	216
Mock_P06_2	16	305024	90
Mock_P06_2	16	305024	240
Mock_P06_2	16	305024	137
Mock_P06_2	16	305024	234
Mock_P06_2	16	305024	119
Mock_P06_2	16	305024	200
Mock_P06_2	16	305024	44
Mock_P06_2	16	305024	228
Mock_P06_2	16	305024	135
Mock_P06_2	16	305024	137
Mock_P06_2	16	305024	99
Mock_P06_2	16	305024	261
Mock_P06_2	16	305024	141
Mock_P06_2	16	305024	130
Mock_P06_2	16	305024	233
Mock_P06_2	16	305024	94
Mock_P06_2	16	305024	103
Mock_P06_2	16	305024	128
Mock_P06_2	16	305024	135
Mock_P06_2	16	305024	144
Mock_P06_2	16	305024	169
Mock_P06_2	16	305024	102
Mock_P06_2	16	305024	479
Mock_P06_2	16	305024	78
Mock_P06_2	16	305024	86
Mock_P06_2	16	305024	200
Mock_P06_2	16	305024	356
Mock_P06_2	16	305024	86
Mock_P06_2	16	305024	311
Mock_P06_2	16	305024	136
Mock_P06_2	16	305024	162
Mock_P06_2	16	305024	146
Mock_P06_2	16	305024	143
Mock_P06_2	16	305024	279
Mock_P06_2	16	305024	167
Mock_P06_2	16	305024	91
Mock_P06_2	16	305024	155
Mock_P06_2	16	305024	138
Mock_P06_2	16	305024	110
Mock_P06_2	16	305024	149
Mock_P06_2	16	305024	62
Mock_P06_2	16	305024	97
Mock_P06_2	16	305024	105
Mock_P06_2	16	305024	62
Mock_P06_2	16	305024	273
Mock_P06_2	16	305024	88
Mock_P06_2	16	305024	116
Mock_P06_2	16	305024	155
Mock_P06_2	16	305024	108
Mock_P06_2	16	305024	125
Mock_P06_2	16	305024	171
Mock_P06_2	16	305024	131
Mock_P06_2	16	305024	202
Mock_P06_2	16	305024	64
Mock_P06_2	16	305024	115
Mock_P06_2	16	305024	82
Mock_P06_2	16	305024	77
Mock_P06_2	16	305024	63
Mock_P06_2	16	305024	90
Mock_P06_2	16	305024	63
Mock_P06_2	16	305024	72
Mock_P06_2	16	305024	26
Mock_P06_2	16	305024	105
Mock_P06_2	16	305024	173
Mock_P06_2	16	305024	147
Mock_P06_2	16	305024	233
Mock_P06_2	16	305024	62
Mock_P06_2	16	305024	51
Mock_P06_2	16	305024	58
Mock_P06_2	16	305024	122
Mock_P06_2	16	305024	59
Mock_P06_2	16	305024	114
Mock_P06_2	16	305024	210
Mock_P06_2	16	305024	228
Mock_P06_2	16	305024	74
Mock_P06_2	16	305024	109
Mock_P06_2	16	305024	109
Mock_P06_2	16	305024	77
Mock_P06_2	16	305024	214
Mock_P06_2	16	305024	75
Mock_P06_2	16	305024	86
Mock_P06_2	16	305024	152
Mock_P06_2	16	305024	81
Mock_P06_2	16	305024	355
Mock_P06_2	16	305024	63
Mock_P06_2	16	305024	164
Mock_P06_2	16	305024	126
Mock_P06_2	16	305024	119
Mock_P06_2	16	305024	193
Mock_P06_2	16	305024	445
Mock_P06_2	16	305024	184
Mock_P06_2	16	305024	387
Mock_P06_2	17	253981	80
Mock_P06_2	17	253981	75
Mock_P06_2	17	253981	106
Mock_P06_2	17	253981	83
Mock_P06_2	17	253981	77
Mock_P06_2	17	253981	46
Mock_P06_2	17	253981	51
Mock_P06_2	17	253981	30
Mock_P06_2	17	253981	74
Mock_P06_2	17	253981	24
Mock_P06_2	17	253981	50
Mock_P06_2	17	253981	75
Mock_P06_2	17	253981	79
Mock_P06_2	17	253981	162
Mock_P06_2	17	253981	385
Mock_P06_2	17	253981	70
Mock_P06_2	17	253981	59
Mock_P06_2	17	253981	94
Mock_P06_2	17	253981	207
Mock_P06_2	17	253981	142
Mock_P06_2	17	253981	71
Mock_P06_2	17	253981	61
Mock_P06_2	17	253981	83
Mock_P06_2	17	253981	71
Mock_P06_2	17	253981	66
Mock_P06_2	17	253981	75
Mock_P06_2	17	253981	117
Mock_P06_2	17	253981	99
Mock_P06_2	17	253981	99
Mock_P06_2	17	253981	60
Mock_P06_2	17	253981	339
Mock_P06_2	17	253981	101
Mock_P06_2	17	253981	66
Mock_P06_2	17	253981	67
Mock_P06_2	17	253981	58
Mock_P06_2	17	253981	80
Mock_P06_2	17	253981	101
Mock_P06_2	17	253981	64
Mock_P06_2	17	253981	67
Mock_P06_2	17	253981	54
Mock_P06_2	17	253981	126
Mock_P06_2	17	253981	113
Mock_P06_2	17	253981	187
Mock_P06_2	17	253981	95
Mock_P06_2	17	253981	96
Mock_P06_2	17	253981	141
Mock_P06_2	17	253981	127
Mock_P06_2	17	253981	243
Mock_P06_2	17	253981	146
Mock_P06_2	17	253981	111
Mock_P06_2	17	253981	132
Mock_P06_2	17	253981	159
Mock_P06_2	17	253981	111
Mock_P06_2	17	253981	129
Mock_P06_2	17	253981	142
Mock_P06_2	17	253981	68
Mock_P06_2	17	253981	102
Mock_P06_2	17	253981	129
Mock_P06_2	17	253981	159
Mock_P06_2	17	253981	83
Mock_P06_2	17	253981	151
Mock_P06_2	17	253981	166
Mock_P06_2	17	253981	232
Mock_P06_2	17	253981	81
Mock_P06_2	17	253981	197
Mock_P06_2	17	253981	223
Mock_P06_2	17	253981	90
Mock_P06_2	17	253981	115
Mock_P06_2	17	253981	97
Mock_P06_2	17	253981	139
Mock_P06_2	17	253981	97
Mock_P06_2	17	253981	137
Mock_P06_2	17	253981	140
Mock_P06_2	17	253981	116
Mock_P06_2	17	253981	266
Mock_P06_2	17	253981	191
Mock_P06_2	17	253981	92
Mock_P06_2	17	253981	56
Mock_P06_2	17	253981	71
Mock_P06_2	17	253981	115
Mock_P06_2	17	253981	74
Mock_P06_2	17	253981	119
Mock_P06_2	17	253981	114
Mock_P06_2	17	253981	96
Mock_P06_2	17	253981	96
Mock_P06_2	17	253981	158
Mock_P06_2	17	253981	132
Mock_P06_2	17	253981	170
Mock_P06_2	17	253981	82
Mock_P06_2	17	253981	68
Mock_P06_2	17	253981	199
Mock_P06_2	17	253981	73
Mock_P06_2	17	253981	61
Mock_P06_2	17	253981	125
Mock_P06_2	17	253981	107
Mock_P06_2	17	253981	112
Mock_P06_2	17	253981	166
Mock_P06_2	17	253981	74
Mock_P06_2	17	253981	126
Mock_P06_2	17	253981	197
Mock_P06_2	17	253981	116
Mock_P06_2	17	253981	59
Mock_P06_2	17	253981	67
Mock_P06_2	17	253981	93
Mock_P06_2	17	253981	113
Mock_P06_2	17	253981	330
Mock_P06_2	17	253981	137
Mock_P06_2	17	253981	150
Mock_P06_2	18	237703	168
Mock_P06_2	18	237703	150
Mock_P06_2	18	237703	153
Mock_P06_2	18	237703	103
Mock_P06_2	18	237703	151
Mock_P06_2	18	237703	232
Mock_P06_2	18	237703	103
Mock_P06_2	18	237703	106
Mock_P06_2	18	237703	207
Mock_P06_2	18	237703	121
Mock_P06_2	18	237703	148
Mock_P06_2	18	237703	25
Mock_P06_2	18	237703	118
Mock_P06_2	18	237703	127
Mock_P06_2	18	237703	107
Mock_P06_2	18	237703	194
Mock_P06_2	18	237703	122
Mock_P06_2	18	237703	69
Mock_P06_2	18	237703	96
Mock_P06_2	18	237703	130
Mock_P06_2	18	237703	164
Mock_P06_2	18	237703	164
Mock_P06_2	18	237703	137
Mock_P06_2	18	237703	383
Mock_P06_2	18	237703	136
Mock_P06_2	18	237703	112
Mock_P06_2	18	237703	190
Mock_P06_2	18	237703	101
Mock_P06_2	18	237703	105
Mock_P06_2	18	237703	192
Mock_P06_2	18	237703	116
Mock_P06_2	18	237703	210
Mock_P06_2	18	237703	20
Mock_P06_2	18	237703	120
Mock_P06_2	18	237703	137
Mock_P06_2	18	237703	32
Mock_P06_2	18	237703	107
Mock_P06_2	18	237703	58
Mock_P06_2	18	237703	15
Mock_P06_2	18	237703	44
Mock_P06_2	18	237703	109
Mock_P06_2	18	237703	25
Mock_P06_2	18	237703	35
Mock_P06_2	18	237703	48
Mock_P06_2	18	237703	110
Mock_P06_2	18	237703	32
Mock_P06_2	18	237703	75
Mock_P06_2	18	237703	39
Mock_P06_2	18	237703	92
Mock_P06_2	18	237703	13
Mock_P06_2	18	237703	69
Mock_P06_2	18	237703	69
Mock_P06_2	18	237703	168
Mock_P06_2	18	237703	135
Mock_P06_2	18	237703	94
Mock_P06_2	18	237703	63
Mock_P06_2	18	237703	160
Mock_P06_2	18	237703	73
Mock_P06_2	18	237703	94
Mock_P06_2	18	237703	90
Mock_P06_2	18	237703	49
Mock_P06_2	18	237703	76
Mock_P06_2	18	237703	130
Mock_P06_2	18	237703	60
Mock_P06_2	18	237703	96
Mock_P06_2	18	237703	91
Mock_P06_2	18	237703	44
Mock_P06_2	18	237703	58
Mock_P06_2	18	237703	80
Mock_P06_2	18	237703	84
Mock_P06_2	18	237703	29
Mock_P06_2	18	237703	34
Mock_P06_2	18	237703	86
Mock_P06_2	18	237703	65
Mock_P06_2	18	237703	17
Mock_P06_2	18	237703	22
Mock_P06_2	18	237703	131
Mock_P06_2	18	237703	164
Mock_P06_2	18	237703	17
Mock_P06_2	18	237703	73
Mock_P06_2	18	237703	50
Mock_P06_2	18	237703	66
Mock_P06_2	18	237703	157
Mock_P06_2	18	237703	142
Mock_P06_2	18	237703	190
Mock_P06_2	18	237703	98
Mock_P06_2	18	237703	119
Mock_P06_2	18	237703	79
Mock_P06_2	18	237703	105
Mock_P06_2	18	237703	67
Mock_P06_2	18	237703	127
Mock_P06_2	18	237703	101
Mock_P06_2	18	237703	239
Mock_P06_2	18	237703	104
Mock_P06_2	18	237703	97
Mock_P06_2	18	237703	72
Mock_P06_2	18	237703	228
Mock_P06_2	18	237703	239
Mock_P06_2	18	237703	243
Mock_P06_2	18	237703	138
Mock_P06_2	18	237703	79
Mock_P06_2	18	237703	98
Mock_P06_2	18	237703	100
Mock_P06_2	18	237703	101
Mock_P06_2	18	237703	59
Mock_P06_2	18	237703	200
Mock_P06_2	18	237703	287
Mock_P06_2	18	237703	11
Mock_P06_2	18	237703	105
Mock_P06_2	18	237703	130
Mock_P06_2	18	237703	99
Mock_P06_2	18	237703	86
Mock_P06_2	18	237703	99
Mock_P06_2	18	237703	156
Mock_P06_2	18	237703	169
Mock_P06_2	18	237703	88
Mock_P06_2	18	237703	107
Mock_P06_2	18	237703	141
Mock_P06_2	18	237703	126
Mock_P06_2	18	237703	140
Mock_P06_2	18	237703	296
Mock_P06_2	18	237703	129
Mock_P06_2	18	237703	75
Mock_P06_2	18	237703	216
Mock_P06_2	18	237703	303
Mock_P06_2	18	237703	97
Mock_P06_2	18	237703	216
Mock_P06_2	18	237703	125
Mock_P06_2	18	237703	151
Mock_P06_2	18	237703	98
Mock_P06_2	18	237703	156
Mock_P06_2	18	237703	154
Mock_P06_2	18	237703	134
Mock_P06_2	18	237703	105
Mock_P06_2	18	237703	184
Mock_P06_2	18	237703	116
Mock_P06_2	18	237703	127
Mock_P06_2	18	237703	64
Mock_P06_2	18	237703	31
Mock_P06_2	18	237703	108
Mock_P06_2	18	237703	162
Mock_P06_2	18	237703	275
Mock_P06_2	18	237703	264
Mock_P06_2	18	237703	154
Mock_P06_2	18	237703	86
Mock_P06_2	18	237703	98
Mock_P06_2	18	237703	185
Mock_P06_2	18	237703	274
Mock_P06_2	18	237703	91
Mock_P06_2	18	237703	125
Mock_P06_2	18	237703	183
Mock_P06_2	18	237703	70
Mock_P06_2	18	237703	30
Mock_P06_2	18	237703	127
Mock_P06_2	18	237703	150
Mock_P06_2	18	237703	67
Mock_P06_2	18	237703	145
Mock_P06_2	18	237703	171
Mock_P06_2	18	237703	73
Mock_P06_2	18	237703	90
Mock_P06_2	18	237703	139
Mock_P06_2	18	237703	100
Mock_P06_2	18	237703	112
Mock_P06_2	18	237703	109
Mock_P06_2	18	237703	180
Mock_P06_2	18	237703	68
Mock_P06_2	18	237703	92
Mock_P06_2	18	237703	18
Mock_P06_2	18	237703	114
Mock_P06_2	18	237703	45
Mock_P06_2	18	237703	42
Mock_P06_2	18	237703	139
Mock_P06_2	18	237703	11
Mock_P06_2	18	237703	74
Mock_P06_2	18	237703	65
Mock_P06_2	18	237703	105
Mock_P06_2	18	237703	14
Mock_P06_2	19	267684	183
Mock_P06_2	19	267684	111
Mock_P06_2	19	267684	142
Mock_P06_2	19	267684	52
Mock_P06_2	19	267684	93
Mock_P06_2	19	267684	70
Mock_P06_2	19	267684	90
Mock_P06_2	19	267684	66
Mock_P06_2	19	267684	230
Mock_P06_2	19	267684	44
Mock_P06_2	19	267684	131
Mock_P06_2	19	267684	99
Mock_P06_2	19	267684	295
Mock_P06_2	19	267684	124
Mock_P06_2	19	267684	127
Mock_P06_2	19	267684	105
Mock_P06_2	19	267684	115
Mock_P06_2	19	267684	117
Mock_P06_2	19	267684	135
Mock_P06_2	19	267684	159
Mock_P06_2	19	267684	268
Mock_P06_2	19	267684	62
Mock_P06_2	19	267684	201
Mock_P06_2	19	267684	134
Mock_P06_2	19	267684	88
Mock_P06_2	19	267684	97
Mock_P06_2	19	267684	132
Mock_P06_2	19	267684	145
Mock_P06_2	19	267684	44
Mock_P06_2	19	267684	84
Mock_P06_2	19	267684	126
Mock_P06_2	19	267684	83
Mock_P06_2	19	267684	132
Mock_P06_2	19	267684	170
Mock_P06_2	19	267684	198
Mock_P06_2	19	267684	99
Mock_P06_2	19	267684	40
Mock_P06_2	19	267684	138
Mock_P06_2	19	267684	48
Mock_P06_2	19	267684	120
Mock_P06_2	19	267684	116
Mock_P06_2	19	267684	89
Mock_P06_2	19	267684	57
Mock_P06_2	19	267684	170
Mock_P06_2	19	267684	12
Mock_P06_2	19	267684	116
Mock_P06_2	19	267684	131
Mock_P06_2	19	267684	71
Mock_P06_2	19	267684	53
Mock_P06_2	19	267684	78
Mock_P06_2	19	267684	64
Mock_P06_2	19	267684	132
Mock_P06_2	19	267684	77
Mock_P06_2	19	267684	129
Mock_P06_2	19	267684	61
Mock_P06_2	19	267684	134
Mock_P06_2	19	267684	109
Mock_P06_2	19	267684	173
Mock_P06_2	19	267684	134
Mock_P06_2	19	267684	150
Mock_P06_2	19	267684	133
Mock_P06_2	19	267684	102
Mock_P06_2	19	267684	235
Mock_P06_2	19	267684	20
Mock_P06_2	19	267684	112
Mock_P06_2	19	267684	111
Mock_P06_2	19	267684	122
Mock_P06_2	19	267684	193
Mock_P06_2	19	267684	55
Mock_P06_2	19	267684	58
Mock_P06_2	19	267684	123
Mock_P06_2	19	267684	265
Mock_P06_2	19	267684	24
Mock_P06_2	19	267684	51
Mock_P06_2	19	267684	91
Mock_P06_2	19	267684	137
Mock_P06_2	19	267684	77
Mock_P06_2	19	267684	321
Mock_P06_2	19	267684	117
Mock_P06_2	19	267684	95
Mock_P06_2	19	267684	79
Mock_P06_2	19	267684	108
Mock_P06_2	19	267684	103
Mock_P06_2	19	267684	98
Mock_P06_2	19	267684	133
Mock_P06_2	19	267684	155
Mock_P06_2	19	267684	23
Mock_P06_2	19	267684	138
Mock_P06_2	19	267684	135
Mock_P06_2	19	267684	81
Mock_P06_2	19	267684	103
Mock_P06_2	19	267684	126
Mock_P06_2	19	267684	79
Mock_P06_2	19	267684	94
Mock_P06_2	19	267684	223
Mock_P06_2	19	267684	115
Mock_P06_2	19	267684	83
Mock_P06_2	19	267684	151
Mock_P06_2	19	267684	66
Mock_P06_2	19	267684	54
Mock_P06_2	19	267684	55
Mock_P06_2	19	267684	54
Mock_P06_2	19	267684	51
Mock_P06_2	19	267684	72
Mock_P06_2	19	267684	63
Mock_P06_2	19	267684	148
Mock_P06_2	19	267684	79
Mock_P06_2	19	267684	96
Mock_P06_2	19	267684	56
Mock_P06_2	19	267684	95
Mock_P06_2	19	267684	112
Mock_P06_2	19	267684	62
Mock_P06_2	19	267684	28
Mock_P06_2	19	267684	121
Mock_P06_2	19	267684	114
Mock_P06_2	19	267684	71
Mock_P06_2	19	267684	217
Mock_P06_2	19	267684	43
Mock_P06_2	19	267684	142
Mock_P06_2	19	267684	79
Mock_P06_2	19	267684	97
Mock_P06_2	19	267684	93
Mock_P06_2	19	267684	85
Mock_P06_2	19	267684	104
Mock_P06_2	19	267684	89
Mock_P06_2	19	267684	197
Mock_P06_2	19	267684	81
Mock_P06_2	19	267684	107
Mock_P06_2	19	267684	156
Mock_P06_2	19	267684	218
Mock_P06_2	19	267684	91
Mock_P06_2	20	217953	102
Mock_P06_2	20	217953	78
Mock_P06_2	20	217953	25
Mock_P06_2	20	217953	78
Mock_P06_2	20	217953	736
Mock_P06_2	20	217953	67
Mock_P06_2	20	217953	109
Mock_P06_2	20	217953	78
Mock_P06_2	20	217953	143
Mock_P06_2	20	217953	120
Mock_P06_2	20	217953	160
Mock_P06_2	20	217953	64
Mock_P06_2	20	217953	94
Mock_P06_2	20	217953	104
Mock_P06_2	20	217953	51
Mock_P06_2	20	217953	96
Mock_P06_2	20	217953	97
Mock_P06_2	20	217953	204
Mock_P06_2	20	217953	108
Mock_P06_2	20	217953	138
Mock_P06_2	20	217953	91
Mock_P06_2	20	217953	33
Mock_P06_2	20	217953	140
Mock_P06_2	20	217953	188
Mock_P06_2	20	217953	98
Mock_P06_2	20	217953	27
Mock_P06_2	20	217953	101
Mock_P06_2	20	217953	50
Mock_P06_2	20	217953	56
Mock_P06_2	20	217953	60
Mock_P06_2	20	217953	141
Mock_P06_2	20	217953	165
Mock_P06_2	20	217953	98
Mock_P06_2	20	217953	173
Mock_P06_2	20	217953	168
Mock_P06_2	20	217953	100
Mock_P06_2	20	217953	82
Mock_P06_2	20	217953	94
Mock_P06_2	20	217953	112
Mock_P06_2	20	217953	125
Mock_P06_2	20	217953	105
Mock_P06_2	20	217953	132
Mock_P06_2	20	217953	138
Mock_P06_2	20	217953	158
Mock_P06_2	20	217953	218
Mock_P06_2	20	217953	116
Mock_P06_2	20	217953	252
Mock_P06_2	20	217953	75
Mock_P06_2	20	217953	82
Mock_P06_2	20	217953	76
Mock_P06_2	20	217953	74
Mock_P06_2	20	217953	32
Mock_P06_2	20	217953	63
Mock_P06_2	20	217953	44
Mock_P06_2	20	217953	278
Mock_P06_2	20	217953	209
Mock_P06_2	20	217953	36
Mock_P06_2	20	217953	70
Mock_P06_2	20	217953	93
Mock_P06_2	20	217953	131
Mock_P06_2	20	217953	123
Mock_P06_2	20	217953	66
Mock_P06_2	20	217953	173
Mock_P06_2	20	217953	12
Mock_P06_2	20	217953	78
Mock_P06_2	20	217953	27
Mock_P06_2	20	217953	48
Mock_P06_2	20	217953	61
Mock_P06_2	20	217953	115
Mock_P06_2	20	217953	19
Mock_P06_2	20	217953	80
Mock_P06_2	20	217953	60
Mock_P06_2	20	217953	80
Mock_P06_2	20	217953	117
Mock_P06_2	20	217953	43
Mock_P06_2	20	217953	60
Mock_P06_2	20	217953	72
Mock_P06_2	20	217953	154
Mock_P06_2	20	217953	93
Mock_P06_2	20	217953	68
Mock_P06_2	20	217953	14
Mock_P06_2	20	217953	213
Mock_P06_2	20	217953	45
Mock_P06_2	20	217953	101
Mock_P06_2	20	217953	90
Mock_P06_2	20	217953	86
Mock_P06_2	20	217953	114
Mock_P06_2	20	217953	77
Mock_P06_2	20	217953	95
Mock_P06_2	20	217953	147
Mock_P06_2	20	217953	192
Mock_P06_2	20	217953	275
Mock_P06_2	20	217953	82
Mock_P06_2	20	217953	53
Mock_P06_2	20	217953	154
Mock_P06_2	20	217953	76
Mock_P06_2	20	217953	11
Mock_P06_2	20	217953	106
Mock_P06_2	20	217953	92
Mock_P06_2	20	217953	119
Mock_P06_2	20	217953	234
Mock_P06_2	20	217953	135
Mock_P06_2	20	217953	147
Mock_P06_2	20	217953	141
Mock_P06_2	21	181000	74
Mock_P06_2	21	181000	121
Mock_P06_2	21	181000	86
Mock_P06_2	21	181000	125
Mock_P06_2	21	181000	101
Mock_P06_2	21	181000	118
Mock_P06_2	21	181000	214
Mock_P06_2	21	181000	79
Mock_P06_2	21	181000	68
Mock_P06_2	21	181000	100
Mock_P06_2	21	181000	86
Mock_P06_2	21	181000	77
Mock_P06_2	21	181000	103
Mock_P06_2	21	181000	122
Mock_P06_2	21	181000	99
Mock_P06_2	21	181000	68
Mock_P06_2	21	181000	109
Mock_P06_2	21	181000	115
Mock_P06_2	21	181000	105
Mock_P06_2	21	181000	133
Mock_P06_2	21	181000	61
Mock_P06_2	21	181000	220
Mock_P06_2	21	181000	80
Mock_P06_2	21	181000	110
Mock_P06_2	21	181000	182
Mock_P06_2	21	181000	122
Mock_P06_2	21	181000	50
Mock_P06_2	21	181000	90
Mock_P06_2	21	181000	63
Mock_P06_2	21	181000	209
Mock_P06_2	21	181000	154
Mock_P06_2	21	181000	60
Mock_P06_2	21	181000	275
Mock_P06_2	21	181000	92
Mock_P06_2	21	181000	95
Mock_P06_2	21	181000	110
Mock_P06_2	21	181000	176
Mock_P06_2	21	181000	97
Mock_P06_2	21	181000	139
Mock_P06_2	21	181000	179
Mock_P06_2	21	181000	88
Mock_P06_2	21	181000	72
Mock_P06_2	21	181000	74
Mock_P06_2	21	181000	102
Mock_P06_2	21	181000	111
Mock_P06_2	21	181000	39
Mock_P06_2	21	181000	117
Mock_P06_2	21	181000	78
Mock_P06_2	21	181000	58
Mock_P06_2	21	181000	85
Mock_P06_2	21	181000	68
Mock_P06_2	21	181000	87
Mock_P06_2	21	181000	100
Mock_P06_2	21	181000	96
Mock_P06_2	21	181000	80
Mock_P06_2	21	181000	25
Mock_P06_2	21	181000	59
Mock_P06_2	21	181000	114
Mock_P06_2	21	181000	105
Mock_P06_2	21	181000	123
Mock_P06_2	21	181000	90
Mock_P06_2	21	181000	130
Mock_P06_2	21	181000	127
Mock_P06_2	21	181000	101
Mock_P06_2	21	181000	127
Mock_P06_2	21	181000	179
Mock_P06_2	21	181000	51
Mock_P06_2	21	181000	198
Mock_P06_2	21	181000	119
Mock_P06_2	21	181000	74
Mock_P06_2	21	181000	150
Mock_P06_2	21	181000	220
Mock_P06_2	21	181000	121
Mock_P06_2	21	181000	108
Mock_P06_2	21	181000	85
Mock_P06_2	21	181000	77
Mock_P06_2	21	181000	114
Mock_P06_2	21	181000	10
Mock_P06_2	21	181000	182
Mock_P06_2	21	181000	64
Mock_P06_2	21	181000	71
Mock_P06_2	21	181000	110
Mock_P06_2	21	181000	53
Mock_P06_2	21	181000	109
Mock_P06_2	21	181000	145
Mock_P06_2	21	181000	138
Mock_P06_2	21	181000	135
Mock_P06_2	21	181000	79
Mock_P06_2	21	181000	204
Mock_P06_2	21	181000	75
Mock_P06_2	21	181000	107
Mock_P06_2	21	181000	94
Mock_P06_2	21	181000	168
Mock_P06_2	21	181000	180
Mock_P06_2	21	181000	114
Mock_P06_2	21	181000	67
Mock_P06_2	21	181000	65
Mock_P06_2	21	181000	118
Mock_P06_2	21	181000	230
Mock_P06_2	21	181000	143
Mock_P06_2	21	181000	133
Mock_P06_2	21	181000	84
Mock_P06_2	21	181000	165
Mock_P06_2	22	241334	57
Mock_P06_2	22	241334	88
Mock_P06_2	22	241334	36
Mock_P06_2	22	241334	70
Mock_P06_2	22	241334	128
Mock_P06_2	22	241334	31
Mock_P06_2	22	241334	113
Mock_P06_2	22	241334	66
Mock_P06_2	22	241334	91
Mock_P06_2	22	241334	149
Mock_P06_2	22	241334	197
Mock_P06_2	22	241334	132
Mock_P06_2	22	241334	128
Mock_P06_2	22	241334	43
Mock_P06_2	22	241334	142
Mock_P06_2	22	241334	141
Mock_P06_2	22	241334	344
Mock_P06_2	22	241334	116
Mock_P06_2	22	241334	184
Mock_P06_2	22	241334	154
Mock_P06_2	22	241334	195
Mock_P06_2	22	241334	160
Mock_P06_2	22	241334	93
Mock_P06_2	22	241334	158
Mock_P06_2	22	241334	142
Mock_P06_2	22	241334	156
Mock_P06_2	22	241334	145
Mock_P06_2	22	241334	163
Mock_P06_2	22	241334	181
Mock_P06_2	22	241334	77
Mock_P06_2	22	241334	92
Mock_P06_2	22	241334	219
Mock_P06_2	22	241334	67
Mock_P06_2	22	241334	31
Mock_P06_2	22	241334	90
Mock_P06_2	22	241334	135
Mock_P06_2	22	241334	88
Mock_P06_2	22	241334	68
Mock_P06_2	22	241334	118
Mock_P06_2	22	241334	92
Mock_P06_2	22	241334	72
Mock_P06_2	22	241334	75
Mock_P06_2	22	241334	110
Mock_P06_2	22	241334	123
Mock_P06_2	22	241334	240
Mock_P06_2	22	241334	135
Mock_P06_2	22	241334	65
Mock_P06_2	22	241334	89
Mock_P06_2	22	241334	76
Mock_P06_2	22	241334	59
Mock_P06_2	22	241334	114
Mock_P06_2	22	241334	106
Mock_P06_2	22	241334	189
Mock_P06_2	22	241334	105
Mock_P06_2	22	241334	111
Mock_P06_2	22	241334	80
Mock_P06_2	22	241334	273
Mock_P06_2	22	241334	75
Mock_P06_2	22	241334	89
Mock_P06_2	22	241334	74
Mock_P06_2	22	241334	60
Mock_P06_2	22	241334	107
Mock_P06_2	22	241334	39
Mock_P06_2	22	241334	69
Mock_P06_2	22	241334	65
Mock_P06_2	22	241334	95
Mock_P06_2	22	241334	108
Mock_P06_2	22	241334	153
Mock_P06_2	22	241334	126
Mock_P06_2	22	241334	125
Mock_P06_2	22	241334	79
Mock_P06_2	22	241334	117
Mock_P06_2	22	241334	39
Mock_P06_2	22	241334	57
Mock_P06_2	22	241334	310
Mock_P06_2	22	241334	160
Mock_P06_2	22	241334	61
Mock_P06_2	22	241334	53
Mock_P06_2	22	241334	83
Mock_P06_2	22	241334	103
Mock_P06_2	22	241334	69
Mock_P06_2	22	241334	83
Mock_P06_2	22	241334	84
Mock_P06_2	22	241334	38
Mock_P06_2	22	241334	84
Mock_P06_2	22	241334	161
Mock_P06_2	22	241334	19
Mock_P06_2	22	241334	71
Mock_P06_2	22	241334	120
Mock_P06_2	22	241334	48
Mock_P06_2	22	241334	84
Mock_P06_2	22	241334	69
Mock_P06_2	22	241334	160
Mock_P06_2	22	241334	27
Mock_P06_2	22	241334	157
Mock_P06_2	22	241334	129
Mock_P06_2	22	241334	69
Mock_P06_2	22	241334	85
Mock_P06_2	22	241334	57
Mock_P06_2	22	241334	52
Mock_P06_2	22	241334	60
Mock_P06_2	22	241334	154
Mock_P06_2	22	241334	60
Mock_P06_2	22	241334	81
Mock_P06_2	22	241334	69
Mock_P06_2	22	241334	65
Mock_P06_2	22	241334	103
Mock_P06_2	22	241334	61
Mock_P06_2	22	241334	86
Mock_P06_2	22	241334	106
Mock_P06_2	22	241334	66
Mock_P06_2	22	241334	15
Mock_P06_2	22	241334	38
Mock_P06_2	22	241334	128
Mock_P06_2	22	241334	142
Mock_P06_2	22	241334	123
Mock_P06_2	22	241334	81
Mock_P06_2	22	241334	110
Mock_P06_2	22	241334	48
Mock_P06_2	22	241334	64
Mock_P06_2	22	241334	198
Mock_P06_2	22	241334	60
Mock_P06_2	22	241334	110
Mock_P06_2	22	241334	239
Mock_P06_2	22	241334	75
Mock_P06_2	22	241334	59
Mock_P06_2	22	241334	69
Mock_P06_2	22	241334	161
Mock_P06_2	22	241334	68
Mock_P06_2	23	292988	36
Mock_P06_2	23	292988	83
Mock_P06_2	23	292988	100
Mock_P06_2	23	292988	156
Mock_P06_2	23	292988	97
Mock_P06_2	23	292988	81
Mock_P06_2	23	292988	81
Mock_P06_2	23	292988	226
Mock_P06_2	23	292988	121
Mock_P06_2	23	292988	236
Mock_P06_2	23	292988	118
Mock_P06_2	23	292988	171
Mock_P06_2	23	292988	109
Mock_P06_2	23	292988	84
Mock_P06_2	23	292988	188
Mock_P06_2	23	292988	22
Mock_P06_2	23	292988	100
Mock_P06_2	23	292988	83
Mock_P06_2	23	292988	63
Mock_P06_2	23	292988	89
Mock_P06_2	23	292988	81
Mock_P06_2	23	292988	101
Mock_P06_2	23	292988	48
Mock_P06_2	23	292988	89
Mock_P06_2	23	292988	90
Mock_P06_2	23	292988	173
Mock_P06_2	23	292988	87
Mock_P06_2	23	292988	84
Mock_P06_2	23	292988	62
Mock_P06_2	23	292988	45
Mock_P06_2	23	292988	144
Mock_P06_2	23	292988	101
Mock_P06_2	23	292988	100
Mock_P06_2	23	292988	150
Mock_P06_2	23	292988	181
Mock_P06_2	23	292988	115
Mock_P06_2	23	292988	79
Mock_P06_2	23	292988	128
Mock_P06_2	23	292988	58
Mock_P06_2	23	292988	87
Mock_P06_2	23	292988	97
Mock_P06_2	23	292988	21
Mock_P06_2	23	292988	93
Mock_P06_2	23	292988	86
Mock_P06_2	23	292988	131
Mock_P06_2	23	292988	80
Mock_P06_2	23	292988	50
Mock_P06_2	23	292988	77
Mock_P06_2	23	292988	25
Mock_P06_2	23	292988	88
Mock_P06_2	23	292988	189
Mock_P06_2	23	292988	81
Mock_P06_2	23	292988	85
Mock_P06_2	23	292988	77
Mock_P06_2	23	292988	54
Mock_P06_2	23	292988	51
Mock_P06_2	23	292988	53
Mock_P06_2	23	292988	80
Mock_P06_2	23	292988	122
Mock_P06_2	23	292988	113
Mock_P06_2	23	292988	30
Mock_P06_2	23	292988	101
Mock_P06_2	23	292988	65
Mock_P06_2	23	292988	89
Mock_P06_2	23	292988	103
Mock_P06_2	23	292988	99
Mock_P06_2	23	292988	119
Mock_P06_2	23	292988	49
Mock_P06_2	23	292988	98
Mock_P06_2	23	292988	147
Mock_P06_2	23	292988	29
Mock_P06_2	23	292988	266
Mock_P06_2	23	292988	281
Mock_P06_2	23	292988	152
Mock_P06_2	23	292988	210
Mock_P06_2	23	292988	88
Mock_P06_2	23	292988	137
Mock_P06_2	23	292988	364
Mock_P06_2	23	292988	219
Mock_P06_2	23	292988	212
Mock_P06_2	23	292988	86
Mock_P06_2	23	292988	151
Mock_P06_2	23	292988	365
Mock_P06_2	23	292988	65
Mock_P06_2	23	292988	65
Mock_P06_2	23	292988	141
Mock_P06_2	23	292988	113
Mock_P06_2	23	292988	59
Mock_P06_2	23	292988	117
Mock_P06_2	23	292988	92
Mock_P06_2	23	292988	139
Mock_P06_2	23	292988	105
Mock_P06_2	23	292988	187
Mock_P06_2	23	292988	151
Mock_P06_2	23	292988	193
Mock_P06_2	23	292988	70
Mock_P06_2	23	292988	90
Mock_P06_2	23	292988	137
Mock_P06_2	23	292988	162
Mock_P06_2	23	292988	62
Mock_P06_2	23	292988	160
Mock_P06_2	23	292988	190
Mock_P06_2	23	292988	70
Mock_P06_2	23	292988	154
Mock_P06_2	23	292988	70
Mock_P06_2	23	292988	221
Mock_P06_2	23	292988	95
Mock_P06_2	23	292988	86
Mock_P06_2	23	292988	87
Mock_P06_2	23	292988	154
Mock_P06_2	23	292988	157
Mock_P06_2	23	292988	124
Mock_P06_2	23	292988	143
Mock_P06_2	23	292988	74
Mock_P06_2	23	292988	94
Mock_P06_2	23	292988	123
Mock_P06_2	23	292988	120
Mock_P06_2	23	292988	92
Mock_P06_2	23	292988	187
Mock_P06_2	23	292988	158
Mock_P06_2	23	292988	137
Mock_P06_2	23	292988	41
Mock_P06_2	23	292988	110
Mock_P06_2	23	292988	143
Mock_P06_2	23	292988	71
Mock_P06_2	23	292988	148
Mock_P06_2	23	292988	136
Mock_P06_2	23	292988	130
Mock_P06_2	23	292988	281
Mock_P06_2	23	292988	101
Mock_P06_2	23	292988	69
Mock_P06_2	23	292988	98
Mock_P06_2	23	292988	86
Mock_P06_2	23	292988	203
Mock_P06_2	23	292988	160
Mock_P06_2	23	292988	153
Mock_P06_2	23	292988	140
