fichier	leaf	surfaceLeaf	surfaceLesion
Mock_P05_1	1	278535	91
Mock_P05_1	1	278535	114
Mock_P05_1	1	278535	70
Mock_P05_1	1	278535	81
Mock_P05_1	1	278535	84
Mock_P05_1	1	278535	71
Mock_P05_1	1	278535	169
Mock_P05_1	1	278535	105
Mock_P05_1	1	278535	113
Mock_P05_1	1	278535	121
Mock_P05_1	1	278535	105
Mock_P05_1	1	278535	185
Mock_P05_1	1	278535	158
Mock_P05_1	1	278535	108
Mock_P05_1	1	278535	89
Mock_P05_1	1	278535	130
Mock_P05_1	1	278535	113
Mock_P05_1	1	278535	343
Mock_P05_1	1	278535	103
Mock_P05_1	1	278535	151
Mock_P05_1	1	278535	150
Mock_P05_1	1	278535	86
Mock_P05_1	1	278535	229
Mock_P05_1	1	278535	173
Mock_P05_1	1	278535	153
Mock_P05_1	1	278535	95
Mock_P05_1	1	278535	133
Mock_P05_1	1	278535	451
Mock_P05_1	1	278535	109
Mock_P05_1	1	278535	132
Mock_P05_1	1	278535	129
Mock_P05_1	1	278535	234
Mock_P05_1	1	278535	92
Mock_P05_1	1	278535	85
Mock_P05_1	1	278535	318
Mock_P05_1	1	278535	181
Mock_P05_1	1	278535	73
Mock_P05_1	1	278535	81
Mock_P05_1	1	278535	105
Mock_P05_1	1	278535	280
Mock_P05_1	1	278535	85
Mock_P05_1	1	278535	127
Mock_P05_1	1	278535	72
Mock_P05_1	1	278535	45
Mock_P05_1	1	278535	77
Mock_P05_1	1	278535	115
Mock_P05_1	1	278535	114
Mock_P05_1	1	278535	98
Mock_P05_1	1	278535	91
Mock_P05_1	1	278535	126
Mock_P05_1	1	278535	250
Mock_P05_1	1	278535	46
Mock_P05_1	1	278535	201
Mock_P05_1	1	278535	151
Mock_P05_1	1	278535	116
Mock_P05_1	1	278535	86
Mock_P05_1	1	278535	129
Mock_P05_1	1	278535	98
Mock_P05_1	1	278535	120
Mock_P05_1	1	278535	457
Mock_P05_1	1	278535	98
Mock_P05_1	1	278535	110
Mock_P05_1	1	278535	140
Mock_P05_1	1	278535	103
Mock_P05_1	1	278535	130
Mock_P05_1	1	278535	185
Mock_P05_1	1	278535	113
Mock_P05_1	1	278535	102
Mock_P05_1	1	278535	102
Mock_P05_1	1	278535	200
Mock_P05_1	1	278535	66
Mock_P05_1	1	278535	130
Mock_P05_1	1	278535	86
Mock_P05_1	1	278535	115
Mock_P05_1	1	278535	81
Mock_P05_1	1	278535	76
Mock_P05_1	1	278535	62
Mock_P05_1	1	278535	177
Mock_P05_1	1	278535	84
Mock_P05_1	1	278535	42
Mock_P05_1	1	278535	125
Mock_P05_1	1	278535	144
Mock_P05_1	1	278535	123
Mock_P05_1	1	278535	128
Mock_P05_1	1	278535	94
Mock_P05_1	1	278535	96
Mock_P05_1	1	278535	124
Mock_P05_1	1	278535	47
Mock_P05_1	1	278535	45
Mock_P05_1	1	278535	74
Mock_P05_1	1	278535	93
Mock_P05_1	1	278535	66
Mock_P05_1	1	278535	136
Mock_P05_1	1	278535	268
Mock_P05_1	1	278535	74
Mock_P05_1	1	278535	158
Mock_P05_1	1	278535	85
Mock_P05_1	1	278535	108
Mock_P05_1	1	278535	51
Mock_P05_1	1	278535	113
Mock_P05_1	1	278535	85
Mock_P05_1	1	278535	80
Mock_P05_1	1	278535	98
Mock_P05_1	1	278535	160
Mock_P05_1	1	278535	102
Mock_P05_1	1	278535	134
Mock_P05_1	1	278535	93
Mock_P05_1	1	278535	121
Mock_P05_1	1	278535	123
Mock_P05_1	1	278535	137
Mock_P05_1	1	278535	80
Mock_P05_1	1	278535	180
Mock_P05_1	1	278535	130
Mock_P05_1	1	278535	300
Mock_P05_1	1	278535	56
Mock_P05_1	1	278535	100
Mock_P05_1	1	278535	100
Mock_P05_1	1	278535	150
Mock_P05_1	1	278535	191
Mock_P05_1	1	278535	79
Mock_P05_1	1	278535	126
Mock_P05_1	1	278535	111
Mock_P05_1	1	278535	225
Mock_P05_1	1	278535	124
Mock_P05_1	1	278535	85
Mock_P05_1	1	278535	73
Mock_P05_1	1	278535	166
Mock_P05_1	1	278535	66
Mock_P05_1	1	278535	180
Mock_P05_1	1	278535	137
Mock_P05_1	1	278535	122
Mock_P05_1	1	278535	101
Mock_P05_1	1	278535	215
Mock_P05_1	2	265213	36
Mock_P05_1	2	265213	78
Mock_P05_1	2	265213	72
Mock_P05_1	2	265213	60
Mock_P05_1	2	265213	78
Mock_P05_1	2	265213	91
Mock_P05_1	2	265213	172
Mock_P05_1	2	265213	80
Mock_P05_1	2	265213	111
Mock_P05_1	2	265213	181
Mock_P05_1	2	265213	56
Mock_P05_1	2	265213	76
Mock_P05_1	2	265213	88
Mock_P05_1	2	265213	124
Mock_P05_1	2	265213	200
Mock_P05_1	2	265213	104
Mock_P05_1	2	265213	114
Mock_P05_1	2	265213	84
Mock_P05_1	2	265213	109
Mock_P05_1	2	265213	85
Mock_P05_1	2	265213	75
Mock_P05_1	2	265213	194
Mock_P05_1	2	265213	110
Mock_P05_1	2	265213	124
Mock_P05_1	2	265213	141
Mock_P05_1	2	265213	78
Mock_P05_1	2	265213	142
Mock_P05_1	2	265213	29
Mock_P05_1	2	265213	99
Mock_P05_1	2	265213	57
Mock_P05_1	2	265213	39
Mock_P05_1	2	265213	83
Mock_P05_1	2	265213	65
Mock_P05_1	2	265213	87
Mock_P05_1	2	265213	22
Mock_P05_1	2	265213	22
Mock_P05_1	2	265213	129
Mock_P05_1	2	265213	77
Mock_P05_1	2	265213	182
Mock_P05_1	2	265213	50
Mock_P05_1	2	265213	108
Mock_P05_1	2	265213	80
Mock_P05_1	2	265213	63
Mock_P05_1	2	265213	80
Mock_P05_1	2	265213	74
Mock_P05_1	2	265213	96
Mock_P05_1	2	265213	34
Mock_P05_1	2	265213	118
Mock_P05_1	2	265213	105
Mock_P05_1	2	265213	85
Mock_P05_1	2	265213	36
Mock_P05_1	2	265213	71
Mock_P05_1	2	265213	85
Mock_P05_1	2	265213	61
Mock_P05_1	2	265213	81
Mock_P05_1	2	265213	14
Mock_P05_1	2	265213	79
Mock_P05_1	2	265213	111
Mock_P05_1	2	265213	78
Mock_P05_1	2	265213	93
Mock_P05_1	2	265213	38
Mock_P05_1	2	265213	192
Mock_P05_1	2	265213	112
Mock_P05_1	2	265213	160
Mock_P05_1	2	265213	75
Mock_P05_1	2	265213	82
Mock_P05_1	2	265213	63
Mock_P05_1	2	265213	35
Mock_P05_1	2	265213	70
Mock_P05_1	2	265213	54
Mock_P05_1	2	265213	141
Mock_P05_1	2	265213	186
Mock_P05_1	2	265213	118
Mock_P05_1	2	265213	135
Mock_P05_1	2	265213	100
Mock_P05_1	2	265213	57
Mock_P05_1	2	265213	176
Mock_P05_1	2	265213	36
Mock_P05_1	2	265213	224
Mock_P05_1	2	265213	46
Mock_P05_1	2	265213	22
Mock_P05_1	2	265213	78
Mock_P05_1	2	265213	144
Mock_P05_1	2	265213	94
Mock_P05_1	2	265213	81
Mock_P05_1	2	265213	36
Mock_P05_1	2	265213	33
Mock_P05_1	2	265213	77
Mock_P05_1	2	265213	41
Mock_P05_1	2	265213	79
Mock_P05_1	2	265213	29
Mock_P05_1	2	265213	66
Mock_P05_1	2	265213	48
Mock_P05_1	2	265213	67
Mock_P05_1	2	265213	81
Mock_P05_1	2	265213	116
Mock_P05_1	2	265213	125
Mock_P05_1	2	265213	19
Mock_P05_1	2	265213	23
Mock_P05_1	2	265213	64
Mock_P05_1	2	265213	152
Mock_P05_1	2	265213	122
Mock_P05_1	2	265213	47
Mock_P05_1	2	265213	59
Mock_P05_1	3	294031	67
Mock_P05_1	3	294031	92
Mock_P05_1	3	294031	62
Mock_P05_1	3	294031	90
Mock_P05_1	3	294031	308
Mock_P05_1	3	294031	115
Mock_P05_1	3	294031	113
Mock_P05_1	3	294031	155
Mock_P05_1	3	294031	97
Mock_P05_1	3	294031	114
Mock_P05_1	3	294031	161
Mock_P05_1	3	294031	123
Mock_P05_1	3	294031	115
Mock_P05_1	3	294031	16
Mock_P05_1	3	294031	85
Mock_P05_1	3	294031	154
Mock_P05_1	3	294031	133
Mock_P05_1	3	294031	159
Mock_P05_1	3	294031	122
Mock_P05_1	3	294031	117
Mock_P05_1	3	294031	251
Mock_P05_1	3	294031	91
Mock_P05_1	3	294031	253
Mock_P05_1	3	294031	154
Mock_P05_1	3	294031	93
Mock_P05_1	3	294031	51
Mock_P05_1	3	294031	126
Mock_P05_1	3	294031	98
Mock_P05_1	3	294031	95
Mock_P05_1	3	294031	178
Mock_P05_1	3	294031	154
Mock_P05_1	3	294031	220
Mock_P05_1	3	294031	129
Mock_P05_1	3	294031	40
Mock_P05_1	3	294031	146
Mock_P05_1	3	294031	150
Mock_P05_1	3	294031	20
Mock_P05_1	3	294031	16
Mock_P05_1	3	294031	117
Mock_P05_1	3	294031	293
Mock_P05_1	3	294031	109
Mock_P05_1	3	294031	120
Mock_P05_1	3	294031	163
Mock_P05_1	3	294031	156
Mock_P05_1	3	294031	203
Mock_P05_1	3	294031	193
Mock_P05_1	3	294031	50
Mock_P05_1	3	294031	77
Mock_P05_1	3	294031	103
Mock_P05_1	3	294031	68
Mock_P05_1	3	294031	134
Mock_P05_1	3	294031	339
Mock_P05_1	3	294031	82
Mock_P05_1	3	294031	121
Mock_P05_1	3	294031	131
Mock_P05_1	3	294031	55
Mock_P05_1	3	294031	179
Mock_P05_1	3	294031	240
Mock_P05_1	3	294031	32
Mock_P05_1	3	294031	204
Mock_P05_1	3	294031	158
Mock_P05_1	3	294031	87
Mock_P05_1	3	294031	140
Mock_P05_1	3	294031	117
Mock_P05_1	3	294031	229
Mock_P05_1	3	294031	115
Mock_P05_1	3	294031	109
Mock_P05_1	3	294031	68
Mock_P05_1	3	294031	257
Mock_P05_1	3	294031	96
Mock_P05_1	3	294031	121
Mock_P05_1	3	294031	186
Mock_P05_1	3	294031	196
Mock_P05_1	3	294031	149
Mock_P05_1	3	294031	80
Mock_P05_1	3	294031	137
Mock_P05_1	3	294031	87
Mock_P05_1	3	294031	120
Mock_P05_1	3	294031	129
Mock_P05_1	3	294031	144
Mock_P05_1	3	294031	214
Mock_P05_1	3	294031	146
Mock_P05_1	3	294031	98
Mock_P05_1	3	294031	96
Mock_P05_1	3	294031	187
Mock_P05_1	3	294031	89
Mock_P05_1	3	294031	75
Mock_P05_1	3	294031	40
Mock_P05_1	3	294031	107
Mock_P05_1	3	294031	71
Mock_P05_1	3	294031	38
Mock_P05_1	3	294031	58
Mock_P05_1	3	294031	158
Mock_P05_1	3	294031	127
Mock_P05_1	3	294031	227
Mock_P05_1	3	294031	50
Mock_P05_1	3	294031	211
Mock_P05_1	3	294031	119
Mock_P05_1	3	294031	65
Mock_P05_1	3	294031	96
Mock_P05_1	3	294031	109
Mock_P05_1	3	294031	145
Mock_P05_1	3	294031	99
Mock_P05_1	3	294031	87
Mock_P05_1	3	294031	94
Mock_P05_1	3	294031	101
Mock_P05_1	3	294031	150
Mock_P05_1	3	294031	55
Mock_P05_1	3	294031	85
Mock_P05_1	3	294031	109
Mock_P05_1	3	294031	86
Mock_P05_1	3	294031	78
Mock_P05_1	3	294031	260
Mock_P05_1	3	294031	23
Mock_P05_1	3	294031	130
Mock_P05_1	3	294031	118
Mock_P05_1	3	294031	135
Mock_P05_1	3	294031	145
Mock_P05_1	4	260510	45
Mock_P05_1	4	260510	248
Mock_P05_1	4	260510	113
Mock_P05_1	4	260510	118
Mock_P05_1	4	260510	95
Mock_P05_1	4	260510	116
Mock_P05_1	4	260510	104
Mock_P05_1	4	260510	64
Mock_P05_1	4	260510	118
Mock_P05_1	4	260510	41
Mock_P05_1	4	260510	114
Mock_P05_1	4	260510	169
Mock_P05_1	4	260510	124
Mock_P05_1	4	260510	151
Mock_P05_1	4	260510	68
Mock_P05_1	4	260510	105
Mock_P05_1	4	260510	104
Mock_P05_1	4	260510	171
Mock_P05_1	4	260510	95
Mock_P05_1	4	260510	160
Mock_P05_1	4	260510	93
Mock_P05_1	4	260510	93
Mock_P05_1	4	260510	84
Mock_P05_1	4	260510	178
Mock_P05_1	4	260510	164
Mock_P05_1	4	260510	253
Mock_P05_1	4	260510	114
Mock_P05_1	4	260510	82
Mock_P05_1	4	260510	105
Mock_P05_1	4	260510	122
Mock_P05_1	4	260510	110
Mock_P05_1	4	260510	59
Mock_P05_1	4	260510	66
Mock_P05_1	4	260510	69
Mock_P05_1	4	260510	76
Mock_P05_1	4	260510	155
Mock_P05_1	4	260510	89
Mock_P05_1	4	260510	211
Mock_P05_1	4	260510	73
Mock_P05_1	4	260510	80
Mock_P05_1	4	260510	84
Mock_P05_1	4	260510	87
Mock_P05_1	4	260510	74
Mock_P05_1	4	260510	159
Mock_P05_1	4	260510	170
Mock_P05_1	4	260510	177
Mock_P05_1	4	260510	77
Mock_P05_1	4	260510	119
Mock_P05_1	4	260510	88
Mock_P05_1	4	260510	98
Mock_P05_1	4	260510	146
Mock_P05_1	4	260510	111
Mock_P05_1	4	260510	111
Mock_P05_1	4	260510	302
Mock_P05_1	4	260510	95
Mock_P05_1	4	260510	83
Mock_P05_1	4	260510	100
Mock_P05_1	4	260510	73
Mock_P05_1	4	260510	20
Mock_P05_1	4	260510	41
Mock_P05_1	4	260510	89
Mock_P05_1	4	260510	166
Mock_P05_1	4	260510	34
Mock_P05_1	4	260510	101
Mock_P05_1	4	260510	160
Mock_P05_1	4	260510	76
Mock_P05_1	4	260510	151
Mock_P05_1	4	260510	207
Mock_P05_1	4	260510	86
Mock_P05_1	4	260510	76
Mock_P05_1	4	260510	128
Mock_P05_1	4	260510	74
Mock_P05_1	4	260510	99
Mock_P05_1	4	260510	133
Mock_P05_1	4	260510	84
Mock_P05_1	4	260510	28
Mock_P05_1	4	260510	126
Mock_P05_1	4	260510	64
Mock_P05_1	4	260510	133
Mock_P05_1	4	260510	104
Mock_P05_1	4	260510	98
Mock_P05_1	4	260510	132
Mock_P05_1	4	260510	58
Mock_P05_1	4	260510	87
Mock_P05_1	4	260510	106
Mock_P05_1	4	260510	42
Mock_P05_1	4	260510	137
Mock_P05_1	4	260510	75
Mock_P05_1	4	260510	187
Mock_P05_1	4	260510	71
Mock_P05_1	4	260510	42
Mock_P05_1	4	260510	78
Mock_P05_1	4	260510	107
Mock_P05_1	4	260510	98
Mock_P05_1	4	260510	63
Mock_P05_1	4	260510	144
Mock_P05_1	4	260510	63
Mock_P05_1	4	260510	85
Mock_P05_1	4	260510	128
Mock_P05_1	5	268426	97
Mock_P05_1	5	268426	85
Mock_P05_1	5	268426	124
Mock_P05_1	5	268426	126
Mock_P05_1	5	268426	118
Mock_P05_1	5	268426	133
Mock_P05_1	5	268426	129
Mock_P05_1	5	268426	87
Mock_P05_1	5	268426	63
Mock_P05_1	5	268426	124
Mock_P05_1	5	268426	103
Mock_P05_1	5	268426	70
Mock_P05_1	5	268426	60
Mock_P05_1	5	268426	103
Mock_P05_1	5	268426	57
Mock_P05_1	5	268426	116
Mock_P05_1	5	268426	49
Mock_P05_1	5	268426	112
Mock_P05_1	5	268426	172
Mock_P05_1	5	268426	139
Mock_P05_1	5	268426	61
Mock_P05_1	5	268426	305
Mock_P05_1	5	268426	126
Mock_P05_1	5	268426	90
Mock_P05_1	5	268426	114
Mock_P05_1	5	268426	38
Mock_P05_1	5	268426	135
Mock_P05_1	5	268426	74
Mock_P05_1	5	268426	83
Mock_P05_1	5	268426	135
Mock_P05_1	5	268426	99
Mock_P05_1	5	268426	137
Mock_P05_1	5	268426	232
Mock_P05_1	5	268426	171
Mock_P05_1	5	268426	84
Mock_P05_1	5	268426	108
Mock_P05_1	5	268426	81
Mock_P05_1	5	268426	100
Mock_P05_1	5	268426	93
Mock_P05_1	5	268426	129
Mock_P05_1	5	268426	104
Mock_P05_1	5	268426	166
Mock_P05_1	5	268426	153
Mock_P05_1	5	268426	198
Mock_P05_1	5	268426	173
Mock_P05_1	5	268426	135
Mock_P05_1	5	268426	152
Mock_P05_1	5	268426	230
Mock_P05_1	5	268426	262
Mock_P05_1	5	268426	153
Mock_P05_1	5	268426	128
Mock_P05_1	5	268426	198
Mock_P05_1	5	268426	156
Mock_P05_1	5	268426	50
Mock_P05_1	5	268426	101
Mock_P05_1	5	268426	36
Mock_P05_1	5	268426	132
Mock_P05_1	5	268426	111
Mock_P05_1	5	268426	215
Mock_P05_1	5	268426	97
Mock_P05_1	5	268426	99
Mock_P05_1	5	268426	200
Mock_P05_1	5	268426	120
Mock_P05_1	5	268426	148
Mock_P05_1	5	268426	174
Mock_P05_1	5	268426	153
Mock_P05_1	5	268426	76
Mock_P05_1	5	268426	109
Mock_P05_1	5	268426	153
Mock_P05_1	5	268426	180
Mock_P05_1	5	268426	95
Mock_P05_1	5	268426	112
Mock_P05_1	5	268426	154
Mock_P05_1	5	268426	132
Mock_P05_1	5	268426	110
Mock_P05_1	5	268426	136
Mock_P05_1	5	268426	79
Mock_P05_1	5	268426	141
Mock_P05_1	5	268426	122
Mock_P05_1	5	268426	64
Mock_P05_1	6	261793	81
Mock_P05_1	6	261793	108
Mock_P05_1	6	261793	164
Mock_P05_1	6	261793	92
Mock_P05_1	6	261793	98
Mock_P05_1	6	261793	122
Mock_P05_1	6	261793	160
Mock_P05_1	6	261793	98
Mock_P05_1	6	261793	106
Mock_P05_1	6	261793	107
Mock_P05_1	6	261793	283
Mock_P05_1	6	261793	121
Mock_P05_1	6	261793	199
Mock_P05_1	6	261793	112
Mock_P05_1	6	261793	80
Mock_P05_1	6	261793	87
Mock_P05_1	6	261793	75
Mock_P05_1	6	261793	180
Mock_P05_1	6	261793	183
Mock_P05_1	6	261793	122
Mock_P05_1	6	261793	171
Mock_P05_1	6	261793	114
Mock_P05_1	6	261793	164
Mock_P05_1	6	261793	123
Mock_P05_1	6	261793	185
Mock_P05_1	6	261793	118
Mock_P05_1	6	261793	172
Mock_P05_1	6	261793	126
Mock_P05_1	6	261793	92
Mock_P05_1	6	261793	150
Mock_P05_1	6	261793	124
Mock_P05_1	6	261793	393
Mock_P05_1	6	261793	124
Mock_P05_1	6	261793	88
Mock_P05_1	6	261793	114
Mock_P05_1	6	261793	177
Mock_P05_1	6	261793	109
Mock_P05_1	6	261793	176
Mock_P05_1	6	261793	203
Mock_P05_1	6	261793	104
Mock_P05_1	6	261793	111
Mock_P05_1	6	261793	137
Mock_P05_1	6	261793	158
Mock_P05_1	6	261793	122
Mock_P05_1	6	261793	140
Mock_P05_1	6	261793	174
Mock_P05_1	6	261793	90
Mock_P05_1	6	261793	196
Mock_P05_1	6	261793	123
Mock_P05_1	6	261793	87
Mock_P05_1	6	261793	103
Mock_P05_1	6	261793	166
Mock_P05_1	6	261793	144
Mock_P05_1	6	261793	507
Mock_P05_1	6	261793	265
Mock_P05_1	6	261793	122
Mock_P05_1	6	261793	135
Mock_P05_1	6	261793	59
Mock_P05_1	6	261793	118
Mock_P05_1	6	261793	169
Mock_P05_1	6	261793	166
Mock_P05_1	6	261793	189
Mock_P05_1	6	261793	186
Mock_P05_1	6	261793	104
Mock_P05_1	6	261793	207
Mock_P05_1	6	261793	150
Mock_P05_1	6	261793	107
Mock_P05_1	6	261793	136
Mock_P05_1	6	261793	160
Mock_P05_1	6	261793	120
Mock_P05_1	6	261793	137
Mock_P05_1	6	261793	123
Mock_P05_1	6	261793	124
Mock_P05_1	6	261793	193
Mock_P05_1	6	261793	21
Mock_P05_1	6	261793	136
Mock_P05_1	6	261793	139
Mock_P05_1	6	261793	87
Mock_P05_1	6	261793	167
Mock_P05_1	6	261793	44
Mock_P05_1	6	261793	159
Mock_P05_1	6	261793	271
Mock_P05_1	6	261793	122
Mock_P05_1	6	261793	103
Mock_P05_1	6	261793	87
Mock_P05_1	6	261793	132
Mock_P05_1	6	261793	111
Mock_P05_1	6	261793	77
Mock_P05_1	6	261793	85
Mock_P05_1	6	261793	241
Mock_P05_1	6	261793	128
Mock_P05_1	6	261793	113
Mock_P05_1	6	261793	80
Mock_P05_1	6	261793	145
Mock_P05_1	6	261793	117
Mock_P05_1	6	261793	103
Mock_P05_1	6	261793	31
Mock_P05_1	6	261793	67
Mock_P05_1	6	261793	171
Mock_P05_1	6	261793	88
Mock_P05_1	6	261793	59
Mock_P05_1	6	261793	63
Mock_P05_1	6	261793	126
Mock_P05_1	6	261793	89
Mock_P05_1	6	261793	76
Mock_P05_1	6	261793	19
Mock_P05_1	7	319918	93
Mock_P05_1	7	319918	132
Mock_P05_1	7	319918	102
Mock_P05_1	7	319918	105
Mock_P05_1	7	319918	121
Mock_P05_1	7	319918	97
Mock_P05_1	7	319918	87
Mock_P05_1	7	319918	253
Mock_P05_1	7	319918	180
Mock_P05_1	7	319918	99
Mock_P05_1	7	319918	178
Mock_P05_1	7	319918	140
Mock_P05_1	7	319918	186
Mock_P05_1	7	319918	117
Mock_P05_1	7	319918	139
Mock_P05_1	7	319918	191
Mock_P05_1	7	319918	112
Mock_P05_1	7	319918	145
Mock_P05_1	7	319918	92
Mock_P05_1	7	319918	259
Mock_P05_1	7	319918	102
Mock_P05_1	7	319918	99
Mock_P05_1	7	319918	96
Mock_P05_1	7	319918	42
Mock_P05_1	7	319918	25
Mock_P05_1	7	319918	147
Mock_P05_1	7	319918	52
Mock_P05_1	7	319918	125
Mock_P05_1	7	319918	96
Mock_P05_1	7	319918	91
Mock_P05_1	7	319918	120
Mock_P05_1	7	319918	112
Mock_P05_1	7	319918	75
Mock_P05_1	7	319918	125
Mock_P05_1	7	319918	40
Mock_P05_1	7	319918	227
Mock_P05_1	7	319918	78
Mock_P05_1	7	319918	69
Mock_P05_1	7	319918	100
Mock_P05_1	7	319918	88
Mock_P05_1	7	319918	114
Mock_P05_1	7	319918	241
Mock_P05_1	7	319918	126
Mock_P05_1	7	319918	318
Mock_P05_1	7	319918	90
Mock_P05_1	7	319918	105
Mock_P05_1	7	319918	119
Mock_P05_1	7	319918	67
Mock_P05_1	7	319918	110
Mock_P05_1	7	319918	125
Mock_P05_1	7	319918	159
Mock_P05_1	7	319918	111
Mock_P05_1	7	319918	131
Mock_P05_1	7	319918	106
Mock_P05_1	7	319918	137
Mock_P05_1	7	319918	193
Mock_P05_1	7	319918	89
Mock_P05_1	7	319918	129
Mock_P05_1	7	319918	66
Mock_P05_1	7	319918	122
Mock_P05_1	7	319918	243
Mock_P05_1	7	319918	97
Mock_P05_1	7	319918	90
Mock_P05_1	7	319918	106
Mock_P05_1	7	319918	145
Mock_P05_1	7	319918	144
Mock_P05_1	7	319918	98
Mock_P05_1	7	319918	72
Mock_P05_1	7	319918	112
Mock_P05_1	7	319918	103
Mock_P05_1	7	319918	164
Mock_P05_1	7	319918	90
Mock_P05_1	7	319918	123
Mock_P05_1	7	319918	61
Mock_P05_1	7	319918	93
Mock_P05_1	7	319918	211
Mock_P05_1	7	319918	144
Mock_P05_1	7	319918	40
Mock_P05_1	7	319918	167
Mock_P05_1	7	319918	261
Mock_P05_1	7	319918	54
Mock_P05_1	7	319918	124
Mock_P05_1	7	319918	137
Mock_P05_1	7	319918	103
Mock_P05_1	7	319918	161
Mock_P05_1	7	319918	98
Mock_P05_1	7	319918	99
Mock_P05_1	7	319918	174
Mock_P05_1	7	319918	199
Mock_P05_1	7	319918	123
Mock_P05_1	7	319918	95
Mock_P05_1	7	319918	123
Mock_P05_1	7	319918	81
Mock_P05_1	7	319918	78
Mock_P05_1	7	319918	81
Mock_P05_1	7	319918	66
Mock_P05_1	7	319918	76
Mock_P05_1	7	319918	17
Mock_P05_1	7	319918	62
Mock_P05_1	7	319918	47
Mock_P05_1	7	319918	91
Mock_P05_1	7	319918	329
Mock_P05_1	7	319918	142
Mock_P05_1	7	319918	95
Mock_P05_1	7	319918	99
Mock_P05_1	7	319918	294
Mock_P05_1	7	319918	150
Mock_P05_1	7	319918	102
Mock_P05_1	7	319918	168
Mock_P05_1	7	319918	34
Mock_P05_1	7	319918	59
Mock_P05_1	7	319918	52
Mock_P05_1	7	319918	75
Mock_P05_1	7	319918	89
Mock_P05_1	7	319918	94
Mock_P05_1	7	319918	40
Mock_P05_1	7	319918	107
Mock_P05_1	7	319918	87
Mock_P05_1	7	319918	116
Mock_P05_1	7	319918	91
Mock_P05_1	7	319918	84
Mock_P05_1	7	319918	86
Mock_P05_1	7	319918	106
Mock_P05_1	7	319918	81
Mock_P05_1	7	319918	106
Mock_P05_1	7	319918	415
Mock_P05_1	7	319918	118
Mock_P05_1	7	319918	135
Mock_P05_1	7	319918	68
Mock_P05_1	7	319918	113
Mock_P05_1	7	319918	129
Mock_P05_1	7	319918	149
Mock_P05_1	7	319918	90
Mock_P05_1	7	319918	75
Mock_P05_1	7	319918	99
Mock_P05_1	7	319918	215
Mock_P05_1	7	319918	166
Mock_P05_1	7	319918	110
Mock_P05_1	7	319918	110
Mock_P05_1	7	319918	140
Mock_P05_1	7	319918	105
Mock_P05_1	7	319918	121
Mock_P05_1	7	319918	48
Mock_P05_1	7	319918	100
Mock_P05_1	7	319918	187
Mock_P05_1	7	319918	101
Mock_P05_1	7	319918	208
Mock_P05_1	8	373217	12
Mock_P05_1	8	373217	42
Mock_P05_1	8	373217	100
Mock_P05_1	8	373217	96
Mock_P05_1	8	373217	104
Mock_P05_1	8	373217	99
Mock_P05_1	8	373217	111
Mock_P05_1	8	373217	241
Mock_P05_1	8	373217	191
Mock_P05_1	8	373217	129
Mock_P05_1	8	373217	104
Mock_P05_1	8	373217	112
Mock_P05_1	8	373217	107
Mock_P05_1	8	373217	99
Mock_P05_1	8	373217	162
Mock_P05_1	8	373217	208
Mock_P05_1	8	373217	91
Mock_P05_1	8	373217	74
Mock_P05_1	8	373217	113
Mock_P05_1	8	373217	125
Mock_P05_1	8	373217	99
Mock_P05_1	8	373217	161
Mock_P05_1	8	373217	134
Mock_P05_1	8	373217	129
Mock_P05_1	8	373217	94
Mock_P05_1	8	373217	84
Mock_P05_1	8	373217	80
Mock_P05_1	8	373217	116
Mock_P05_1	8	373217	183
Mock_P05_1	8	373217	47
Mock_P05_1	8	373217	91
Mock_P05_1	8	373217	37
Mock_P05_1	8	373217	95
Mock_P05_1	8	373217	115
Mock_P05_1	8	373217	193
Mock_P05_1	8	373217	172
Mock_P05_1	8	373217	77
Mock_P05_1	8	373217	106
Mock_P05_1	8	373217	129
Mock_P05_1	8	373217	125
Mock_P05_1	8	373217	108
Mock_P05_1	8	373217	123
Mock_P05_1	8	373217	103
Mock_P05_1	8	373217	145
Mock_P05_1	8	373217	93
Mock_P05_1	8	373217	104
Mock_P05_1	8	373217	115
Mock_P05_1	8	373217	149
Mock_P05_1	8	373217	90
Mock_P05_1	8	373217	126
Mock_P05_1	8	373217	51
Mock_P05_1	8	373217	75
Mock_P05_1	8	373217	251
Mock_P05_1	8	373217	62
Mock_P05_1	8	373217	97
Mock_P05_1	8	373217	48
Mock_P05_1	8	373217	82
Mock_P05_1	8	373217	155
Mock_P05_1	8	373217	168
Mock_P05_1	8	373217	106
Mock_P05_1	8	373217	162
Mock_P05_1	8	373217	60
Mock_P05_1	8	373217	59
Mock_P05_1	8	373217	73
Mock_P05_1	8	373217	87
Mock_P05_1	8	373217	93
Mock_P05_1	8	373217	20
Mock_P05_1	8	373217	162
Mock_P05_1	8	373217	137
Mock_P05_1	8	373217	98
Mock_P05_1	8	373217	21
Mock_P05_1	8	373217	82
Mock_P05_1	8	373217	78
Mock_P05_1	8	373217	109
Mock_P05_1	8	373217	65
Mock_P05_1	8	373217	99
Mock_P05_1	8	373217	67
Mock_P05_1	8	373217	93
Mock_P05_1	8	373217	134
Mock_P05_1	8	373217	79
Mock_P05_1	8	373217	54
Mock_P05_1	8	373217	120
Mock_P05_1	8	373217	199
Mock_P05_1	8	373217	95
Mock_P05_1	8	373217	70
Mock_P05_1	8	373217	67
Mock_P05_1	8	373217	72
Mock_P05_1	8	373217	133
Mock_P05_1	8	373217	87
Mock_P05_1	8	373217	116
Mock_P05_1	8	373217	340
Mock_P05_1	8	373217	190
Mock_P05_1	8	373217	181
Mock_P05_1	8	373217	15
Mock_P05_1	8	373217	125
Mock_P05_1	8	373217	71
Mock_P05_1	8	373217	60
Mock_P05_1	8	373217	85
Mock_P05_1	8	373217	14
Mock_P05_1	8	373217	156
Mock_P05_1	8	373217	117
Mock_P05_1	8	373217	63
Mock_P05_1	8	373217	53
Mock_P05_1	8	373217	14
Mock_P05_1	8	373217	80
Mock_P05_1	8	373217	91
Mock_P05_1	8	373217	118
Mock_P05_1	8	373217	43
Mock_P05_1	8	373217	115
Mock_P05_1	8	373217	59
Mock_P05_1	8	373217	98
Mock_P05_1	8	373217	156
Mock_P05_1	8	373217	70
Mock_P05_1	8	373217	85
Mock_P05_1	8	373217	55
Mock_P05_1	8	373217	92
Mock_P05_1	8	373217	72
Mock_P05_1	8	373217	11
Mock_P05_1	8	373217	182
Mock_P05_1	8	373217	48
Mock_P05_1	8	373217	99
Mock_P05_1	8	373217	135
Mock_P05_1	8	373217	69
Mock_P05_1	8	373217	29
Mock_P05_1	8	373217	69
Mock_P05_1	8	373217	64
Mock_P05_1	8	373217	241
Mock_P05_1	8	373217	36
Mock_P05_1	8	373217	56
Mock_P05_1	8	373217	80
Mock_P05_1	8	373217	125
Mock_P05_1	8	373217	137
Mock_P05_1	8	373217	118
Mock_P05_1	8	373217	113
Mock_P05_1	8	373217	78
Mock_P05_1	8	373217	85
Mock_P05_1	8	373217	31
Mock_P05_1	8	373217	143
Mock_P05_1	8	373217	10
Mock_P05_1	8	373217	112
Mock_P05_1	8	373217	71
Mock_P05_1	8	373217	118
Mock_P05_1	8	373217	82
Mock_P05_1	8	373217	235
Mock_P05_1	8	373217	172
Mock_P05_1	8	373217	94
Mock_P05_1	8	373217	39
Mock_P05_1	8	373217	109
Mock_P05_1	8	373217	73
Mock_P05_1	9	340636	72
Mock_P05_1	9	340636	223
Mock_P05_1	9	340636	102
Mock_P05_1	9	340636	103
Mock_P05_1	9	340636	151
Mock_P05_1	9	340636	120
Mock_P05_1	9	340636	110
Mock_P05_1	9	340636	79
Mock_P05_1	9	340636	150
Mock_P05_1	9	340636	89
Mock_P05_1	9	340636	146
Mock_P05_1	9	340636	56
Mock_P05_1	9	340636	53
Mock_P05_1	9	340636	166
Mock_P05_1	9	340636	130
Mock_P05_1	9	340636	104
Mock_P05_1	9	340636	111
Mock_P05_1	9	340636	84
Mock_P05_1	9	340636	206
Mock_P05_1	9	340636	41
Mock_P05_1	9	340636	90
Mock_P05_1	9	340636	191
Mock_P05_1	9	340636	93
Mock_P05_1	9	340636	125
Mock_P05_1	9	340636	131
Mock_P05_1	9	340636	157
Mock_P05_1	9	340636	101
Mock_P05_1	9	340636	172
Mock_P05_1	9	340636	105
Mock_P05_1	9	340636	145
Mock_P05_1	9	340636	104
Mock_P05_1	9	340636	111
Mock_P05_1	9	340636	65
Mock_P05_1	9	340636	118
Mock_P05_1	9	340636	87
Mock_P05_1	9	340636	169
Mock_P05_1	9	340636	86
Mock_P05_1	9	340636	95
Mock_P05_1	9	340636	58
Mock_P05_1	9	340636	117
Mock_P05_1	9	340636	83
Mock_P05_1	9	340636	91
Mock_P05_1	9	340636	92
Mock_P05_1	9	340636	48
Mock_P05_1	9	340636	113
Mock_P05_1	9	340636	130
Mock_P05_1	9	340636	105
Mock_P05_1	9	340636	88
Mock_P05_1	9	340636	77
Mock_P05_1	9	340636	125
Mock_P05_1	9	340636	121
Mock_P05_1	9	340636	159
Mock_P05_1	9	340636	109
Mock_P05_1	9	340636	90
Mock_P05_1	9	340636	173
Mock_P05_1	9	340636	90
Mock_P05_1	9	340636	82
Mock_P05_1	9	340636	83
Mock_P05_1	9	340636	93
Mock_P05_1	9	340636	121
Mock_P05_1	9	340636	46
Mock_P05_1	9	340636	105
Mock_P05_1	9	340636	91
Mock_P05_1	9	340636	129
Mock_P05_1	9	340636	126
Mock_P05_1	9	340636	70
Mock_P05_1	9	340636	44
Mock_P05_1	9	340636	134
Mock_P05_1	9	340636	52
Mock_P05_1	9	340636	75
Mock_P05_1	9	340636	138
Mock_P05_1	9	340636	81
Mock_P05_1	9	340636	164
Mock_P05_1	9	340636	148
Mock_P05_1	9	340636	148
Mock_P05_1	9	340636	132
Mock_P05_1	9	340636	83
Mock_P05_1	9	340636	90
Mock_P05_1	9	340636	94
Mock_P05_1	9	340636	29
Mock_P05_1	9	340636	109
Mock_P05_1	9	340636	120
Mock_P05_1	9	340636	127
Mock_P05_1	9	340636	307
Mock_P05_1	9	340636	121
Mock_P05_1	9	340636	48
Mock_P05_1	9	340636	93
Mock_P05_1	9	340636	143
Mock_P05_1	9	340636	153
Mock_P05_1	9	340636	85
Mock_P05_1	9	340636	60
Mock_P05_1	9	340636	129
Mock_P05_1	9	340636	88
Mock_P05_1	9	340636	238
Mock_P05_1	9	340636	83
Mock_P05_1	9	340636	205
Mock_P05_1	9	340636	73
Mock_P05_1	9	340636	160
Mock_P05_1	9	340636	66
Mock_P05_1	9	340636	179
Mock_P05_1	9	340636	77
Mock_P05_1	9	340636	77
Mock_P05_1	9	340636	123
Mock_P05_1	9	340636	97
Mock_P05_1	9	340636	112
Mock_P05_1	9	340636	83
Mock_P05_1	9	340636	108
Mock_P05_1	9	340636	84
Mock_P05_1	9	340636	111
Mock_P05_1	9	340636	100
Mock_P05_1	9	340636	188
Mock_P05_1	9	340636	94
Mock_P05_1	9	340636	178
Mock_P05_1	9	340636	111
Mock_P05_1	9	340636	122
Mock_P05_1	9	340636	78
Mock_P05_1	9	340636	126
Mock_P05_1	9	340636	80
Mock_P05_1	9	340636	203
Mock_P05_1	9	340636	80
Mock_P05_1	9	340636	122
Mock_P05_1	9	340636	192
Mock_P05_1	9	340636	46
Mock_P05_1	9	340636	111
Mock_P05_1	9	340636	97
Mock_P05_1	9	340636	128
Mock_P05_1	9	340636	124
Mock_P05_1	9	340636	56
Mock_P05_1	9	340636	128
Mock_P05_1	9	340636	199
Mock_P05_1	9	340636	69
Mock_P05_1	9	340636	81
Mock_P05_1	9	340636	104
Mock_P05_1	9	340636	84
Mock_P05_1	9	340636	39
Mock_P05_1	9	340636	26
Mock_P05_1	9	340636	260
Mock_P05_1	9	340636	49
Mock_P05_1	9	340636	63
Mock_P05_1	9	340636	71
Mock_P05_1	9	340636	122
Mock_P05_1	9	340636	111
Mock_P05_1	9	340636	84
Mock_P05_1	9	340636	35
Mock_P05_1	9	340636	79
Mock_P05_1	9	340636	139
Mock_P05_1	9	340636	56
Mock_P05_1	9	340636	77
Mock_P05_1	9	340636	100
Mock_P05_1	9	340636	70
Mock_P05_1	9	340636	114
Mock_P05_1	9	340636	119
Mock_P05_1	9	340636	101
Mock_P05_1	9	340636	70
Mock_P05_1	9	340636	73
Mock_P05_1	9	340636	335
Mock_P05_1	9	340636	11
Mock_P05_1	9	340636	130
Mock_P05_1	9	340636	35
Mock_P05_1	9	340636	94
Mock_P05_1	9	340636	11
Mock_P05_1	9	340636	95
Mock_P05_1	9	340636	111
Mock_P05_1	9	340636	60
Mock_P05_1	9	340636	92
Mock_P05_1	9	340636	122
Mock_P05_1	9	340636	47
Mock_P05_1	9	340636	71
Mock_P05_1	9	340636	91
Mock_P05_1	9	340636	151
Mock_P05_1	9	340636	46
Mock_P05_1	9	340636	41
Mock_P05_1	9	340636	147
Mock_P05_1	9	340636	54
Mock_P05_1	9	340636	95
Mock_P05_1	9	340636	131
Mock_P05_1	9	340636	97
Mock_P05_1	9	340636	128
Mock_P05_1	9	340636	111
Mock_P05_1	9	340636	121
Mock_P05_1	9	340636	51
Mock_P05_1	9	340636	59
Mock_P05_1	9	340636	66
Mock_P05_1	10	330594	83
Mock_P05_1	10	330594	86
Mock_P05_1	10	330594	71
Mock_P05_1	10	330594	102
Mock_P05_1	10	330594	37
Mock_P05_1	10	330594	89
Mock_P05_1	10	330594	86
Mock_P05_1	10	330594	38
Mock_P05_1	10	330594	114
Mock_P05_1	10	330594	98
Mock_P05_1	10	330594	82
Mock_P05_1	10	330594	71
Mock_P05_1	10	330594	139
Mock_P05_1	10	330594	100
Mock_P05_1	10	330594	84
Mock_P05_1	10	330594	71
Mock_P05_1	10	330594	65
Mock_P05_1	10	330594	86
Mock_P05_1	10	330594	121
Mock_P05_1	10	330594	82
Mock_P05_1	10	330594	69
Mock_P05_1	10	330594	124
Mock_P05_1	10	330594	118
Mock_P05_1	10	330594	87
Mock_P05_1	10	330594	93
Mock_P05_1	10	330594	101
Mock_P05_1	10	330594	186
Mock_P05_1	10	330594	110
Mock_P05_1	10	330594	86
Mock_P05_1	10	330594	82
Mock_P05_1	10	330594	57
Mock_P05_1	10	330594	186
Mock_P05_1	10	330594	111
Mock_P05_1	10	330594	78
Mock_P05_1	10	330594	117
Mock_P05_1	10	330594	235
Mock_P05_1	10	330594	120
Mock_P05_1	10	330594	193
Mock_P05_1	10	330594	183
Mock_P05_1	10	330594	155
Mock_P05_1	10	330594	75
Mock_P05_1	10	330594	111
Mock_P05_1	10	330594	70
Mock_P05_1	10	330594	124
Mock_P05_1	10	330594	115
Mock_P05_1	10	330594	67
Mock_P05_1	10	330594	84
Mock_P05_1	10	330594	341
Mock_P05_1	10	330594	137
Mock_P05_1	10	330594	85
Mock_P05_1	10	330594	92
Mock_P05_1	10	330594	88
Mock_P05_1	10	330594	214
Mock_P05_1	10	330594	78
Mock_P05_1	10	330594	130
Mock_P05_1	10	330594	58
Mock_P05_1	10	330594	204
Mock_P05_1	10	330594	165
Mock_P05_1	10	330594	119
Mock_P05_1	10	330594	113
Mock_P05_1	10	330594	156
Mock_P05_1	10	330594	137
Mock_P05_1	10	330594	81
Mock_P05_1	10	330594	47
Mock_P05_1	10	330594	86
Mock_P05_1	10	330594	83
Mock_P05_1	10	330594	91
Mock_P05_1	10	330594	11
Mock_P05_1	10	330594	88
Mock_P05_1	10	330594	116
Mock_P05_1	10	330594	171
Mock_P05_1	10	330594	166
Mock_P05_1	10	330594	34
Mock_P05_1	10	330594	85
Mock_P05_1	10	330594	85
Mock_P05_1	10	330594	148
Mock_P05_1	10	330594	97
Mock_P05_1	10	330594	112
Mock_P05_1	10	330594	304
Mock_P05_1	10	330594	73
Mock_P05_1	10	330594	101
Mock_P05_1	10	330594	118
Mock_P05_1	10	330594	80
Mock_P05_1	10	330594	92
Mock_P05_1	10	330594	84
Mock_P05_1	10	330594	48
Mock_P05_1	10	330594	74
Mock_P05_1	10	330594	98
Mock_P05_1	10	330594	98
Mock_P05_1	10	330594	124
Mock_P05_1	10	330594	106
Mock_P05_1	10	330594	108
Mock_P05_1	10	330594	173
Mock_P05_1	10	330594	120
Mock_P05_1	10	330594	46
Mock_P05_1	10	330594	74
Mock_P05_1	10	330594	16
Mock_P05_1	10	330594	96
Mock_P05_1	10	330594	118
Mock_P05_1	10	330594	129
Mock_P05_1	10	330594	126
Mock_P05_1	10	330594	90
Mock_P05_1	10	330594	18
Mock_P05_1	10	330594	75
Mock_P05_1	10	330594	63
Mock_P05_1	10	330594	72
Mock_P05_1	10	330594	70
Mock_P05_1	10	330594	106
Mock_P05_1	10	330594	114
Mock_P05_1	10	330594	154
Mock_P05_1	10	330594	184
Mock_P05_1	10	330594	57
Mock_P05_1	10	330594	57
Mock_P05_1	10	330594	61
Mock_P05_1	10	330594	68
Mock_P05_1	10	330594	74
Mock_P05_1	10	330594	335
Mock_P05_1	10	330594	18
Mock_P05_1	10	330594	125
Mock_P05_1	10	330594	20
Mock_P05_1	10	330594	92
Mock_P05_1	10	330594	61
Mock_P05_1	10	330594	33
Mock_P05_1	10	330594	74
Mock_P05_1	10	330594	115
Mock_P05_1	10	330594	113
Mock_P05_1	10	330594	122
Mock_P05_1	10	330594	63
Mock_P05_1	10	330594	105
Mock_P05_1	10	330594	37
Mock_P05_1	10	330594	81
Mock_P05_1	10	330594	58
Mock_P05_1	10	330594	60
Mock_P05_1	10	330594	66
Mock_P05_1	10	330594	34
Mock_P05_1	10	330594	197
Mock_P05_1	10	330594	47
Mock_P05_1	11	359896	36
Mock_P05_1	11	359896	68
Mock_P05_1	11	359896	87
Mock_P05_1	11	359896	82
Mock_P05_1	11	359896	74
Mock_P05_1	11	359896	144
Mock_P05_1	11	359896	101
Mock_P05_1	11	359896	148
Mock_P05_1	11	359896	97
Mock_P05_1	11	359896	113
Mock_P05_1	11	359896	147
Mock_P05_1	11	359896	104
Mock_P05_1	11	359896	123
Mock_P05_1	11	359896	105
Mock_P05_1	11	359896	14
Mock_P05_1	11	359896	113
Mock_P05_1	11	359896	88
Mock_P05_1	11	359896	94
Mock_P05_1	11	359896	47
Mock_P05_1	11	359896	107
Mock_P05_1	11	359896	150
Mock_P05_1	11	359896	145
Mock_P05_1	11	359896	212
Mock_P05_1	11	359896	141
Mock_P05_1	11	359896	192
Mock_P05_1	11	359896	73
Mock_P05_1	11	359896	109
Mock_P05_1	11	359896	166
Mock_P05_1	11	359896	144
Mock_P05_1	11	359896	153
Mock_P05_1	11	359896	69
Mock_P05_1	11	359896	128
Mock_P05_1	11	359896	159
Mock_P05_1	11	359896	110
Mock_P05_1	11	359896	135
Mock_P05_1	11	359896	80
Mock_P05_1	11	359896	148
Mock_P05_1	11	359896	105
Mock_P05_1	11	359896	131
Mock_P05_1	11	359896	138
Mock_P05_1	11	359896	146
Mock_P05_1	11	359896	110
Mock_P05_1	11	359896	79
Mock_P05_1	11	359896	86
Mock_P05_1	11	359896	102
Mock_P05_1	11	359896	152
Mock_P05_1	11	359896	141
Mock_P05_1	11	359896	82
Mock_P05_1	11	359896	121
Mock_P05_1	11	359896	63
Mock_P05_1	11	359896	103
Mock_P05_1	11	359896	108
Mock_P05_1	11	359896	147
Mock_P05_1	11	359896	84
Mock_P05_1	11	359896	150
Mock_P05_1	11	359896	134
Mock_P05_1	11	359896	181
Mock_P05_1	11	359896	161
Mock_P05_1	11	359896	249
Mock_P05_1	11	359896	165
Mock_P05_1	11	359896	152
Mock_P05_1	11	359896	102
Mock_P05_1	11	359896	113
Mock_P05_1	11	359896	93
Mock_P05_1	11	359896	326
Mock_P05_1	11	359896	10
Mock_P05_1	11	359896	80
Mock_P05_1	11	359896	147
Mock_P05_1	11	359896	173
Mock_P05_1	11	359896	178
Mock_P05_1	11	359896	146
Mock_P05_1	11	359896	116
Mock_P05_1	11	359896	224
Mock_P05_1	11	359896	128
Mock_P05_1	11	359896	91
Mock_P05_1	11	359896	108
Mock_P05_1	11	359896	305
Mock_P05_1	11	359896	88
Mock_P05_1	11	359896	114
Mock_P05_1	11	359896	88
Mock_P05_1	11	359896	123
Mock_P05_1	11	359896	48
Mock_P05_1	11	359896	85
Mock_P05_1	11	359896	310
Mock_P05_1	11	359896	135
Mock_P05_1	11	359896	140
Mock_P05_1	11	359896	69
Mock_P05_1	11	359896	40
Mock_P05_1	11	359896	139
Mock_P05_1	11	359896	43
Mock_P05_1	11	359896	95
Mock_P05_1	11	359896	78
Mock_P05_1	11	359896	76
Mock_P05_1	11	359896	68
Mock_P05_1	11	359896	188
Mock_P05_1	11	359896	235
Mock_P05_1	11	359896	75
Mock_P05_1	11	359896	87
Mock_P05_1	11	359896	127
Mock_P05_1	11	359896	106
Mock_P05_1	11	359896	199
Mock_P05_1	11	359896	291
Mock_P05_1	11	359896	162
Mock_P05_1	11	359896	12
Mock_P05_1	11	359896	78
Mock_P05_1	11	359896	123
Mock_P05_1	11	359896	120
Mock_P05_1	11	359896	13
Mock_P05_1	11	359896	176
Mock_P05_1	11	359896	79
Mock_P05_1	11	359896	86
Mock_P05_1	11	359896	114
Mock_P05_1	11	359896	103
Mock_P05_1	11	359896	38
Mock_P05_1	11	359896	123
Mock_P05_1	11	359896	192
Mock_P05_1	11	359896	116
Mock_P05_1	11	359896	131
Mock_P05_1	11	359896	18
Mock_P05_1	11	359896	109
Mock_P05_1	11	359896	131
Mock_P05_1	11	359896	52
Mock_P05_1	11	359896	64
Mock_P05_1	11	359896	175
Mock_P05_1	11	359896	96
Mock_P05_1	11	359896	36
Mock_P05_1	11	359896	60
Mock_P05_1	11	359896	159
Mock_P05_1	11	359896	158
Mock_P05_1	11	359896	287
Mock_P05_1	11	359896	94
Mock_P05_1	11	359896	51
Mock_P05_1	12	348868	65
Mock_P05_1	12	348868	69
Mock_P05_1	12	348868	85
Mock_P05_1	12	348868	90
Mock_P05_1	12	348868	127
Mock_P05_1	12	348868	125
Mock_P05_1	12	348868	72
Mock_P05_1	12	348868	104
Mock_P05_1	12	348868	156
Mock_P05_1	12	348868	79
Mock_P05_1	12	348868	144
Mock_P05_1	12	348868	277
Mock_P05_1	12	348868	139
Mock_P05_1	12	348868	170
Mock_P05_1	12	348868	148
Mock_P05_1	12	348868	137
Mock_P05_1	12	348868	50
Mock_P05_1	12	348868	86
Mock_P05_1	12	348868	64
Mock_P05_1	12	348868	76
Mock_P05_1	12	348868	86
Mock_P05_1	12	348868	120
Mock_P05_1	12	348868	157
Mock_P05_1	12	348868	79
Mock_P05_1	12	348868	72
Mock_P05_1	12	348868	74
Mock_P05_1	12	348868	181
Mock_P05_1	12	348868	131
Mock_P05_1	12	348868	189
Mock_P05_1	12	348868	222
Mock_P05_1	12	348868	98
Mock_P05_1	12	348868	143
Mock_P05_1	12	348868	84
Mock_P05_1	12	348868	190
Mock_P05_1	12	348868	236
Mock_P05_1	12	348868	267
Mock_P05_1	12	348868	198
Mock_P05_1	12	348868	45
Mock_P05_1	12	348868	38
Mock_P05_1	12	348868	108
Mock_P05_1	12	348868	299
Mock_P05_1	12	348868	185
Mock_P05_1	12	348868	90
Mock_P05_1	12	348868	83
Mock_P05_1	12	348868	85
Mock_P05_1	12	348868	149
Mock_P05_1	12	348868	110
Mock_P05_1	12	348868	79
Mock_P05_1	12	348868	133
Mock_P05_1	12	348868	82
Mock_P05_1	12	348868	159
Mock_P05_1	12	348868	108
Mock_P05_1	12	348868	103
Mock_P05_1	12	348868	100
Mock_P05_1	12	348868	208
Mock_P05_1	12	348868	58
Mock_P05_1	12	348868	76
Mock_P05_1	12	348868	97
Mock_P05_1	12	348868	176
Mock_P05_1	12	348868	155
Mock_P05_1	12	348868	84
Mock_P05_1	12	348868	80
Mock_P05_1	12	348868	164
Mock_P05_1	12	348868	117
Mock_P05_1	12	348868	19
Mock_P05_1	12	348868	208
Mock_P05_1	12	348868	97
Mock_P05_1	12	348868	145
Mock_P05_1	12	348868	163
Mock_P05_1	12	348868	201
Mock_P05_1	12	348868	130
Mock_P05_1	12	348868	74
Mock_P05_1	12	348868	180
Mock_P05_1	12	348868	180
Mock_P05_1	12	348868	114
Mock_P05_1	12	348868	110
Mock_P05_1	12	348868	78
Mock_P05_1	12	348868	126
Mock_P05_1	12	348868	163
Mock_P05_1	12	348868	113
Mock_P05_1	12	348868	133
Mock_P05_1	12	348868	125
Mock_P05_1	12	348868	31
Mock_P05_1	12	348868	112
Mock_P05_1	12	348868	111
Mock_P05_1	12	348868	86
Mock_P05_1	12	348868	61
Mock_P05_1	12	348868	158
Mock_P05_1	12	348868	201
Mock_P05_1	12	348868	120
Mock_P05_1	12	348868	180
Mock_P05_1	12	348868	183
Mock_P05_1	12	348868	65
Mock_P05_1	12	348868	87
Mock_P05_1	12	348868	310
Mock_P05_1	12	348868	56
Mock_P05_1	12	348868	270
Mock_P05_1	12	348868	250
Mock_P05_1	12	348868	146
Mock_P05_1	12	348868	243
Mock_P05_1	12	348868	104
Mock_P05_1	12	348868	108
Mock_P05_1	12	348868	92
Mock_P05_1	12	348868	99
Mock_P05_1	12	348868	182
Mock_P05_1	12	348868	119
Mock_P05_1	12	348868	125
Mock_P05_1	12	348868	180
Mock_P05_1	12	348868	83
Mock_P05_1	12	348868	146
Mock_P05_1	12	348868	133
Mock_P05_1	12	348868	163
Mock_P05_1	12	348868	138
Mock_P05_1	12	348868	96
Mock_P05_1	12	348868	89
Mock_P05_1	12	348868	156
Mock_P05_1	12	348868	124
Mock_P05_1	12	348868	153
Mock_P05_1	12	348868	104
Mock_P05_1	12	348868	93
Mock_P05_1	12	348868	75
Mock_P05_1	12	348868	169
Mock_P05_1	12	348868	179
Mock_P05_1	12	348868	68
Mock_P05_1	12	348868	143
Mock_P05_1	12	348868	91
Mock_P05_1	12	348868	215
Mock_P05_1	12	348868	79
Mock_P05_1	12	348868	164
Mock_P05_1	12	348868	82
Mock_P05_1	12	348868	132
Mock_P05_1	12	348868	89
Mock_P05_1	12	348868	120
Mock_P05_1	12	348868	190
Mock_P05_1	12	348868	158
Mock_P05_1	12	348868	154
Mock_P05_1	12	348868	334
Mock_P05_1	12	348868	143
Mock_P05_1	12	348868	144
Mock_P05_1	12	348868	96
Mock_P05_1	12	348868	140
Mock_P05_1	12	348868	22
Mock_P05_1	12	348868	201
Mock_P05_1	12	348868	123
Mock_P05_1	12	348868	97
Mock_P05_1	12	348868	136
Mock_P05_1	12	348868	144
Mock_P05_1	12	348868	105
Mock_P05_1	12	348868	76
Mock_P05_1	12	348868	195
