fichier	leaf	surfaceLeaf	surfaceLesion
Mock_P06_1	1	258762	31
Mock_P06_1	2	299568	450
Mock_P06_1	3	253378	0
Mock_P06_1	4	256845	0
Mock_P06_1	5	268159	127
Mock_P06_1	6	212474	20
Mock_P06_1	7	259524	71
Mock_P06_1	7	259524	67
Mock_P06_1	7	259524	78
Mock_P06_1	7	259524	50
Mock_P06_1	7	259524	61
Mock_P06_1	7	259524	37
Mock_P06_1	7	259524	54
Mock_P06_1	7	259524	120
Mock_P06_1	7	259524	80
Mock_P06_1	7	259524	107
Mock_P06_1	7	259524	53
Mock_P06_1	7	259524	61
Mock_P06_1	7	259524	64
Mock_P06_1	7	259524	101
Mock_P06_1	7	259524	70
Mock_P06_1	7	259524	87
Mock_P06_1	7	259524	130
Mock_P06_1	7	259524	79
Mock_P06_1	7	259524	109
Mock_P06_1	7	259524	31
Mock_P06_1	7	259524	11
Mock_P06_1	7	259524	107
Mock_P06_1	7	259524	52
Mock_P06_1	7	259524	104
Mock_P06_1	7	259524	25
Mock_P06_1	7	259524	105
Mock_P06_1	7	259524	239
Mock_P06_1	7	259524	108
Mock_P06_1	7	259524	78
Mock_P06_1	7	259524	87
Mock_P06_1	7	259524	89
Mock_P06_1	7	259524	61
Mock_P06_1	7	259524	101
Mock_P06_1	7	259524	24
Mock_P06_1	7	259524	91
Mock_P06_1	7	259524	193
Mock_P06_1	7	259524	96
Mock_P06_1	7	259524	165
Mock_P06_1	7	259524	29
Mock_P06_1	7	259524	92
Mock_P06_1	7	259524	70
Mock_P06_1	7	259524	39
Mock_P06_1	7	259524	88
Mock_P06_1	7	259524	67
Mock_P06_1	7	259524	113
Mock_P06_1	7	259524	103
Mock_P06_1	7	259524	213
Mock_P06_1	7	259524	76
Mock_P06_1	7	259524	81
Mock_P06_1	7	259524	65
Mock_P06_1	7	259524	22
Mock_P06_1	7	259524	72
Mock_P06_1	7	259524	104
Mock_P06_1	7	259524	62
Mock_P06_1	7	259524	74
Mock_P06_1	7	259524	124
Mock_P06_1	7	259524	53
Mock_P06_1	7	259524	176
Mock_P06_1	7	259524	32
Mock_P06_1	7	259524	148
Mock_P06_1	7	259524	108
Mock_P06_1	7	259524	108
Mock_P06_1	7	259524	73
Mock_P06_1	7	259524	75
Mock_P06_1	7	259524	134
Mock_P06_1	7	259524	49
Mock_P06_1	7	259524	103
Mock_P06_1	7	259524	34
Mock_P06_1	7	259524	122
Mock_P06_1	7	259524	15
Mock_P06_1	7	259524	103
Mock_P06_1	7	259524	100
Mock_P06_1	7	259524	196
Mock_P06_1	7	259524	108
Mock_P06_1	7	259524	106
Mock_P06_1	7	259524	95
Mock_P06_1	7	259524	129
Mock_P06_1	7	259524	102
Mock_P06_1	7	259524	126
Mock_P06_1	7	259524	158
Mock_P06_1	7	259524	133
Mock_P06_1	7	259524	144
Mock_P06_1	7	259524	69
Mock_P06_1	7	259524	111
Mock_P06_1	7	259524	119
Mock_P06_1	7	259524	104
Mock_P06_1	7	259524	113
Mock_P06_1	7	259524	134
Mock_P06_1	7	259524	113
Mock_P06_1	7	259524	58
Mock_P06_1	7	259524	88
Mock_P06_1	7	259524	85
Mock_P06_1	7	259524	69
Mock_P06_1	7	259524	79
Mock_P06_1	7	259524	66
Mock_P06_1	7	259524	150
Mock_P06_1	7	259524	30
Mock_P06_1	7	259524	77
Mock_P06_1	7	259524	50
Mock_P06_1	7	259524	111
Mock_P06_1	7	259524	92
Mock_P06_1	7	259524	62
Mock_P06_1	8	290637	34
Mock_P06_1	8	290637	121
Mock_P06_1	8	290637	130
Mock_P06_1	8	290637	95
Mock_P06_1	8	290637	138
Mock_P06_1	8	290637	173
Mock_P06_1	8	290637	154
Mock_P06_1	8	290637	107
Mock_P06_1	8	290637	80
Mock_P06_1	8	290637	135
Mock_P06_1	8	290637	140
Mock_P06_1	8	290637	154
Mock_P06_1	8	290637	155
Mock_P06_1	8	290637	210
Mock_P06_1	8	290637	24
Mock_P06_1	8	290637	126
Mock_P06_1	8	290637	85
Mock_P06_1	8	290637	22
Mock_P06_1	8	290637	101
Mock_P06_1	8	290637	166
Mock_P06_1	8	290637	61
Mock_P06_1	8	290637	93
Mock_P06_1	8	290637	127
Mock_P06_1	8	290637	80
Mock_P06_1	8	290637	90
Mock_P06_1	8	290637	111
Mock_P06_1	8	290637	194
Mock_P06_1	8	290637	164
Mock_P06_1	8	290637	164
Mock_P06_1	8	290637	152
Mock_P06_1	8	290637	98
Mock_P06_1	8	290637	148
Mock_P06_1	8	290637	141
Mock_P06_1	8	290637	243
Mock_P06_1	8	290637	343
Mock_P06_1	8	290637	22
Mock_P06_1	8	290637	52
Mock_P06_1	8	290637	112
Mock_P06_1	8	290637	128
Mock_P06_1	8	290637	133
Mock_P06_1	8	290637	114
Mock_P06_1	8	290637	120
Mock_P06_1	8	290637	69
Mock_P06_1	8	290637	177
Mock_P06_1	8	290637	99
Mock_P06_1	8	290637	68
Mock_P06_1	8	290637	159
Mock_P06_1	8	290637	71
Mock_P06_1	8	290637	182
Mock_P06_1	8	290637	129
Mock_P06_1	8	290637	51
Mock_P06_1	8	290637	56
Mock_P06_1	8	290637	64
Mock_P06_1	8	290637	67
Mock_P06_1	8	290637	102
Mock_P06_1	8	290637	72
Mock_P06_1	8	290637	44
Mock_P06_1	8	290637	130
Mock_P06_1	8	290637	26
Mock_P06_1	8	290637	86
Mock_P06_1	8	290637	55
Mock_P06_1	8	290637	64
Mock_P06_1	8	290637	58
Mock_P06_1	8	290637	76
Mock_P06_1	8	290637	76
Mock_P06_1	8	290637	161
Mock_P06_1	8	290637	29
Mock_P06_1	8	290637	81
Mock_P06_1	8	290637	107
Mock_P06_1	8	290637	87
Mock_P06_1	8	290637	100
Mock_P06_1	8	290637	86
Mock_P06_1	8	290637	85
Mock_P06_1	8	290637	75
Mock_P06_1	8	290637	93
Mock_P06_1	8	290637	54
Mock_P06_1	8	290637	180
Mock_P06_1	8	290637	51
Mock_P06_1	8	290637	186
Mock_P06_1	8	290637	72
Mock_P06_1	8	290637	96
Mock_P06_1	8	290637	131
Mock_P06_1	8	290637	136
Mock_P06_1	8	290637	77
Mock_P06_1	8	290637	157
Mock_P06_1	8	290637	144
Mock_P06_1	8	290637	136
Mock_P06_1	8	290637	274
Mock_P06_1	8	290637	63
Mock_P06_1	8	290637	50
Mock_P06_1	8	290637	176
Mock_P06_1	8	290637	109
Mock_P06_1	8	290637	24
Mock_P06_1	8	290637	14
Mock_P06_1	8	290637	78
Mock_P06_1	8	290637	40
Mock_P06_1	8	290637	258
Mock_P06_1	8	290637	50
Mock_P06_1	8	290637	17
Mock_P06_1	8	290637	24
Mock_P06_1	8	290637	92
Mock_P06_1	8	290637	19
Mock_P06_1	8	290637	73
Mock_P06_1	8	290637	73
Mock_P06_1	8	290637	93
Mock_P06_1	8	290637	43
Mock_P06_1	8	290637	41
Mock_P06_1	8	290637	137
Mock_P06_1	8	290637	50
Mock_P06_1	8	290637	39
Mock_P06_1	8	290637	63
Mock_P06_1	8	290637	47
Mock_P06_1	8	290637	66
Mock_P06_1	8	290637	64
Mock_P06_1	8	290637	89
Mock_P06_1	8	290637	67
Mock_P06_1	8	290637	64
Mock_P06_1	8	290637	92
Mock_P06_1	8	290637	95
Mock_P06_1	8	290637	100
Mock_P06_1	8	290637	55
Mock_P06_1	8	290637	61
Mock_P06_1	8	290637	70
Mock_P06_1	8	290637	99
Mock_P06_1	8	290637	51
Mock_P06_1	8	290637	165
Mock_P06_1	8	290637	77
Mock_P06_1	8	290637	49
Mock_P06_1	8	290637	132
Mock_P06_1	8	290637	104
Mock_P06_1	8	290637	169
Mock_P06_1	8	290637	117
Mock_P06_1	8	290637	71
Mock_P06_1	8	290637	91
Mock_P06_1	8	290637	102
Mock_P06_1	8	290637	92
Mock_P06_1	8	290637	85
Mock_P06_1	8	290637	82
Mock_P06_1	8	290637	55
Mock_P06_1	8	290637	417
Mock_P06_1	8	290637	186
Mock_P06_1	8	290637	132
Mock_P06_1	8	290637	74
Mock_P06_1	8	290637	71
Mock_P06_1	8	290637	73
Mock_P06_1	8	290637	61
Mock_P06_1	8	290637	169
Mock_P06_1	8	290637	61
Mock_P06_1	8	290637	130
Mock_P06_1	8	290637	31
Mock_P06_1	8	290637	52
Mock_P06_1	8	290637	50
Mock_P06_1	9	277171	120
Mock_P06_1	9	277171	173
Mock_P06_1	9	277171	133
Mock_P06_1	9	277171	107
Mock_P06_1	9	277171	117
Mock_P06_1	9	277171	431
Mock_P06_1	9	277171	96
Mock_P06_1	9	277171	48
Mock_P06_1	9	277171	120
Mock_P06_1	9	277171	82
Mock_P06_1	9	277171	81
Mock_P06_1	9	277171	113
Mock_P06_1	9	277171	42
Mock_P06_1	9	277171	207
Mock_P06_1	9	277171	88
Mock_P06_1	9	277171	91
Mock_P06_1	9	277171	95
Mock_P06_1	9	277171	129
Mock_P06_1	9	277171	78
Mock_P06_1	9	277171	35
Mock_P06_1	9	277171	138
Mock_P06_1	9	277171	106
Mock_P06_1	9	277171	120
Mock_P06_1	9	277171	250
Mock_P06_1	9	277171	89
Mock_P06_1	9	277171	183
Mock_P06_1	9	277171	60
Mock_P06_1	9	277171	76
Mock_P06_1	9	277171	50
Mock_P06_1	9	277171	99
Mock_P06_1	9	277171	80
Mock_P06_1	9	277171	207
Mock_P06_1	9	277171	97
Mock_P06_1	9	277171	145
Mock_P06_1	9	277171	117
Mock_P06_1	9	277171	212
Mock_P06_1	9	277171	62
Mock_P06_1	9	277171	152
Mock_P06_1	9	277171	34
Mock_P06_1	9	277171	134
Mock_P06_1	9	277171	200
Mock_P06_1	9	277171	76
Mock_P06_1	9	277171	107
Mock_P06_1	9	277171	129
Mock_P06_1	9	277171	126
Mock_P06_1	9	277171	37
Mock_P06_1	9	277171	99
Mock_P06_1	9	277171	172
Mock_P06_1	9	277171	61
Mock_P06_1	9	277171	69
Mock_P06_1	9	277171	89
Mock_P06_1	9	277171	84
Mock_P06_1	9	277171	122
Mock_P06_1	9	277171	141
Mock_P06_1	9	277171	125
Mock_P06_1	9	277171	107
Mock_P06_1	9	277171	143
Mock_P06_1	9	277171	129
Mock_P06_1	9	277171	115
Mock_P06_1	9	277171	151
Mock_P06_1	9	277171	93
Mock_P06_1	9	277171	140
Mock_P06_1	9	277171	119
Mock_P06_1	9	277171	123
Mock_P06_1	9	277171	151
Mock_P06_1	9	277171	144
Mock_P06_1	9	277171	136
Mock_P06_1	9	277171	87
Mock_P06_1	9	277171	101
Mock_P06_1	9	277171	163
Mock_P06_1	9	277171	109
Mock_P06_1	9	277171	130
Mock_P06_1	9	277171	124
Mock_P06_1	9	277171	155
Mock_P06_1	9	277171	114
Mock_P06_1	9	277171	90
Mock_P06_1	9	277171	144
Mock_P06_1	9	277171	62
Mock_P06_1	9	277171	74
Mock_P06_1	9	277171	99
Mock_P06_1	9	277171	193
Mock_P06_1	9	277171	112
Mock_P06_1	9	277171	133
Mock_P06_1	9	277171	126
Mock_P06_1	9	277171	167
Mock_P06_1	9	277171	112
Mock_P06_1	9	277171	115
Mock_P06_1	9	277171	70
Mock_P06_1	9	277171	99
Mock_P06_1	9	277171	207
Mock_P06_1	9	277171	102
Mock_P06_1	9	277171	115
Mock_P06_1	9	277171	130
Mock_P06_1	9	277171	114
Mock_P06_1	9	277171	126
Mock_P06_1	9	277171	122
Mock_P06_1	9	277171	161
Mock_P06_1	9	277171	221
Mock_P06_1	9	277171	149
Mock_P06_1	9	277171	77
Mock_P06_1	9	277171	242
Mock_P06_1	9	277171	209
Mock_P06_1	9	277171	98
Mock_P06_1	9	277171	97
Mock_P06_1	9	277171	123
Mock_P06_1	9	277171	266
Mock_P06_1	9	277171	25
Mock_P06_1	9	277171	103
Mock_P06_1	9	277171	73
Mock_P06_1	9	277171	153
Mock_P06_1	9	277171	219
Mock_P06_1	9	277171	123
Mock_P06_1	9	277171	38
Mock_P06_1	9	277171	209
Mock_P06_1	9	277171	17
Mock_P06_1	9	277171	64
Mock_P06_1	9	277171	68
Mock_P06_1	9	277171	100
Mock_P06_1	9	277171	117
Mock_P06_1	9	277171	48
Mock_P06_1	9	277171	79
Mock_P06_1	9	277171	79
Mock_P06_1	9	277171	84
Mock_P06_1	9	277171	122
Mock_P06_1	9	277171	62
Mock_P06_1	9	277171	63
Mock_P06_1	9	277171	246
Mock_P06_1	9	277171	47
Mock_P06_1	9	277171	178
Mock_P06_1	9	277171	87
Mock_P06_1	9	277171	99
Mock_P06_1	9	277171	26
Mock_P06_1	9	277171	35
Mock_P06_1	9	277171	177
Mock_P06_1	9	277171	113
Mock_P06_1	9	277171	42
Mock_P06_1	9	277171	133
Mock_P06_1	9	277171	131
Mock_P06_1	10	302353	82
Mock_P06_1	10	302353	75
Mock_P06_1	10	302353	276
Mock_P06_1	10	302353	108
Mock_P06_1	10	302353	207
Mock_P06_1	10	302353	154
Mock_P06_1	10	302353	143
Mock_P06_1	10	302353	111
Mock_P06_1	10	302353	234
Mock_P06_1	10	302353	40
Mock_P06_1	10	302353	89
Mock_P06_1	10	302353	157
Mock_P06_1	10	302353	175
Mock_P06_1	10	302353	99
Mock_P06_1	10	302353	113
Mock_P06_1	10	302353	111
Mock_P06_1	10	302353	78
Mock_P06_1	10	302353	92
Mock_P06_1	10	302353	59
Mock_P06_1	10	302353	56
Mock_P06_1	10	302353	129
Mock_P06_1	10	302353	228
Mock_P06_1	10	302353	80
Mock_P06_1	10	302353	108
Mock_P06_1	10	302353	126
Mock_P06_1	10	302353	93
Mock_P06_1	10	302353	194
Mock_P06_1	10	302353	115
Mock_P06_1	10	302353	80
Mock_P06_1	10	302353	46
Mock_P06_1	10	302353	119
Mock_P06_1	10	302353	182
Mock_P06_1	10	302353	218
Mock_P06_1	10	302353	131
Mock_P06_1	10	302353	110
Mock_P06_1	10	302353	74
Mock_P06_1	10	302353	89
Mock_P06_1	10	302353	121
Mock_P06_1	10	302353	206
Mock_P06_1	10	302353	105
Mock_P06_1	10	302353	123
Mock_P06_1	10	302353	103
Mock_P06_1	10	302353	92
Mock_P06_1	10	302353	172
Mock_P06_1	10	302353	136
Mock_P06_1	10	302353	139
Mock_P06_1	10	302353	39
Mock_P06_1	10	302353	78
Mock_P06_1	10	302353	120
Mock_P06_1	10	302353	60
Mock_P06_1	10	302353	17
Mock_P06_1	10	302353	69
Mock_P06_1	10	302353	69
Mock_P06_1	10	302353	97
Mock_P06_1	10	302353	130
Mock_P06_1	10	302353	135
Mock_P06_1	10	302353	83
Mock_P06_1	10	302353	23
Mock_P06_1	10	302353	65
Mock_P06_1	10	302353	102
Mock_P06_1	10	302353	81
Mock_P06_1	10	302353	179
Mock_P06_1	10	302353	75
Mock_P06_1	10	302353	126
Mock_P06_1	10	302353	89
Mock_P06_1	10	302353	72
Mock_P06_1	10	302353	88
Mock_P06_1	10	302353	89
Mock_P06_1	10	302353	237
Mock_P06_1	10	302353	95
Mock_P06_1	10	302353	142
Mock_P06_1	10	302353	105
Mock_P06_1	10	302353	103
Mock_P06_1	10	302353	56
Mock_P06_1	10	302353	155
Mock_P06_1	10	302353	111
Mock_P06_1	10	302353	203
Mock_P06_1	10	302353	117
Mock_P06_1	10	302353	118
Mock_P06_1	10	302353	98
Mock_P06_1	10	302353	140
Mock_P06_1	10	302353	119
Mock_P06_1	10	302353	165
Mock_P06_1	10	302353	217
Mock_P06_1	10	302353	101
Mock_P06_1	10	302353	79
Mock_P06_1	10	302353	69
Mock_P06_1	10	302353	89
Mock_P06_1	10	302353	64
Mock_P06_1	10	302353	131
Mock_P06_1	10	302353	120
Mock_P06_1	10	302353	86
Mock_P06_1	10	302353	168
Mock_P06_1	10	302353	98
Mock_P06_1	10	302353	90
Mock_P06_1	10	302353	109
Mock_P06_1	10	302353	63
Mock_P06_1	10	302353	111
Mock_P06_1	10	302353	112
Mock_P06_1	10	302353	63
Mock_P06_1	10	302353	118
Mock_P06_1	10	302353	79
Mock_P06_1	10	302353	119
Mock_P06_1	10	302353	113
Mock_P06_1	10	302353	361
Mock_P06_1	10	302353	231
Mock_P06_1	10	302353	180
Mock_P06_1	10	302353	68
Mock_P06_1	10	302353	93
Mock_P06_1	10	302353	85
Mock_P06_1	10	302353	47
Mock_P06_1	10	302353	63
Mock_P06_1	10	302353	22
Mock_P06_1	10	302353	66
Mock_P06_1	10	302353	84
Mock_P06_1	10	302353	162
Mock_P06_1	10	302353	134
Mock_P06_1	10	302353	112
Mock_P06_1	10	302353	72
Mock_P06_1	10	302353	136
Mock_P06_1	10	302353	85
Mock_P06_1	10	302353	84
Mock_P06_1	10	302353	209
Mock_P06_1	10	302353	57
Mock_P06_1	10	302353	145
Mock_P06_1	10	302353	88
Mock_P06_1	10	302353	222
Mock_P06_1	10	302353	66
Mock_P06_1	10	302353	107
Mock_P06_1	10	302353	187
Mock_P06_1	10	302353	110
Mock_P06_1	10	302353	77
Mock_P06_1	10	302353	82
Mock_P06_1	10	302353	153
Mock_P06_1	10	302353	77
Mock_P06_1	10	302353	72
Mock_P06_1	10	302353	148
Mock_P06_1	10	302353	128
Mock_P06_1	10	302353	116
Mock_P06_1	10	302353	51
Mock_P06_1	10	302353	22
Mock_P06_1	10	302353	102
Mock_P06_1	10	302353	77
Mock_P06_1	11	283934	71
Mock_P06_1	11	283934	76
Mock_P06_1	11	283934	80
Mock_P06_1	11	283934	115
Mock_P06_1	11	283934	35
Mock_P06_1	11	283934	90
Mock_P06_1	11	283934	143
Mock_P06_1	11	283934	69
Mock_P06_1	11	283934	65
Mock_P06_1	11	283934	46
Mock_P06_1	11	283934	35
Mock_P06_1	11	283934	55
Mock_P06_1	11	283934	55
Mock_P06_1	11	283934	42
Mock_P06_1	11	283934	44
Mock_P06_1	11	283934	135
Mock_P06_1	11	283934	50
Mock_P06_1	11	283934	75
Mock_P06_1	11	283934	46
Mock_P06_1	11	283934	90
Mock_P06_1	11	283934	62
Mock_P06_1	11	283934	59
Mock_P06_1	11	283934	32
Mock_P06_1	11	283934	84
Mock_P06_1	11	283934	81
Mock_P06_1	11	283934	69
Mock_P06_1	11	283934	118
Mock_P06_1	11	283934	108
Mock_P06_1	11	283934	66
Mock_P06_1	11	283934	39
Mock_P06_1	11	283934	58
Mock_P06_1	11	283934	98
Mock_P06_1	11	283934	137
Mock_P06_1	11	283934	64
Mock_P06_1	11	283934	83
Mock_P06_1	11	283934	62
Mock_P06_1	11	283934	58
Mock_P06_1	11	283934	55
Mock_P06_1	11	283934	98
Mock_P06_1	11	283934	86
Mock_P06_1	11	283934	70
Mock_P06_1	11	283934	66
Mock_P06_1	11	283934	87
Mock_P06_1	11	283934	88
Mock_P06_1	11	283934	57
Mock_P06_1	11	283934	60
Mock_P06_1	11	283934	88
Mock_P06_1	11	283934	75
Mock_P06_1	11	283934	57
Mock_P06_1	11	283934	119
Mock_P06_1	11	283934	41
Mock_P06_1	11	283934	45
Mock_P06_1	11	283934	95
Mock_P06_1	11	283934	32
Mock_P06_1	11	283934	132
Mock_P06_1	11	283934	138
Mock_P06_1	11	283934	73
Mock_P06_1	11	283934	324
Mock_P06_1	11	283934	69
Mock_P06_1	11	283934	84
Mock_P06_1	11	283934	59
Mock_P06_1	11	283934	37
Mock_P06_1	11	283934	74
Mock_P06_1	11	283934	196
Mock_P06_1	11	283934	82
Mock_P06_1	11	283934	127
Mock_P06_1	11	283934	132
Mock_P06_1	11	283934	117
Mock_P06_1	11	283934	61
Mock_P06_1	11	283934	128
Mock_P06_1	11	283934	118
Mock_P06_1	11	283934	80
Mock_P06_1	11	283934	146
Mock_P06_1	11	283934	180
Mock_P06_1	11	283934	101
Mock_P06_1	11	283934	73
Mock_P06_1	11	283934	195
Mock_P06_1	11	283934	142
Mock_P06_1	11	283934	164
Mock_P06_1	11	283934	112
Mock_P06_1	11	283934	126
Mock_P06_1	11	283934	97
Mock_P06_1	11	283934	149
Mock_P06_1	11	283934	90
Mock_P06_1	11	283934	221
Mock_P06_1	11	283934	57
Mock_P06_1	11	283934	144
Mock_P06_1	11	283934	112
Mock_P06_1	11	283934	69
Mock_P06_1	11	283934	128
Mock_P06_1	11	283934	58
Mock_P06_1	11	283934	106
Mock_P06_1	11	283934	95
Mock_P06_1	11	283934	128
Mock_P06_1	11	283934	169
Mock_P06_1	11	283934	126
Mock_P06_1	11	283934	39
Mock_P06_1	11	283934	173
Mock_P06_1	11	283934	82
Mock_P06_1	11	283934	76
Mock_P06_1	11	283934	57
Mock_P06_1	11	283934	89
Mock_P06_1	11	283934	75
Mock_P06_1	11	283934	159
Mock_P06_1	11	283934	70
Mock_P06_1	11	283934	68
Mock_P06_1	11	283934	35
Mock_P06_1	11	283934	69
Mock_P06_1	11	283934	44
Mock_P06_1	11	283934	51
Mock_P06_1	11	283934	250
Mock_P06_1	11	283934	86
Mock_P06_1	11	283934	189
Mock_P06_1	11	283934	37
Mock_P06_1	11	283934	74
Mock_P06_1	11	283934	199
Mock_P06_1	11	283934	88
Mock_P06_1	11	283934	154
Mock_P06_1	11	283934	61
Mock_P06_1	11	283934	234
Mock_P06_1	11	283934	43
Mock_P06_1	11	283934	48
Mock_P06_1	11	283934	207
Mock_P06_1	11	283934	79
Mock_P06_1	11	283934	16
Mock_P06_1	11	283934	56
Mock_P06_1	11	283934	44
Mock_P06_1	11	283934	49
Mock_P06_1	11	283934	20
Mock_P06_1	11	283934	139
Mock_P06_1	11	283934	133
Mock_P06_1	11	283934	104
Mock_P06_1	11	283934	58
Mock_P06_1	11	283934	177
Mock_P06_1	11	283934	114
Mock_P06_1	11	283934	119
Mock_P06_1	11	283934	81
Mock_P06_1	11	283934	61
Mock_P06_1	11	283934	379
Mock_P06_1	11	283934	90
Mock_P06_1	11	283934	101
Mock_P06_1	11	283934	163
Mock_P06_1	12	269070	99
Mock_P06_1	12	269070	146
Mock_P06_1	12	269070	65
Mock_P06_1	12	269070	170
Mock_P06_1	12	269070	235
Mock_P06_1	12	269070	56
Mock_P06_1	12	269070	184
Mock_P06_1	12	269070	115
Mock_P06_1	12	269070	55
Mock_P06_1	12	269070	137
Mock_P06_1	12	269070	153
Mock_P06_1	12	269070	121
Mock_P06_1	12	269070	97
Mock_P06_1	12	269070	121
Mock_P06_1	12	269070	152
Mock_P06_1	12	269070	91
Mock_P06_1	12	269070	97
Mock_P06_1	12	269070	107
Mock_P06_1	12	269070	93
Mock_P06_1	12	269070	128
Mock_P06_1	12	269070	87
Mock_P06_1	12	269070	191
Mock_P06_1	12	269070	120
Mock_P06_1	12	269070	102
Mock_P06_1	12	269070	155
Mock_P06_1	12	269070	120
Mock_P06_1	12	269070	103
Mock_P06_1	12	269070	102
Mock_P06_1	12	269070	97
Mock_P06_1	12	269070	107
Mock_P06_1	12	269070	163
Mock_P06_1	12	269070	70
Mock_P06_1	12	269070	87
Mock_P06_1	12	269070	171
Mock_P06_1	12	269070	93
Mock_P06_1	12	269070	156
Mock_P06_1	12	269070	184
Mock_P06_1	12	269070	152
Mock_P06_1	12	269070	217
Mock_P06_1	12	269070	103
Mock_P06_1	12	269070	94
Mock_P06_1	12	269070	197
Mock_P06_1	12	269070	86
Mock_P06_1	12	269070	98
Mock_P06_1	12	269070	243
Mock_P06_1	12	269070	246
Mock_P06_1	12	269070	112
Mock_P06_1	12	269070	108
Mock_P06_1	12	269070	166
Mock_P06_1	12	269070	107
Mock_P06_1	12	269070	93
Mock_P06_1	12	269070	68
Mock_P06_1	12	269070	136
Mock_P06_1	12	269070	193
Mock_P06_1	12	269070	103
Mock_P06_1	12	269070	99
Mock_P06_1	12	269070	111
Mock_P06_1	12	269070	107
Mock_P06_1	12	269070	81
Mock_P06_1	12	269070	36
Mock_P06_1	12	269070	153
Mock_P06_1	12	269070	114
Mock_P06_1	12	269070	146
Mock_P06_1	12	269070	98
Mock_P06_1	12	269070	168
Mock_P06_1	12	269070	96
Mock_P06_1	12	269070	95
Mock_P06_1	12	269070	129
Mock_P06_1	12	269070	57
Mock_P06_1	12	269070	382
Mock_P06_1	12	269070	142
Mock_P06_1	12	269070	95
Mock_P06_1	12	269070	53
Mock_P06_1	12	269070	91
Mock_P06_1	12	269070	136
Mock_P06_1	12	269070	64
Mock_P06_1	12	269070	63
Mock_P06_1	12	269070	60
Mock_P06_1	12	269070	84
Mock_P06_1	12	269070	86
Mock_P06_1	12	269070	63
Mock_P06_1	12	269070	55
Mock_P06_1	12	269070	69
Mock_P06_1	12	269070	127
Mock_P06_1	12	269070	19
Mock_P06_1	12	269070	119
Mock_P06_1	12	269070	84
Mock_P06_1	12	269070	57
Mock_P06_1	12	269070	117
Mock_P06_1	12	269070	168
Mock_P06_1	12	269070	59
Mock_P06_1	12	269070	49
Mock_P06_1	12	269070	134
Mock_P06_1	12	269070	103
Mock_P06_1	12	269070	30
Mock_P06_1	12	269070	191
Mock_P06_1	12	269070	60
Mock_P06_1	12	269070	73
Mock_P06_1	12	269070	109
Mock_P06_1	12	269070	53
Mock_P06_1	12	269070	76
Mock_P06_1	12	269070	145
Mock_P06_1	12	269070	86
Mock_P06_1	12	269070	45
Mock_P06_1	12	269070	61
Mock_P06_1	12	269070	55
Mock_P06_1	12	269070	65
Mock_P06_1	12	269070	60
Mock_P06_1	12	269070	83
Mock_P06_1	12	269070	35
Mock_P06_1	12	269070	48
Mock_P06_1	12	269070	149
Mock_P06_1	12	269070	97
Mock_P06_1	12	269070	212
Mock_P06_1	12	269070	80
Mock_P06_1	12	269070	96
Mock_P06_1	12	269070	114
Mock_P06_1	12	269070	83
Mock_P06_1	13	328283	178
Mock_P06_1	13	328283	150
Mock_P06_1	13	328283	152
Mock_P06_1	13	328283	166
Mock_P06_1	13	328283	100
Mock_P06_1	13	328283	66
Mock_P06_1	13	328283	47
Mock_P06_1	13	328283	102
Mock_P06_1	13	328283	12
Mock_P06_1	13	328283	67
Mock_P06_1	13	328283	74
Mock_P06_1	13	328283	63
Mock_P06_1	13	328283	90
Mock_P06_1	13	328283	129
Mock_P06_1	13	328283	96
Mock_P06_1	13	328283	103
Mock_P06_1	13	328283	59
Mock_P06_1	13	328283	130
Mock_P06_1	13	328283	134
Mock_P06_1	13	328283	56
Mock_P06_1	13	328283	123
Mock_P06_1	13	328283	305
Mock_P06_1	13	328283	115
Mock_P06_1	13	328283	136
Mock_P06_1	13	328283	83
Mock_P06_1	13	328283	133
Mock_P06_1	13	328283	102
Mock_P06_1	13	328283	147
Mock_P06_1	13	328283	111
Mock_P06_1	13	328283	125
Mock_P06_1	13	328283	129
Mock_P06_1	13	328283	214
Mock_P06_1	13	328283	151
Mock_P06_1	13	328283	144
Mock_P06_1	13	328283	171
Mock_P06_1	13	328283	110
Mock_P06_1	13	328283	121
Mock_P06_1	13	328283	204
Mock_P06_1	13	328283	79
Mock_P06_1	13	328283	151
Mock_P06_1	13	328283	126
Mock_P06_1	13	328283	124
Mock_P06_1	13	328283	96
Mock_P06_1	13	328283	153
Mock_P06_1	13	328283	74
Mock_P06_1	13	328283	134
Mock_P06_1	13	328283	91
Mock_P06_1	13	328283	96
Mock_P06_1	13	328283	255
Mock_P06_1	13	328283	94
Mock_P06_1	13	328283	95
Mock_P06_1	13	328283	105
Mock_P06_1	13	328283	76
Mock_P06_1	13	328283	117
Mock_P06_1	13	328283	93
Mock_P06_1	13	328283	94
Mock_P06_1	13	328283	122
Mock_P06_1	13	328283	143
Mock_P06_1	13	328283	116
Mock_P06_1	13	328283	134
Mock_P06_1	13	328283	102
Mock_P06_1	13	328283	74
Mock_P06_1	13	328283	204
Mock_P06_1	13	328283	96
Mock_P06_1	13	328283	53
Mock_P06_1	13	328283	127
Mock_P06_1	13	328283	211
Mock_P06_1	13	328283	197
Mock_P06_1	13	328283	109
Mock_P06_1	13	328283	100
Mock_P06_1	13	328283	273
Mock_P06_1	13	328283	84
Mock_P06_1	13	328283	95
Mock_P06_1	13	328283	156
Mock_P06_1	13	328283	96
Mock_P06_1	13	328283	113
Mock_P06_1	13	328283	127
Mock_P06_1	13	328283	222
Mock_P06_1	13	328283	81
Mock_P06_1	13	328283	93
Mock_P06_1	13	328283	170
Mock_P06_1	13	328283	161
Mock_P06_1	13	328283	179
Mock_P06_1	13	328283	100
Mock_P06_1	13	328283	249
Mock_P06_1	13	328283	88
Mock_P06_1	13	328283	74
Mock_P06_1	13	328283	132
Mock_P06_1	13	328283	130
Mock_P06_1	13	328283	386
Mock_P06_1	13	328283	88
Mock_P06_1	13	328283	119
Mock_P06_1	13	328283	95
Mock_P06_1	13	328283	103
Mock_P06_1	13	328283	87
Mock_P06_1	13	328283	131
Mock_P06_1	13	328283	101
Mock_P06_1	13	328283	84
Mock_P06_1	13	328283	118
Mock_P06_1	13	328283	150
Mock_P06_1	13	328283	110
Mock_P06_1	13	328283	122
Mock_P06_1	13	328283	107
Mock_P06_1	13	328283	137
Mock_P06_1	13	328283	73
Mock_P06_1	13	328283	92
Mock_P06_1	13	328283	108
Mock_P06_1	13	328283	54
Mock_P06_1	13	328283	101
Mock_P06_1	13	328283	109
Mock_P06_1	13	328283	145
Mock_P06_1	13	328283	146
Mock_P06_1	13	328283	95
Mock_P06_1	13	328283	117
Mock_P06_1	13	328283	124
Mock_P06_1	13	328283	170
Mock_P06_1	13	328283	83
Mock_P06_1	13	328283	61
Mock_P06_1	13	328283	280
Mock_P06_1	13	328283	140
Mock_P06_1	13	328283	103
Mock_P06_1	13	328283	158
Mock_P06_1	13	328283	151
Mock_P06_1	13	328283	102
Mock_P06_1	13	328283	103
Mock_P06_1	13	328283	135
Mock_P06_1	13	328283	102
Mock_P06_1	13	328283	180
Mock_P06_1	13	328283	78
Mock_P06_1	13	328283	73
Mock_P06_1	13	328283	118
Mock_P06_1	13	328283	113
Mock_P06_1	13	328283	80
Mock_P06_1	13	328283	248
Mock_P06_1	13	328283	63
Mock_P06_1	13	328283	145
Mock_P06_1	13	328283	83
Mock_P06_1	13	328283	117
Mock_P06_1	13	328283	76
Mock_P06_1	13	328283	57
Mock_P06_1	13	328283	246
Mock_P06_1	13	328283	119
Mock_P06_1	13	328283	93
Mock_P06_1	13	328283	85
Mock_P06_1	13	328283	80
Mock_P06_1	13	328283	205
Mock_P06_1	13	328283	509
Mock_P06_1	13	328283	244
Mock_P06_1	13	328283	221
Mock_P06_1	13	328283	86
Mock_P06_1	13	328283	102
Mock_P06_1	13	328283	106
Mock_P06_1	13	328283	224
Mock_P06_1	13	328283	113
Mock_P06_1	13	328283	86
Mock_P06_1	13	328283	288
Mock_P06_1	13	328283	99
Mock_P06_1	13	328283	106
Mock_P06_1	13	328283	46
Mock_P06_1	13	328283	117
Mock_P06_1	13	328283	91
Mock_P06_1	13	328283	143
Mock_P06_1	13	328283	57
Mock_P06_1	13	328283	91
Mock_P06_1	13	328283	60
Mock_P06_1	14	269535	105
Mock_P06_1	14	269535	115
Mock_P06_1	14	269535	82
Mock_P06_1	14	269535	83
Mock_P06_1	14	269535	75
Mock_P06_1	14	269535	90
Mock_P06_1	14	269535	109
Mock_P06_1	14	269535	144
Mock_P06_1	14	269535	113
Mock_P06_1	14	269535	114
Mock_P06_1	14	269535	100
Mock_P06_1	14	269535	114
Mock_P06_1	14	269535	79
Mock_P06_1	14	269535	87
Mock_P06_1	14	269535	82
Mock_P06_1	14	269535	110
Mock_P06_1	14	269535	99
Mock_P06_1	14	269535	136
Mock_P06_1	14	269535	112
Mock_P06_1	14	269535	88
Mock_P06_1	14	269535	65
Mock_P06_1	14	269535	69
Mock_P06_1	14	269535	91
Mock_P06_1	14	269535	196
Mock_P06_1	14	269535	77
Mock_P06_1	14	269535	76
Mock_P06_1	14	269535	76
Mock_P06_1	14	269535	110
Mock_P06_1	14	269535	49
Mock_P06_1	14	269535	115
Mock_P06_1	14	269535	41
Mock_P06_1	14	269535	19
Mock_P06_1	14	269535	88
Mock_P06_1	14	269535	92
Mock_P06_1	14	269535	217
Mock_P06_1	14	269535	104
Mock_P06_1	14	269535	109
Mock_P06_1	14	269535	93
Mock_P06_1	14	269535	103
Mock_P06_1	14	269535	111
Mock_P06_1	14	269535	179
Mock_P06_1	14	269535	121
Mock_P06_1	14	269535	63
Mock_P06_1	14	269535	86
Mock_P06_1	14	269535	96
Mock_P06_1	14	269535	89
Mock_P06_1	14	269535	74
Mock_P06_1	14	269535	86
Mock_P06_1	14	269535	73
Mock_P06_1	14	269535	375
Mock_P06_1	14	269535	114
Mock_P06_1	14	269535	126
Mock_P06_1	14	269535	104
Mock_P06_1	14	269535	92
Mock_P06_1	14	269535	125
Mock_P06_1	14	269535	95
Mock_P06_1	14	269535	98
Mock_P06_1	14	269535	50
Mock_P06_1	14	269535	95
Mock_P06_1	14	269535	101
Mock_P06_1	14	269535	124
Mock_P06_1	14	269535	79
Mock_P06_1	14	269535	14
Mock_P06_1	14	269535	163
Mock_P06_1	14	269535	92
Mock_P06_1	14	269535	100
Mock_P06_1	14	269535	79
Mock_P06_1	14	269535	188
Mock_P06_1	14	269535	327
Mock_P06_1	14	269535	10
Mock_P06_1	14	269535	23
Mock_P06_1	14	269535	82
Mock_P06_1	14	269535	69
Mock_P06_1	14	269535	71
Mock_P06_1	14	269535	190
Mock_P06_1	14	269535	61
Mock_P06_1	14	269535	73
Mock_P06_1	14	269535	70
Mock_P06_1	14	269535	77
Mock_P06_1	14	269535	125
Mock_P06_1	14	269535	116
Mock_P06_1	14	269535	67
Mock_P06_1	14	269535	134
Mock_P06_1	14	269535	49
Mock_P06_1	14	269535	131
Mock_P06_1	14	269535	110
Mock_P06_1	14	269535	96
Mock_P06_1	14	269535	75
Mock_P06_1	14	269535	83
Mock_P06_1	14	269535	99
Mock_P06_1	14	269535	148
Mock_P06_1	14	269535	105
Mock_P06_1	14	269535	174
Mock_P06_1	14	269535	93
Mock_P06_1	14	269535	80
Mock_P06_1	14	269535	123
Mock_P06_1	14	269535	178
Mock_P06_1	14	269535	27
Mock_P06_1	14	269535	80
Mock_P06_1	14	269535	69
Mock_P06_1	14	269535	125
Mock_P06_1	14	269535	118
Mock_P06_1	14	269535	94
Mock_P06_1	14	269535	115
Mock_P06_1	14	269535	196
Mock_P06_1	14	269535	56
Mock_P06_1	14	269535	17
Mock_P06_1	15	299771	123
Mock_P06_1	15	299771	296
Mock_P06_1	15	299771	112
Mock_P06_1	15	299771	102
Mock_P06_1	15	299771	71
Mock_P06_1	15	299771	98
Mock_P06_1	15	299771	147
Mock_P06_1	15	299771	54
Mock_P06_1	15	299771	115
Mock_P06_1	15	299771	144
Mock_P06_1	15	299771	85
Mock_P06_1	15	299771	143
Mock_P06_1	15	299771	39
Mock_P06_1	15	299771	123
Mock_P06_1	15	299771	206
Mock_P06_1	15	299771	137
Mock_P06_1	15	299771	148
Mock_P06_1	15	299771	65
Mock_P06_1	15	299771	44
Mock_P06_1	15	299771	96
Mock_P06_1	15	299771	89
Mock_P06_1	15	299771	48
Mock_P06_1	15	299771	98
Mock_P06_1	15	299771	127
Mock_P06_1	15	299771	207
Mock_P06_1	15	299771	124
Mock_P06_1	15	299771	75
Mock_P06_1	15	299771	83
Mock_P06_1	15	299771	86
Mock_P06_1	15	299771	79
Mock_P06_1	15	299771	102
Mock_P06_1	15	299771	110
Mock_P06_1	15	299771	87
Mock_P06_1	15	299771	178
Mock_P06_1	15	299771	106
Mock_P06_1	15	299771	67
Mock_P06_1	15	299771	128
Mock_P06_1	15	299771	109
Mock_P06_1	15	299771	114
Mock_P06_1	15	299771	146
Mock_P06_1	15	299771	116
Mock_P06_1	15	299771	56
Mock_P06_1	15	299771	115
Mock_P06_1	15	299771	107
Mock_P06_1	15	299771	128
Mock_P06_1	15	299771	113
Mock_P06_1	15	299771	498
Mock_P06_1	15	299771	94
Mock_P06_1	15	299771	89
Mock_P06_1	15	299771	59
Mock_P06_1	15	299771	212
Mock_P06_1	15	299771	65
Mock_P06_1	15	299771	188
Mock_P06_1	15	299771	95
Mock_P06_1	15	299771	157
Mock_P06_1	15	299771	315
Mock_P06_1	15	299771	129
Mock_P06_1	15	299771	115
Mock_P06_1	15	299771	203
Mock_P06_1	15	299771	84
Mock_P06_1	15	299771	100
Mock_P06_1	15	299771	174
Mock_P06_1	15	299771	113
Mock_P06_1	15	299771	81
Mock_P06_1	15	299771	129
Mock_P06_1	15	299771	17
Mock_P06_1	15	299771	127
Mock_P06_1	15	299771	123
Mock_P06_1	15	299771	74
Mock_P06_1	15	299771	66
Mock_P06_1	15	299771	147
Mock_P06_1	15	299771	97
Mock_P06_1	15	299771	95
Mock_P06_1	15	299771	99
Mock_P06_1	15	299771	116
Mock_P06_1	15	299771	74
Mock_P06_1	15	299771	111
Mock_P06_1	15	299771	149
Mock_P06_1	15	299771	54
Mock_P06_1	15	299771	143
Mock_P06_1	15	299771	108
Mock_P06_1	15	299771	107
Mock_P06_1	15	299771	72
Mock_P06_1	15	299771	152
Mock_P06_1	15	299771	179
Mock_P06_1	15	299771	151
Mock_P06_1	15	299771	111
Mock_P06_1	15	299771	152
Mock_P06_1	15	299771	99
Mock_P06_1	15	299771	90
Mock_P06_1	15	299771	104
Mock_P06_1	15	299771	95
Mock_P06_1	15	299771	184
Mock_P06_1	15	299771	70
Mock_P06_1	15	299771	90
Mock_P06_1	15	299771	129
Mock_P06_1	15	299771	110
Mock_P06_1	15	299771	136
Mock_P06_1	15	299771	98
Mock_P06_1	15	299771	186
Mock_P06_1	15	299771	120
Mock_P06_1	15	299771	175
Mock_P06_1	15	299771	112
Mock_P06_1	15	299771	184
Mock_P06_1	16	332343	170
Mock_P06_1	16	332343	124
Mock_P06_1	16	332343	105
Mock_P06_1	16	332343	76
Mock_P06_1	16	332343	76
Mock_P06_1	16	332343	40
Mock_P06_1	16	332343	99
Mock_P06_1	16	332343	142
Mock_P06_1	16	332343	41
Mock_P06_1	16	332343	32
Mock_P06_1	16	332343	73
Mock_P06_1	16	332343	115
Mock_P06_1	16	332343	68
Mock_P06_1	16	332343	225
Mock_P06_1	16	332343	119
Mock_P06_1	16	332343	283
Mock_P06_1	16	332343	109
Mock_P06_1	16	332343	49
Mock_P06_1	16	332343	22
Mock_P06_1	16	332343	66
Mock_P06_1	16	332343	34
Mock_P06_1	16	332343	93
Mock_P06_1	16	332343	74
Mock_P06_1	16	332343	68
Mock_P06_1	16	332343	113
Mock_P06_1	16	332343	92
Mock_P06_1	16	332343	116
Mock_P06_1	16	332343	191
Mock_P06_1	16	332343	176
Mock_P06_1	16	332343	82
Mock_P06_1	16	332343	131
Mock_P06_1	16	332343	143
Mock_P06_1	16	332343	219
Mock_P06_1	16	332343	86
Mock_P06_1	16	332343	112
Mock_P06_1	16	332343	194
Mock_P06_1	16	332343	54
Mock_P06_1	16	332343	111
Mock_P06_1	16	332343	84
Mock_P06_1	16	332343	62
Mock_P06_1	16	332343	93
Mock_P06_1	16	332343	109
Mock_P06_1	16	332343	26
Mock_P06_1	16	332343	74
Mock_P06_1	16	332343	106
Mock_P06_1	16	332343	115
Mock_P06_1	16	332343	75
Mock_P06_1	16	332343	106
Mock_P06_1	16	332343	325
Mock_P06_1	16	332343	290
Mock_P06_1	16	332343	71
Mock_P06_1	16	332343	83
Mock_P06_1	16	332343	212
Mock_P06_1	16	332343	67
Mock_P06_1	16	332343	109
Mock_P06_1	16	332343	96
Mock_P06_1	16	332343	137
Mock_P06_1	16	332343	200
Mock_P06_1	16	332343	85
Mock_P06_1	16	332343	186
Mock_P06_1	16	332343	234
Mock_P06_1	16	332343	98
Mock_P06_1	16	332343	97
Mock_P06_1	16	332343	27
Mock_P06_1	16	332343	108
Mock_P06_1	16	332343	119
Mock_P06_1	16	332343	263
Mock_P06_1	16	332343	145
Mock_P06_1	16	332343	125
Mock_P06_1	16	332343	99
Mock_P06_1	16	332343	81
Mock_P06_1	16	332343	324
Mock_P06_1	16	332343	52
Mock_P06_1	16	332343	85
Mock_P06_1	16	332343	93
Mock_P06_1	16	332343	91
Mock_P06_1	16	332343	123
Mock_P06_1	16	332343	91
Mock_P06_1	16	332343	85
Mock_P06_1	16	332343	95
Mock_P06_1	16	332343	109
Mock_P06_1	16	332343	124
Mock_P06_1	16	332343	94
Mock_P06_1	16	332343	106
Mock_P06_1	16	332343	148
Mock_P06_1	16	332343	122
Mock_P06_1	16	332343	216
Mock_P06_1	16	332343	102
Mock_P06_1	16	332343	121
Mock_P06_1	16	332343	100
Mock_P06_1	16	332343	199
Mock_P06_1	16	332343	114
Mock_P06_1	16	332343	88
Mock_P06_1	16	332343	92
Mock_P06_1	16	332343	66
Mock_P06_1	16	332343	139
Mock_P06_1	16	332343	81
Mock_P06_1	16	332343	162
Mock_P06_1	16	332343	150
Mock_P06_1	16	332343	152
Mock_P06_1	16	332343	120
Mock_P06_1	16	332343	141
Mock_P06_1	16	332343	141
Mock_P06_1	16	332343	102
Mock_P06_1	16	332343	109
Mock_P06_1	16	332343	141
Mock_P06_1	16	332343	118
Mock_P06_1	16	332343	188
Mock_P06_1	16	332343	141
Mock_P06_1	16	332343	405
Mock_P06_1	16	332343	123
Mock_P06_1	16	332343	176
Mock_P06_1	16	332343	168
Mock_P06_1	16	332343	154
Mock_P06_1	16	332343	169
Mock_P06_1	16	332343	81
Mock_P06_1	16	332343	112
Mock_P06_1	16	332343	98
Mock_P06_1	16	332343	115
Mock_P06_1	16	332343	147
Mock_P06_1	16	332343	144
Mock_P06_1	16	332343	86
Mock_P06_1	16	332343	82
Mock_P06_1	16	332343	180
Mock_P06_1	16	332343	99
Mock_P06_1	16	332343	173
Mock_P06_1	16	332343	83
Mock_P06_1	16	332343	106
Mock_P06_1	16	332343	222
Mock_P06_1	16	332343	90
Mock_P06_1	16	332343	155
Mock_P06_1	16	332343	114
Mock_P06_1	16	332343	123
Mock_P06_1	16	332343	122
Mock_P06_1	16	332343	147
Mock_P06_1	16	332343	141
Mock_P06_1	16	332343	266
Mock_P06_1	16	332343	159
Mock_P06_1	16	332343	116
Mock_P06_1	16	332343	185
Mock_P06_1	16	332343	378
Mock_P06_1	16	332343	85
Mock_P06_1	16	332343	259
Mock_P06_1	16	332343	55
Mock_P06_1	16	332343	113
Mock_P06_1	16	332343	331
Mock_P06_1	16	332343	229
Mock_P06_1	16	332343	357
Mock_P06_1	16	332343	99
Mock_P06_1	16	332343	267
Mock_P06_1	16	332343	112
Mock_P06_1	16	332343	86
Mock_P06_1	17	262584	136
Mock_P06_1	17	262584	146
Mock_P06_1	17	262584	107
Mock_P06_1	17	262584	115
Mock_P06_1	17	262584	93
Mock_P06_1	17	262584	79
Mock_P06_1	17	262584	100
Mock_P06_1	17	262584	103
Mock_P06_1	17	262584	82
Mock_P06_1	17	262584	67
Mock_P06_1	17	262584	126
Mock_P06_1	17	262584	78
Mock_P06_1	17	262584	65
Mock_P06_1	17	262584	124
Mock_P06_1	17	262584	130
Mock_P06_1	17	262584	85
Mock_P06_1	17	262584	80
Mock_P06_1	17	262584	83
Mock_P06_1	17	262584	126
Mock_P06_1	17	262584	201
Mock_P06_1	17	262584	108
Mock_P06_1	17	262584	103
Mock_P06_1	17	262584	106
Mock_P06_1	17	262584	287
Mock_P06_1	17	262584	79
Mock_P06_1	17	262584	94
Mock_P06_1	17	262584	22
Mock_P06_1	17	262584	122
Mock_P06_1	17	262584	193
Mock_P06_1	17	262584	94
Mock_P06_1	17	262584	72
Mock_P06_1	17	262584	117
Mock_P06_1	17	262584	78
Mock_P06_1	17	262584	133
Mock_P06_1	17	262584	231
Mock_P06_1	17	262584	184
Mock_P06_1	17	262584	97
Mock_P06_1	17	262584	69
Mock_P06_1	17	262584	84
Mock_P06_1	17	262584	108
Mock_P06_1	17	262584	79
Mock_P06_1	17	262584	68
Mock_P06_1	17	262584	57
Mock_P06_1	17	262584	92
Mock_P06_1	17	262584	82
Mock_P06_1	17	262584	73
Mock_P06_1	17	262584	78
Mock_P06_1	17	262584	100
Mock_P06_1	17	262584	76
Mock_P06_1	17	262584	84
Mock_P06_1	17	262584	303
Mock_P06_1	17	262584	234
Mock_P06_1	17	262584	110
Mock_P06_1	17	262584	159
Mock_P06_1	17	262584	120
Mock_P06_1	17	262584	57
Mock_P06_1	17	262584	186
Mock_P06_1	17	262584	95
Mock_P06_1	17	262584	102
Mock_P06_1	17	262584	85
Mock_P06_1	17	262584	124
Mock_P06_1	17	262584	235
Mock_P06_1	17	262584	108
Mock_P06_1	17	262584	119
Mock_P06_1	17	262584	51
Mock_P06_1	17	262584	39
Mock_P06_1	17	262584	84
Mock_P06_1	17	262584	152
Mock_P06_1	17	262584	156
Mock_P06_1	17	262584	80
Mock_P06_1	17	262584	92
Mock_P06_1	17	262584	158
Mock_P06_1	17	262584	103
Mock_P06_1	17	262584	70
Mock_P06_1	17	262584	90
Mock_P06_1	17	262584	55
Mock_P06_1	17	262584	73
Mock_P06_1	17	262584	58
Mock_P06_1	17	262584	46
Mock_P06_1	17	262584	123
Mock_P06_1	17	262584	60
Mock_P06_1	17	262584	209
Mock_P06_1	17	262584	55
Mock_P06_1	17	262584	173
Mock_P06_1	17	262584	54
Mock_P06_1	17	262584	53
Mock_P06_1	17	262584	82
Mock_P06_1	17	262584	46
Mock_P06_1	17	262584	59
Mock_P06_1	17	262584	52
Mock_P06_1	17	262584	148
Mock_P06_1	17	262584	71
Mock_P06_1	17	262584	158
Mock_P06_1	17	262584	71
Mock_P06_1	17	262584	93
Mock_P06_1	17	262584	123
Mock_P06_1	17	262584	57
Mock_P06_1	17	262584	60
Mock_P06_1	17	262584	85
Mock_P06_1	17	262584	88
Mock_P06_1	17	262584	90
Mock_P06_1	17	262584	152
Mock_P06_1	17	262584	58
Mock_P06_1	17	262584	274
Mock_P06_1	17	262584	56
Mock_P06_1	17	262584	69
Mock_P06_1	17	262584	141
Mock_P06_1	17	262584	100
Mock_P06_1	17	262584	67
Mock_P06_1	17	262584	130
Mock_P06_1	18	289322	85
Mock_P06_1	18	289322	73
Mock_P06_1	18	289322	102
Mock_P06_1	18	289322	95
Mock_P06_1	18	289322	120
Mock_P06_1	18	289322	186
Mock_P06_1	18	289322	79
Mock_P06_1	18	289322	29
Mock_P06_1	18	289322	84
Mock_P06_1	18	289322	118
Mock_P06_1	18	289322	63
Mock_P06_1	18	289322	78
Mock_P06_1	18	289322	126
Mock_P06_1	18	289322	73
Mock_P06_1	18	289322	73
Mock_P06_1	18	289322	105
Mock_P06_1	18	289322	62
Mock_P06_1	18	289322	57
Mock_P06_1	18	289322	79
Mock_P06_1	18	289322	85
Mock_P06_1	18	289322	142
Mock_P06_1	18	289322	158
Mock_P06_1	18	289322	106
Mock_P06_1	18	289322	125
Mock_P06_1	18	289322	153
Mock_P06_1	18	289322	35
Mock_P06_1	18	289322	115
Mock_P06_1	18	289322	75
Mock_P06_1	18	289322	176
Mock_P06_1	18	289322	60
Mock_P06_1	18	289322	32
Mock_P06_1	18	289322	141
Mock_P06_1	18	289322	124
Mock_P06_1	18	289322	40
Mock_P06_1	18	289322	94
Mock_P06_1	18	289322	75
Mock_P06_1	18	289322	58
Mock_P06_1	18	289322	114
Mock_P06_1	18	289322	148
Mock_P06_1	18	289322	57
Mock_P06_1	18	289322	150
Mock_P06_1	18	289322	55
Mock_P06_1	18	289322	103
Mock_P06_1	18	289322	164
Mock_P06_1	18	289322	91
Mock_P06_1	18	289322	31
Mock_P06_1	18	289322	25
Mock_P06_1	18	289322	70
Mock_P06_1	18	289322	83
Mock_P06_1	18	289322	129
Mock_P06_1	18	289322	47
Mock_P06_1	18	289322	77
Mock_P06_1	18	289322	35
Mock_P06_1	18	289322	91
Mock_P06_1	18	289322	164
Mock_P06_1	18	289322	64
Mock_P06_1	18	289322	79
Mock_P06_1	18	289322	14
Mock_P06_1	18	289322	61
Mock_P06_1	18	289322	70
Mock_P06_1	18	289322	72
Mock_P06_1	18	289322	93
Mock_P06_1	18	289322	97
Mock_P06_1	18	289322	65
Mock_P06_1	18	289322	113
Mock_P06_1	18	289322	91
Mock_P06_1	18	289322	142
Mock_P06_1	18	289322	111
Mock_P06_1	18	289322	43
Mock_P06_1	18	289322	73
Mock_P06_1	18	289322	126
Mock_P06_1	18	289322	52
Mock_P06_1	18	289322	79
Mock_P06_1	18	289322	114
Mock_P06_1	18	289322	79
Mock_P06_1	18	289322	73
Mock_P06_1	18	289322	102
Mock_P06_1	18	289322	76
Mock_P06_1	18	289322	92
Mock_P06_1	18	289322	90
Mock_P06_1	18	289322	84
Mock_P06_1	18	289322	110
Mock_P06_1	18	289322	137
Mock_P06_1	18	289322	89
Mock_P06_1	18	289322	54
Mock_P06_1	18	289322	109
Mock_P06_1	18	289322	81
Mock_P06_1	18	289322	99
Mock_P06_1	18	289322	74
Mock_P06_1	18	289322	57
Mock_P06_1	18	289322	67
Mock_P06_1	18	289322	56
Mock_P06_1	18	289322	100
Mock_P06_1	18	289322	57
Mock_P06_1	18	289322	118
Mock_P06_1	18	289322	45
Mock_P06_1	18	289322	68
Mock_P06_1	18	289322	79
Mock_P06_1	18	289322	97
Mock_P06_1	18	289322	75
Mock_P06_1	18	289322	104
Mock_P06_1	18	289322	91
Mock_P06_1	18	289322	80
Mock_P06_1	18	289322	133
Mock_P06_1	18	289322	106
Mock_P06_1	18	289322	91
Mock_P06_1	18	289322	123
Mock_P06_1	18	289322	148
Mock_P06_1	18	289322	97
Mock_P06_1	18	289322	85
Mock_P06_1	18	289322	38
Mock_P06_1	18	289322	84
Mock_P06_1	18	289322	49
Mock_P06_1	18	289322	98
Mock_P06_1	18	289322	46
Mock_P06_1	18	289322	86
Mock_P06_1	18	289322	116
Mock_P06_1	18	289322	29
Mock_P06_1	18	289322	77
Mock_P06_1	18	289322	76
Mock_P06_1	18	289322	156
Mock_P06_1	18	289322	84
Mock_P06_1	18	289322	109
Mock_P06_1	18	289322	47
Mock_P06_1	18	289322	147
Mock_P06_1	18	289322	44
Mock_P06_1	18	289322	231
Mock_P06_1	18	289322	179
Mock_P06_1	18	289322	199
Mock_P06_1	18	289322	113
Mock_P06_1	18	289322	96
Mock_P06_1	18	289322	43
Mock_P06_1	18	289322	161
Mock_P06_1	18	289322	179
Mock_P06_1	18	289322	99
Mock_P06_1	18	289322	115
Mock_P06_1	18	289322	52
Mock_P06_1	18	289322	136
Mock_P06_1	18	289322	73
Mock_P06_1	18	289322	137
Mock_P06_1	18	289322	117
Mock_P06_1	18	289322	172
Mock_P06_1	18	289322	163
Mock_P06_1	18	289322	145
Mock_P06_1	18	289322	149
Mock_P06_1	18	289322	147
Mock_P06_1	19	295582	112
Mock_P06_1	19	295582	90
Mock_P06_1	19	295582	66
Mock_P06_1	19	295582	103
Mock_P06_1	19	295582	22
Mock_P06_1	19	295582	118
Mock_P06_1	19	295582	107
Mock_P06_1	19	295582	120
Mock_P06_1	19	295582	127
Mock_P06_1	19	295582	112
Mock_P06_1	19	295582	68
Mock_P06_1	19	295582	128
Mock_P06_1	19	295582	81
Mock_P06_1	19	295582	49
Mock_P06_1	19	295582	34
Mock_P06_1	19	295582	133
Mock_P06_1	19	295582	109
Mock_P06_1	19	295582	19
Mock_P06_1	19	295582	64
Mock_P06_1	19	295582	99
Mock_P06_1	19	295582	45
Mock_P06_1	19	295582	83
Mock_P06_1	19	295582	24
Mock_P06_1	19	295582	97
Mock_P06_1	19	295582	122
Mock_P06_1	19	295582	63
Mock_P06_1	19	295582	154
Mock_P06_1	19	295582	143
Mock_P06_1	19	295582	89
Mock_P06_1	19	295582	220
Mock_P06_1	19	295582	61
Mock_P06_1	19	295582	68
Mock_P06_1	19	295582	41
Mock_P06_1	19	295582	39
Mock_P06_1	19	295582	73
Mock_P06_1	19	295582	121
Mock_P06_1	19	295582	115
Mock_P06_1	19	295582	162
Mock_P06_1	19	295582	228
Mock_P06_1	19	295582	221
Mock_P06_1	19	295582	41
Mock_P06_1	19	295582	134
Mock_P06_1	19	295582	64
Mock_P06_1	19	295582	150
Mock_P06_1	19	295582	161
Mock_P06_1	19	295582	116
Mock_P06_1	19	295582	73
Mock_P06_1	19	295582	67
Mock_P06_1	19	295582	104
Mock_P06_1	19	295582	71
Mock_P06_1	19	295582	28
Mock_P06_1	19	295582	109
Mock_P06_1	19	295582	181
Mock_P06_1	19	295582	61
Mock_P06_1	19	295582	63
Mock_P06_1	19	295582	83
Mock_P06_1	19	295582	150
Mock_P06_1	19	295582	179
Mock_P06_1	19	295582	101
Mock_P06_1	19	295582	67
Mock_P06_1	19	295582	176
Mock_P06_1	19	295582	94
Mock_P06_1	19	295582	153
Mock_P06_1	19	295582	83
Mock_P06_1	19	295582	59
Mock_P06_1	19	295582	123
Mock_P06_1	19	295582	88
Mock_P06_1	19	295582	24
Mock_P06_1	19	295582	146
Mock_P06_1	19	295582	99
Mock_P06_1	19	295582	105
Mock_P06_1	19	295582	75
Mock_P06_1	19	295582	48
Mock_P06_1	19	295582	89
Mock_P06_1	19	295582	78
Mock_P06_1	19	295582	171
Mock_P06_1	19	295582	123
Mock_P06_1	19	295582	120
Mock_P06_1	19	295582	127
Mock_P06_1	19	295582	59
Mock_P06_1	19	295582	81
Mock_P06_1	19	295582	137
Mock_P06_1	19	295582	123
Mock_P06_1	19	295582	43
Mock_P06_1	19	295582	45
Mock_P06_1	19	295582	78
Mock_P06_1	19	295582	100
Mock_P06_1	19	295582	116
Mock_P06_1	19	295582	54
Mock_P06_1	19	295582	86
Mock_P06_1	19	295582	100
Mock_P06_1	19	295582	35
Mock_P06_1	19	295582	43
Mock_P06_1	19	295582	41
Mock_P06_1	19	295582	93
Mock_P06_1	19	295582	48
Mock_P06_1	19	295582	100
Mock_P06_1	19	295582	227
Mock_P06_1	19	295582	221
Mock_P06_1	19	295582	80
Mock_P06_1	19	295582	59
Mock_P06_1	19	295582	25
Mock_P06_1	19	295582	74
Mock_P06_1	19	295582	87
Mock_P06_1	19	295582	89
Mock_P06_1	19	295582	93
Mock_P06_1	19	295582	27
Mock_P06_1	19	295582	74
Mock_P06_1	19	295582	50
Mock_P06_1	19	295582	184
Mock_P06_1	19	295582	155
Mock_P06_1	19	295582	104
Mock_P06_1	19	295582	13
Mock_P06_1	19	295582	89
Mock_P06_1	19	295582	155
Mock_P06_1	19	295582	44
Mock_P06_1	19	295582	50
Mock_P06_1	19	295582	48
Mock_P06_1	19	295582	115
Mock_P06_1	19	295582	76
Mock_P06_1	19	295582	76
Mock_P06_1	19	295582	133
Mock_P06_1	19	295582	164
Mock_P06_1	19	295582	126
Mock_P06_1	19	295582	122
Mock_P06_1	19	295582	69
Mock_P06_1	19	295582	130
Mock_P06_1	19	295582	90
Mock_P06_1	19	295582	49
Mock_P06_1	19	295582	79
Mock_P06_1	19	295582	55
Mock_P06_1	19	295582	115
Mock_P06_1	19	295582	67
Mock_P06_1	19	295582	114
Mock_P06_1	19	295582	71
Mock_P06_1	19	295582	73
Mock_P06_1	19	295582	57
Mock_P06_1	19	295582	54
Mock_P06_1	19	295582	71
Mock_P06_1	19	295582	95
Mock_P06_1	19	295582	83
Mock_P06_1	19	295582	83
Mock_P06_1	19	295582	19
Mock_P06_1	19	295582	77
Mock_P06_1	19	295582	87
Mock_P06_1	19	295582	102
Mock_P06_1	19	295582	31
Mock_P06_1	20	351005	51
Mock_P06_1	20	351005	144
Mock_P06_1	20	351005	156
Mock_P06_1	20	351005	73
Mock_P06_1	20	351005	57
Mock_P06_1	20	351005	178
Mock_P06_1	20	351005	161
Mock_P06_1	20	351005	239
Mock_P06_1	20	351005	83
Mock_P06_1	20	351005	36
Mock_P06_1	20	351005	88
Mock_P06_1	20	351005	80
Mock_P06_1	20	351005	69
Mock_P06_1	20	351005	161
Mock_P06_1	20	351005	50
Mock_P06_1	20	351005	153
Mock_P06_1	20	351005	77
Mock_P06_1	20	351005	235
Mock_P06_1	20	351005	153
Mock_P06_1	20	351005	31
Mock_P06_1	20	351005	26
Mock_P06_1	20	351005	28
Mock_P06_1	20	351005	65
Mock_P06_1	20	351005	123
Mock_P06_1	20	351005	78
Mock_P06_1	20	351005	53
Mock_P06_1	20	351005	21
Mock_P06_1	20	351005	89
Mock_P06_1	20	351005	77
Mock_P06_1	20	351005	37
Mock_P06_1	20	351005	74
Mock_P06_1	20	351005	210
Mock_P06_1	20	351005	58
Mock_P06_1	20	351005	91
Mock_P06_1	20	351005	53
Mock_P06_1	20	351005	33
Mock_P06_1	20	351005	94
Mock_P06_1	20	351005	138
Mock_P06_1	20	351005	63
Mock_P06_1	20	351005	140
Mock_P06_1	20	351005	120
Mock_P06_1	20	351005	226
Mock_P06_1	20	351005	95
Mock_P06_1	20	351005	159
Mock_P06_1	20	351005	43
Mock_P06_1	20	351005	19
Mock_P06_1	20	351005	99
Mock_P06_1	20	351005	69
Mock_P06_1	20	351005	119
Mock_P06_1	20	351005	109
Mock_P06_1	20	351005	124
Mock_P06_1	20	351005	86
Mock_P06_1	20	351005	92
Mock_P06_1	20	351005	111
Mock_P06_1	20	351005	107
Mock_P06_1	20	351005	90
Mock_P06_1	20	351005	94
Mock_P06_1	20	351005	88
Mock_P06_1	20	351005	90
Mock_P06_1	20	351005	189
Mock_P06_1	20	351005	126
Mock_P06_1	20	351005	215
Mock_P06_1	20	351005	80
Mock_P06_1	20	351005	141
Mock_P06_1	20	351005	121
Mock_P06_1	20	351005	51
Mock_P06_1	20	351005	69
Mock_P06_1	20	351005	102
Mock_P06_1	20	351005	73
Mock_P06_1	20	351005	38
Mock_P06_1	20	351005	81
Mock_P06_1	20	351005	431
Mock_P06_1	20	351005	102
Mock_P06_1	20	351005	103
Mock_P06_1	20	351005	105
Mock_P06_1	20	351005	68
Mock_P06_1	20	351005	101
Mock_P06_1	20	351005	204
Mock_P06_1	20	351005	75
Mock_P06_1	20	351005	125
Mock_P06_1	20	351005	258
Mock_P06_1	20	351005	30
Mock_P06_1	20	351005	100
Mock_P06_1	20	351005	72
Mock_P06_1	20	351005	104
Mock_P06_1	20	351005	22
Mock_P06_1	20	351005	33
Mock_P06_1	20	351005	116
Mock_P06_1	20	351005	100
Mock_P06_1	20	351005	235
Mock_P06_1	20	351005	80
Mock_P06_1	20	351005	103
Mock_P06_1	20	351005	11
Mock_P06_1	20	351005	67
Mock_P06_1	20	351005	11
Mock_P06_1	20	351005	65
Mock_P06_1	20	351005	21
Mock_P06_1	20	351005	21
Mock_P06_1	20	351005	19
Mock_P06_1	20	351005	59
Mock_P06_1	20	351005	37
Mock_P06_1	20	351005	33
Mock_P06_1	20	351005	85
Mock_P06_1	20	351005	70
Mock_P06_1	20	351005	92
Mock_P06_1	20	351005	56
Mock_P06_1	20	351005	72
Mock_P06_1	20	351005	75
Mock_P06_1	20	351005	97
Mock_P06_1	20	351005	51
Mock_P06_1	20	351005	79
Mock_P06_1	20	351005	164
Mock_P06_1	20	351005	54
Mock_P06_1	20	351005	13
Mock_P06_1	20	351005	77
Mock_P06_1	20	351005	76
Mock_P06_1	20	351005	86
Mock_P06_1	20	351005	102
Mock_P06_1	20	351005	143
Mock_P06_1	20	351005	47
Mock_P06_1	20	351005	118
Mock_P06_1	20	351005	62
Mock_P06_1	20	351005	60
Mock_P06_1	20	351005	100
Mock_P06_1	20	351005	77
Mock_P06_1	20	351005	103
Mock_P06_1	20	351005	86
Mock_P06_1	20	351005	79
Mock_P06_1	20	351005	71
Mock_P06_1	20	351005	63
Mock_P06_1	20	351005	141
Mock_P06_1	20	351005	44
Mock_P06_1	20	351005	127
Mock_P06_1	20	351005	80
Mock_P06_1	20	351005	101
Mock_P06_1	20	351005	45
Mock_P06_1	20	351005	93
Mock_P06_1	20	351005	35
Mock_P06_1	20	351005	111
Mock_P06_1	20	351005	50
Mock_P06_1	20	351005	99
Mock_P06_1	20	351005	73
Mock_P06_1	20	351005	65
Mock_P06_1	20	351005	114
Mock_P06_1	20	351005	251
Mock_P06_1	20	351005	34
Mock_P06_1	20	351005	10
Mock_P06_1	20	351005	55
Mock_P06_1	20	351005	187
Mock_P06_1	20	351005	55
Mock_P06_1	20	351005	228
Mock_P06_1	20	351005	107
Mock_P06_1	20	351005	91
Mock_P06_1	20	351005	99
Mock_P06_1	20	351005	104
Mock_P06_1	20	351005	78
Mock_P06_1	20	351005	26
Mock_P06_1	20	351005	141
Mock_P06_1	20	351005	172
Mock_P06_1	20	351005	255
Mock_P06_1	20	351005	48
Mock_P06_1	20	351005	100
Mock_P06_1	20	351005	110
Mock_P06_1	20	351005	42
Mock_P06_1	20	351005	110
Mock_P06_1	20	351005	246
Mock_P06_1	20	351005	62
Mock_P06_1	21	272800	54
Mock_P06_1	21	272800	114
Mock_P06_1	21	272800	107
Mock_P06_1	21	272800	117
Mock_P06_1	21	272800	84
Mock_P06_1	21	272800	134
Mock_P06_1	21	272800	88
Mock_P06_1	21	272800	98
Mock_P06_1	21	272800	96
Mock_P06_1	21	272800	121
Mock_P06_1	21	272800	90
Mock_P06_1	21	272800	101
Mock_P06_1	21	272800	50
Mock_P06_1	21	272800	86
Mock_P06_1	21	272800	115
Mock_P06_1	21	272800	60
Mock_P06_1	21	272800	165
Mock_P06_1	21	272800	111
Mock_P06_1	21	272800	77
Mock_P06_1	21	272800	293
Mock_P06_1	21	272800	90
Mock_P06_1	21	272800	41
Mock_P06_1	21	272800	126
Mock_P06_1	21	272800	68
Mock_P06_1	21	272800	29
Mock_P06_1	21	272800	65
Mock_P06_1	21	272800	51
Mock_P06_1	21	272800	42
Mock_P06_1	21	272800	23
Mock_P06_1	21	272800	85
Mock_P06_1	21	272800	85
Mock_P06_1	21	272800	116
Mock_P06_1	21	272800	109
Mock_P06_1	21	272800	58
Mock_P06_1	21	272800	229
Mock_P06_1	21	272800	129
Mock_P06_1	21	272800	150
Mock_P06_1	21	272800	62
Mock_P06_1	21	272800	86
Mock_P06_1	21	272800	132
Mock_P06_1	21	272800	68
Mock_P06_1	21	272800	101
Mock_P06_1	21	272800	64
Mock_P06_1	21	272800	86
Mock_P06_1	21	272800	186
Mock_P06_1	21	272800	82
Mock_P06_1	21	272800	155
Mock_P06_1	21	272800	124
Mock_P06_1	21	272800	166
Mock_P06_1	21	272800	125
Mock_P06_1	21	272800	71
Mock_P06_1	21	272800	60
Mock_P06_1	21	272800	110
Mock_P06_1	21	272800	44
Mock_P06_1	21	272800	108
Mock_P06_1	21	272800	55
Mock_P06_1	21	272800	52
Mock_P06_1	21	272800	215
Mock_P06_1	21	272800	88
Mock_P06_1	21	272800	159
Mock_P06_1	21	272800	87
Mock_P06_1	21	272800	107
Mock_P06_1	21	272800	135
Mock_P06_1	21	272800	120
Mock_P06_1	21	272800	100
Mock_P06_1	21	272800	94
Mock_P06_1	21	272800	120
Mock_P06_1	21	272800	116
Mock_P06_1	21	272800	62
Mock_P06_1	21	272800	27
Mock_P06_1	21	272800	35
Mock_P06_1	21	272800	132
Mock_P06_1	21	272800	91
Mock_P06_1	21	272800	297
Mock_P06_1	21	272800	132
Mock_P06_1	21	272800	144
Mock_P06_1	21	272800	161
Mock_P06_1	21	272800	58
Mock_P06_1	21	272800	169
Mock_P06_1	21	272800	112
Mock_P06_1	21	272800	205
Mock_P06_1	21	272800	152
Mock_P06_1	21	272800	281
Mock_P06_1	21	272800	106
Mock_P06_1	21	272800	90
Mock_P06_1	21	272800	76
Mock_P06_1	21	272800	72
Mock_P06_1	21	272800	58
Mock_P06_1	21	272800	185
Mock_P06_1	21	272800	71
Mock_P06_1	21	272800	116
Mock_P06_1	21	272800	341
Mock_P06_1	21	272800	78
Mock_P06_1	21	272800	72
Mock_P06_1	21	272800	84
Mock_P06_1	21	272800	77
Mock_P06_1	21	272800	60
Mock_P06_1	21	272800	105
Mock_P06_1	21	272800	74
Mock_P06_1	21	272800	28
Mock_P06_1	21	272800	130
Mock_P06_1	21	272800	158
Mock_P06_1	21	272800	95
Mock_P06_1	21	272800	80
Mock_P06_1	21	272800	44
Mock_P06_1	21	272800	52
Mock_P06_1	21	272800	85
Mock_P06_1	21	272800	141
Mock_P06_1	21	272800	107
Mock_P06_1	21	272800	111
Mock_P06_1	21	272800	128
Mock_P06_1	21	272800	80
Mock_P06_1	21	272800	10
Mock_P06_1	21	272800	53
Mock_P06_1	21	272800	148
Mock_P06_1	21	272800	45
Mock_P06_1	21	272800	106
Mock_P06_1	21	272800	50
Mock_P06_1	21	272800	29
Mock_P06_1	21	272800	145
Mock_P06_1	21	272800	102
Mock_P06_1	21	272800	43
Mock_P06_1	21	272800	79
Mock_P06_1	21	272800	115
Mock_P06_1	21	272800	90
Mock_P06_1	21	272800	238
Mock_P06_1	21	272800	81
Mock_P06_1	21	272800	81
Mock_P06_1	21	272800	74
Mock_P06_1	21	272800	46
Mock_P06_1	21	272800	62
Mock_P06_1	21	272800	43
Mock_P06_1	21	272800	66
Mock_P06_1	21	272800	121
Mock_P06_1	21	272800	214
Mock_P06_1	21	272800	60
Mock_P06_1	21	272800	73
Mock_P06_1	21	272800	84
Mock_P06_1	21	272800	120
Mock_P06_1	21	272800	75
Mock_P06_1	21	272800	113
Mock_P06_1	21	272800	62
Mock_P06_1	21	272800	111
Mock_P06_1	21	272800	106
Mock_P06_1	21	272800	99
Mock_P06_1	21	272800	107
Mock_P06_1	21	272800	93
Mock_P06_1	21	272800	101
Mock_P06_1	21	272800	92
Mock_P06_1	21	272800	202
Mock_P06_1	21	272800	59
Mock_P06_1	21	272800	74
Mock_P06_1	21	272800	91
Mock_P06_1	21	272800	73
Mock_P06_1	21	272800	83
Mock_P06_1	21	272800	183
Mock_P06_1	21	272800	74
Mock_P06_1	21	272800	147
Mock_P06_1	21	272800	89
Mock_P06_1	22	252711	155
Mock_P06_1	22	252711	15
Mock_P06_1	22	252711	70
Mock_P06_1	22	252711	31
Mock_P06_1	22	252711	94
Mock_P06_1	22	252711	156
Mock_P06_1	22	252711	119
Mock_P06_1	22	252711	116
Mock_P06_1	22	252711	99
Mock_P06_1	22	252711	81
Mock_P06_1	22	252711	70
Mock_P06_1	22	252711	121
Mock_P06_1	22	252711	87
Mock_P06_1	22	252711	183
Mock_P06_1	22	252711	122
Mock_P06_1	22	252711	111
Mock_P06_1	22	252711	102
Mock_P06_1	22	252711	60
Mock_P06_1	22	252711	95
Mock_P06_1	22	252711	94
Mock_P06_1	22	252711	136
Mock_P06_1	22	252711	93
Mock_P06_1	22	252711	134
Mock_P06_1	22	252711	73
Mock_P06_1	22	252711	68
Mock_P06_1	22	252711	100
Mock_P06_1	22	252711	67
Mock_P06_1	22	252711	26
Mock_P06_1	22	252711	141
Mock_P06_1	22	252711	146
Mock_P06_1	22	252711	117
Mock_P06_1	22	252711	98
Mock_P06_1	22	252711	88
Mock_P06_1	22	252711	87
Mock_P06_1	22	252711	141
Mock_P06_1	22	252711	99
Mock_P06_1	22	252711	297
Mock_P06_1	22	252711	75
Mock_P06_1	22	252711	103
Mock_P06_1	22	252711	152
Mock_P06_1	22	252711	20
Mock_P06_1	22	252711	40
Mock_P06_1	22	252711	179
Mock_P06_1	22	252711	73
Mock_P06_1	22	252711	79
Mock_P06_1	22	252711	55
Mock_P06_1	22	252711	81
Mock_P06_1	22	252711	93
Mock_P06_1	22	252711	60
Mock_P06_1	22	252711	125
Mock_P06_1	22	252711	67
Mock_P06_1	22	252711	44
Mock_P06_1	22	252711	69
Mock_P06_1	22	252711	57
Mock_P06_1	22	252711	64
Mock_P06_1	22	252711	71
Mock_P06_1	22	252711	115
Mock_P06_1	22	252711	52
Mock_P06_1	22	252711	49
Mock_P06_1	22	252711	16
Mock_P06_1	22	252711	74
Mock_P06_1	22	252711	52
Mock_P06_1	22	252711	91
Mock_P06_1	22	252711	108
Mock_P06_1	22	252711	76
Mock_P06_1	22	252711	73
Mock_P06_1	22	252711	121
Mock_P06_1	22	252711	38
Mock_P06_1	22	252711	29
Mock_P06_1	22	252711	48
Mock_P06_1	22	252711	28
Mock_P06_1	22	252711	70
Mock_P06_1	22	252711	69
Mock_P06_1	22	252711	70
Mock_P06_1	22	252711	75
Mock_P06_1	22	252711	53
Mock_P06_1	22	252711	50
Mock_P06_1	22	252711	141
Mock_P06_1	22	252711	96
Mock_P06_1	22	252711	52
Mock_P06_1	22	252711	92
Mock_P06_1	22	252711	182
Mock_P06_1	22	252711	295
Mock_P06_1	22	252711	80
Mock_P06_1	22	252711	84
Mock_P06_1	22	252711	30
Mock_P06_1	22	252711	70
Mock_P06_1	22	252711	46
Mock_P06_1	22	252711	48
Mock_P06_1	22	252711	97
Mock_P06_1	22	252711	92
Mock_P06_1	22	252711	26
Mock_P06_1	22	252711	53
Mock_P06_1	22	252711	65
Mock_P06_1	22	252711	105
Mock_P06_1	22	252711	171
Mock_P06_1	22	252711	100
Mock_P06_1	22	252711	78
Mock_P06_1	22	252711	89
Mock_P06_1	22	252711	97
Mock_P06_1	22	252711	70
Mock_P06_1	22	252711	72
Mock_P06_1	22	252711	119
Mock_P06_1	22	252711	47
Mock_P06_1	22	252711	103
Mock_P06_1	22	252711	65
Mock_P06_1	22	252711	43
Mock_P06_1	22	252711	51
Mock_P06_1	22	252711	51
Mock_P06_1	22	252711	49
Mock_P06_1	22	252711	55
Mock_P06_1	22	252711	54
Mock_P06_1	22	252711	47
Mock_P06_1	22	252711	61
Mock_P06_1	22	252711	41
Mock_P06_1	22	252711	13
Mock_P06_1	22	252711	50
Mock_P06_1	22	252711	65
Mock_P06_1	22	252711	92
Mock_P06_1	22	252711	57
Mock_P06_1	22	252711	55
Mock_P06_1	22	252711	72
Mock_P06_1	22	252711	47
Mock_P06_1	22	252711	55
Mock_P06_1	22	252711	29
Mock_P06_1	22	252711	45
Mock_P06_1	22	252711	78
Mock_P06_1	22	252711	107
Mock_P06_1	22	252711	57
Mock_P06_1	22	252711	23
Mock_P06_1	22	252711	42
Mock_P06_1	22	252711	35
Mock_P06_1	22	252711	123
Mock_P06_1	22	252711	138
Mock_P06_1	22	252711	57
Mock_P06_1	22	252711	87
Mock_P06_1	22	252711	96
Mock_P06_1	22	252711	56
Mock_P06_1	22	252711	22
Mock_P06_1	22	252711	64
Mock_P06_1	22	252711	63
Mock_P06_1	22	252711	101
Mock_P06_1	22	252711	107
Mock_P06_1	22	252711	261
Mock_P06_1	22	252711	248
Mock_P06_1	22	252711	106
Mock_P06_1	22	252711	189
Mock_P06_1	22	252711	207
Mock_P06_1	22	252711	181
Mock_P06_1	22	252711	36
Mock_P06_1	22	252711	77
Mock_P06_1	22	252711	63
Mock_P06_1	22	252711	105
Mock_P06_1	22	252711	64
Mock_P06_1	22	252711	86
Mock_P06_1	22	252711	33
Mock_P06_1	23	333878	161
Mock_P06_1	23	333878	247
Mock_P06_1	23	333878	82
Mock_P06_1	23	333878	113
Mock_P06_1	23	333878	76
Mock_P06_1	23	333878	236
Mock_P06_1	23	333878	130
Mock_P06_1	23	333878	126
Mock_P06_1	23	333878	81
Mock_P06_1	23	333878	161
Mock_P06_1	23	333878	143
Mock_P06_1	23	333878	182
Mock_P06_1	23	333878	109
Mock_P06_1	23	333878	123
Mock_P06_1	23	333878	151
Mock_P06_1	23	333878	126
Mock_P06_1	23	333878	82
Mock_P06_1	23	333878	106
Mock_P06_1	23	333878	150
Mock_P06_1	23	333878	76
Mock_P06_1	23	333878	84
Mock_P06_1	23	333878	196
Mock_P06_1	23	333878	96
Mock_P06_1	23	333878	153
Mock_P06_1	23	333878	131
Mock_P06_1	23	333878	104
Mock_P06_1	23	333878	136
Mock_P06_1	23	333878	83
Mock_P06_1	23	333878	102
Mock_P06_1	23	333878	398
Mock_P06_1	23	333878	50
Mock_P06_1	23	333878	55
Mock_P06_1	23	333878	84
Mock_P06_1	23	333878	206
Mock_P06_1	23	333878	97
Mock_P06_1	23	333878	100
Mock_P06_1	23	333878	247
Mock_P06_1	23	333878	42
Mock_P06_1	23	333878	82
Mock_P06_1	23	333878	109
Mock_P06_1	23	333878	84
Mock_P06_1	23	333878	274
Mock_P06_1	23	333878	107
Mock_P06_1	23	333878	159
Mock_P06_1	23	333878	153
Mock_P06_1	23	333878	72
Mock_P06_1	23	333878	80
Mock_P06_1	23	333878	172
Mock_P06_1	23	333878	132
Mock_P06_1	23	333878	148
Mock_P06_1	23	333878	145
Mock_P06_1	23	333878	193
Mock_P06_1	23	333878	141
Mock_P06_1	23	333878	109
Mock_P06_1	23	333878	312
Mock_P06_1	23	333878	83
Mock_P06_1	23	333878	118
Mock_P06_1	23	333878	72
Mock_P06_1	23	333878	89
Mock_P06_1	23	333878	101
Mock_P06_1	23	333878	313
Mock_P06_1	23	333878	107
Mock_P06_1	23	333878	127
Mock_P06_1	23	333878	441
Mock_P06_1	23	333878	112
Mock_P06_1	23	333878	182
Mock_P06_1	23	333878	253
Mock_P06_1	23	333878	231
Mock_P06_1	23	333878	212
Mock_P06_1	23	333878	76
Mock_P06_1	23	333878	99
Mock_P06_1	23	333878	308
Mock_P06_1	23	333878	374
Mock_P06_1	23	333878	94
Mock_P06_1	23	333878	176
Mock_P06_1	23	333878	332
Mock_P06_1	23	333878	83
Mock_P06_1	23	333878	159
Mock_P06_1	23	333878	296
Mock_P06_1	23	333878	99
Mock_P06_1	23	333878	101
Mock_P06_1	23	333878	102
Mock_P06_1	23	333878	154
Mock_P06_1	23	333878	112
Mock_P06_1	23	333878	90
Mock_P06_1	23	333878	102
Mock_P06_1	23	333878	123
Mock_P06_1	23	333878	98
Mock_P06_1	23	333878	59
Mock_P06_1	23	333878	50
Mock_P06_1	23	333878	89
Mock_P06_1	23	333878	99
Mock_P06_1	23	333878	94
Mock_P06_1	23	333878	91
Mock_P06_1	23	333878	80
Mock_P06_1	23	333878	93
Mock_P06_1	23	333878	134
Mock_P06_1	23	333878	117
Mock_P06_1	23	333878	184
Mock_P06_1	23	333878	40
Mock_P06_1	23	333878	97
Mock_P06_1	23	333878	88
Mock_P06_1	23	333878	117
Mock_P06_1	23	333878	30
Mock_P06_1	23	333878	92
Mock_P06_1	23	333878	180
Mock_P06_1	23	333878	92
Mock_P06_1	23	333878	41
Mock_P06_1	23	333878	141
Mock_P06_1	23	333878	126
Mock_P06_1	23	333878	141
Mock_P06_1	23	333878	358
Mock_P06_1	23	333878	123
Mock_P06_1	23	333878	103
Mock_P06_1	23	333878	107
Mock_P06_1	23	333878	97
Mock_P06_1	23	333878	127
Mock_P06_1	23	333878	81
Mock_P06_1	23	333878	37
Mock_P06_1	23	333878	111
Mock_P06_1	23	333878	90
Mock_P06_1	23	333878	103
Mock_P06_1	23	333878	115
