fichier	leaf	surfaceLeaf	surfaceLesion
Mock_P10_2	1	342431	61
Mock_P10_2	1	342431	87
Mock_P10_2	1	342431	94
Mock_P10_2	1	342431	77
Mock_P10_2	1	342431	98
Mock_P10_2	1	342431	24
Mock_P10_2	1	342431	135
Mock_P10_2	1	342431	52
Mock_P10_2	1	342431	48
Mock_P10_2	1	342431	79
Mock_P10_2	1	342431	62
Mock_P10_2	1	342431	71
Mock_P10_2	1	342431	21
Mock_P10_2	1	342431	92
Mock_P10_2	1	342431	54
Mock_P10_2	1	342431	146
Mock_P10_2	1	342431	103
Mock_P10_2	1	342431	59
Mock_P10_2	1	342431	262
Mock_P10_2	1	342431	77
Mock_P10_2	1	342431	57
Mock_P10_2	1	342431	49
Mock_P10_2	1	342431	88
Mock_P10_2	1	342431	77
Mock_P10_2	1	342431	148
Mock_P10_2	1	342431	67
Mock_P10_2	1	342431	77
Mock_P10_2	1	342431	59
Mock_P10_2	1	342431	119
Mock_P10_2	1	342431	120
Mock_P10_2	1	342431	45
Mock_P10_2	1	342431	97
Mock_P10_2	1	342431	143
Mock_P10_2	1	342431	96
Mock_P10_2	1	342431	89
Mock_P10_2	1	342431	99
Mock_P10_2	1	342431	89
Mock_P10_2	1	342431	127
Mock_P10_2	1	342431	71
Mock_P10_2	1	342431	74
Mock_P10_2	1	342431	117
Mock_P10_2	1	342431	46
Mock_P10_2	1	342431	42
Mock_P10_2	1	342431	82
Mock_P10_2	1	342431	81
Mock_P10_2	1	342431	117
Mock_P10_2	1	342431	93
Mock_P10_2	1	342431	91
Mock_P10_2	1	342431	107
Mock_P10_2	1	342431	100
Mock_P10_2	1	342431	40
Mock_P10_2	1	342431	76
Mock_P10_2	1	342431	46
Mock_P10_2	1	342431	82
Mock_P10_2	1	342431	103
Mock_P10_2	1	342431	72
Mock_P10_2	1	342431	73
Mock_P10_2	1	342431	90
Mock_P10_2	1	342431	131
Mock_P10_2	1	342431	85
Mock_P10_2	1	342431	28
Mock_P10_2	1	342431	119
Mock_P10_2	1	342431	47
Mock_P10_2	1	342431	152
Mock_P10_2	1	342431	46
Mock_P10_2	1	342431	72
Mock_P10_2	1	342431	88
Mock_P10_2	1	342431	111
Mock_P10_2	1	342431	121
Mock_P10_2	1	342431	140
Mock_P10_2	1	342431	100
Mock_P10_2	1	342431	15
Mock_P10_2	1	342431	88
Mock_P10_2	1	342431	57
Mock_P10_2	1	342431	23
Mock_P10_2	1	342431	114
Mock_P10_2	1	342431	97
Mock_P10_2	1	342431	90
Mock_P10_2	1	342431	80
Mock_P10_2	1	342431	95
Mock_P10_2	1	342431	36
Mock_P10_2	1	342431	112
Mock_P10_2	1	342431	52
Mock_P10_2	1	342431	110
Mock_P10_2	1	342431	79
Mock_P10_2	1	342431	88
Mock_P10_2	1	342431	98
Mock_P10_2	1	342431	88
Mock_P10_2	1	342431	287
Mock_P10_2	1	342431	80
Mock_P10_2	1	342431	89
Mock_P10_2	1	342431	148
Mock_P10_2	1	342431	357
Mock_P10_2	1	342431	99
Mock_P10_2	1	342431	97
Mock_P10_2	1	342431	110
Mock_P10_2	1	342431	125
Mock_P10_2	1	342431	172
Mock_P10_2	1	342431	82
Mock_P10_2	1	342431	104
Mock_P10_2	1	342431	237
Mock_P10_2	1	342431	165
Mock_P10_2	1	342431	121
Mock_P10_2	1	342431	89
Mock_P10_2	1	342431	85
Mock_P10_2	1	342431	59
Mock_P10_2	1	342431	86
Mock_P10_2	1	342431	129
Mock_P10_2	1	342431	100
Mock_P10_2	1	342431	143
Mock_P10_2	1	342431	79
Mock_P10_2	1	342431	123
Mock_P10_2	1	342431	125
Mock_P10_2	1	342431	180
Mock_P10_2	1	342431	127
Mock_P10_2	1	342431	78
Mock_P10_2	1	342431	127
Mock_P10_2	1	342431	94
Mock_P10_2	1	342431	130
Mock_P10_2	1	342431	107
Mock_P10_2	1	342431	153
Mock_P10_2	1	342431	162
Mock_P10_2	1	342431	73
Mock_P10_2	1	342431	65
Mock_P10_2	1	342431	106
Mock_P10_2	1	342431	117
Mock_P10_2	1	342431	91
Mock_P10_2	1	342431	113
Mock_P10_2	1	342431	133
Mock_P10_2	1	342431	162
Mock_P10_2	1	342431	91
Mock_P10_2	2	264426	71
Mock_P10_2	2	264426	86
Mock_P10_2	2	264426	135
Mock_P10_2	2	264426	47
Mock_P10_2	2	264426	31
Mock_P10_2	2	264426	64
Mock_P10_2	2	264426	60
Mock_P10_2	2	264426	53
Mock_P10_2	2	264426	156
Mock_P10_2	2	264426	139
Mock_P10_2	2	264426	100
Mock_P10_2	2	264426	142
Mock_P10_2	2	264426	142
Mock_P10_2	2	264426	66
Mock_P10_2	2	264426	128
Mock_P10_2	2	264426	132
Mock_P10_2	2	264426	98
Mock_P10_2	2	264426	54
Mock_P10_2	2	264426	96
Mock_P10_2	2	264426	94
Mock_P10_2	2	264426	88
Mock_P10_2	2	264426	158
Mock_P10_2	2	264426	118
Mock_P10_2	2	264426	60
Mock_P10_2	2	264426	73
Mock_P10_2	2	264426	66
Mock_P10_2	2	264426	69
Mock_P10_2	2	264426	220
Mock_P10_2	2	264426	100
Mock_P10_2	2	264426	135
Mock_P10_2	2	264426	68
Mock_P10_2	2	264426	59
Mock_P10_2	2	264426	126
Mock_P10_2	2	264426	133
Mock_P10_2	2	264426	138
Mock_P10_2	2	264426	123
Mock_P10_2	2	264426	143
Mock_P10_2	2	264426	65
Mock_P10_2	2	264426	89
Mock_P10_2	2	264426	82
Mock_P10_2	2	264426	104
Mock_P10_2	2	264426	114
Mock_P10_2	2	264426	103
Mock_P10_2	2	264426	146
Mock_P10_2	2	264426	173
Mock_P10_2	2	264426	92
Mock_P10_2	2	264426	53
Mock_P10_2	2	264426	38
Mock_P10_2	2	264426	53
Mock_P10_2	2	264426	39
Mock_P10_2	2	264426	82
Mock_P10_2	2	264426	58
Mock_P10_2	2	264426	83
Mock_P10_2	2	264426	63
Mock_P10_2	2	264426	35
Mock_P10_2	2	264426	45
Mock_P10_2	2	264426	137
Mock_P10_2	2	264426	72
Mock_P10_2	2	264426	81
Mock_P10_2	2	264426	32
Mock_P10_2	2	264426	37
Mock_P10_2	2	264426	122
Mock_P10_2	2	264426	62
Mock_P10_2	2	264426	59
Mock_P10_2	2	264426	57
Mock_P10_2	2	264426	40
Mock_P10_2	2	264426	54
Mock_P10_2	2	264426	32
Mock_P10_2	2	264426	88
Mock_P10_2	2	264426	37
Mock_P10_2	2	264426	131
Mock_P10_2	2	264426	94
Mock_P10_2	2	264426	28
Mock_P10_2	2	264426	68
Mock_P10_2	2	264426	45
Mock_P10_2	2	264426	109
Mock_P10_2	2	264426	71
Mock_P10_2	2	264426	55
Mock_P10_2	2	264426	89
Mock_P10_2	2	264426	180
Mock_P10_2	2	264426	113
Mock_P10_2	2	264426	144
Mock_P10_2	2	264426	25
Mock_P10_2	2	264426	48
Mock_P10_2	2	264426	27
Mock_P10_2	2	264426	36
Mock_P10_2	2	264426	74
Mock_P10_2	2	264426	71
Mock_P10_2	2	264426	91
Mock_P10_2	2	264426	125
Mock_P10_2	2	264426	124
Mock_P10_2	2	264426	28
Mock_P10_2	2	264426	93
Mock_P10_2	2	264426	72
Mock_P10_2	2	264426	65
Mock_P10_2	2	264426	52
Mock_P10_2	2	264426	97
Mock_P10_2	2	264426	84
Mock_P10_2	2	264426	94
Mock_P10_2	2	264426	39
Mock_P10_2	2	264426	17
Mock_P10_2	2	264426	117
Mock_P10_2	2	264426	128
Mock_P10_2	2	264426	93
Mock_P10_2	2	264426	58
Mock_P10_2	2	264426	54
Mock_P10_2	2	264426	56
Mock_P10_2	2	264426	233
Mock_P10_2	2	264426	82
Mock_P10_2	2	264426	92
Mock_P10_2	2	264426	77
Mock_P10_2	2	264426	86
Mock_P10_2	2	264426	97
Mock_P10_2	2	264426	117
Mock_P10_2	2	264426	159
Mock_P10_2	2	264426	62
Mock_P10_2	2	264426	52
Mock_P10_2	2	264426	139
Mock_P10_2	2	264426	96
Mock_P10_2	2	264426	61
Mock_P10_2	2	264426	57
Mock_P10_2	2	264426	122
Mock_P10_2	2	264426	10
Mock_P10_2	3	315998	12
Mock_P10_2	3	315998	19
Mock_P10_2	3	315998	33
Mock_P10_2	3	315998	16
Mock_P10_2	3	315998	13
Mock_P10_2	3	315998	20
Mock_P10_2	3	315998	68
Mock_P10_2	3	315998	33
Mock_P10_2	3	315998	14
Mock_P10_2	3	315998	49
Mock_P10_2	3	315998	26
Mock_P10_2	3	315998	48
Mock_P10_2	3	315998	79
Mock_P10_2	3	315998	34
Mock_P10_2	3	315998	31
Mock_P10_2	3	315998	62
Mock_P10_2	3	315998	24
Mock_P10_2	3	315998	61
Mock_P10_2	3	315998	14
Mock_P10_2	3	315998	30
Mock_P10_2	3	315998	97
Mock_P10_2	3	315998	20
Mock_P10_2	3	315998	54
Mock_P10_2	3	315998	57
Mock_P10_2	3	315998	10
Mock_P10_2	3	315998	13
Mock_P10_2	3	315998	60
Mock_P10_2	3	315998	34
Mock_P10_2	3	315998	32
Mock_P10_2	3	315998	53
Mock_P10_2	3	315998	31
Mock_P10_2	3	315998	25
Mock_P10_2	3	315998	29
Mock_P10_2	3	315998	30
Mock_P10_2	3	315998	28
Mock_P10_2	3	315998	37
Mock_P10_2	3	315998	54
Mock_P10_2	3	315998	27
Mock_P10_2	3	315998	22
Mock_P10_2	3	315998	29
Mock_P10_2	3	315998	12
Mock_P10_2	3	315998	56
Mock_P10_2	3	315998	40
Mock_P10_2	3	315998	40
Mock_P10_2	3	315998	33
Mock_P10_2	3	315998	68
Mock_P10_2	3	315998	47
Mock_P10_2	3	315998	21
Mock_P10_2	3	315998	30
Mock_P10_2	3	315998	31
Mock_P10_2	3	315998	71
Mock_P10_2	3	315998	27
Mock_P10_2	3	315998	83
Mock_P10_2	3	315998	42
Mock_P10_2	3	315998	54
Mock_P10_2	3	315998	104
Mock_P10_2	3	315998	39
Mock_P10_2	3	315998	42
Mock_P10_2	3	315998	15
Mock_P10_2	3	315998	40
Mock_P10_2	3	315998	59
Mock_P10_2	3	315998	25
Mock_P10_2	3	315998	91
Mock_P10_2	3	315998	50
Mock_P10_2	3	315998	48
Mock_P10_2	3	315998	60
Mock_P10_2	3	315998	14
Mock_P10_2	3	315998	65
Mock_P10_2	3	315998	78
Mock_P10_2	3	315998	63
Mock_P10_2	3	315998	71
Mock_P10_2	3	315998	62
Mock_P10_2	3	315998	41
Mock_P10_2	3	315998	64
Mock_P10_2	3	315998	188
Mock_P10_2	3	315998	59
Mock_P10_2	3	315998	99
Mock_P10_2	3	315998	66
Mock_P10_2	3	315998	62
Mock_P10_2	3	315998	67
Mock_P10_2	3	315998	73
Mock_P10_2	3	315998	45
Mock_P10_2	3	315998	93
Mock_P10_2	3	315998	182
Mock_P10_2	3	315998	50
Mock_P10_2	3	315998	50
Mock_P10_2	3	315998	57
Mock_P10_2	3	315998	34
Mock_P10_2	3	315998	42
Mock_P10_2	3	315998	111
Mock_P10_2	3	315998	59
Mock_P10_2	3	315998	51
Mock_P10_2	3	315998	146
Mock_P10_2	3	315998	64
Mock_P10_2	3	315998	74
Mock_P10_2	3	315998	93
Mock_P10_2	3	315998	72
Mock_P10_2	3	315998	88
Mock_P10_2	3	315998	92
Mock_P10_2	3	315998	147
Mock_P10_2	3	315998	96
Mock_P10_2	3	315998	93
Mock_P10_2	3	315998	60
Mock_P10_2	3	315998	200
Mock_P10_2	3	315998	55
Mock_P10_2	3	315998	126
Mock_P10_2	3	315998	93
Mock_P10_2	3	315998	26
Mock_P10_2	3	315998	124
Mock_P10_2	3	315998	67
Mock_P10_2	3	315998	73
Mock_P10_2	3	315998	297
Mock_P10_2	3	315998	94
Mock_P10_2	3	315998	122
Mock_P10_2	3	315998	62
Mock_P10_2	3	315998	213
Mock_P10_2	3	315998	70
Mock_P10_2	3	315998	79
Mock_P10_2	3	315998	115
Mock_P10_2	3	315998	130
Mock_P10_2	3	315998	86
Mock_P10_2	3	315998	21
Mock_P10_2	3	315998	63
Mock_P10_2	3	315998	230
Mock_P10_2	3	315998	126
Mock_P10_2	3	315998	81
Mock_P10_2	3	315998	107
Mock_P10_2	3	315998	115
Mock_P10_2	3	315998	67
Mock_P10_2	3	315998	150
Mock_P10_2	3	315998	79
Mock_P10_2	3	315998	44
Mock_P10_2	3	315998	79
Mock_P10_2	3	315998	57
Mock_P10_2	3	315998	102
Mock_P10_2	3	315998	108
Mock_P10_2	3	315998	177
Mock_P10_2	3	315998	77
Mock_P10_2	3	315998	45
Mock_P10_2	3	315998	83
Mock_P10_2	3	315998	70
Mock_P10_2	3	315998	166
Mock_P10_2	3	315998	31
Mock_P10_2	3	315998	85
Mock_P10_2	3	315998	230
Mock_P10_2	3	315998	22
Mock_P10_2	3	315998	50
Mock_P10_2	3	315998	92
Mock_P10_2	3	315998	64
Mock_P10_2	3	315998	96
Mock_P10_2	4	265544	16
Mock_P10_2	4	265544	154
Mock_P10_2	4	265544	58
Mock_P10_2	4	265544	64
Mock_P10_2	4	265544	143
Mock_P10_2	4	265544	187
Mock_P10_2	4	265544	96
Mock_P10_2	4	265544	41
Mock_P10_2	4	265544	53
Mock_P10_2	4	265544	219
Mock_P10_2	4	265544	187
Mock_P10_2	4	265544	11
Mock_P10_2	4	265544	106
Mock_P10_2	4	265544	85
Mock_P10_2	4	265544	67
Mock_P10_2	4	265544	96
Mock_P10_2	4	265544	54
Mock_P10_2	4	265544	179
Mock_P10_2	4	265544	80
Mock_P10_2	4	265544	44
Mock_P10_2	4	265544	78
Mock_P10_2	4	265544	40
Mock_P10_2	4	265544	57
Mock_P10_2	4	265544	120
Mock_P10_2	4	265544	169
Mock_P10_2	4	265544	101
Mock_P10_2	4	265544	122
Mock_P10_2	4	265544	337
Mock_P10_2	4	265544	97
Mock_P10_2	4	265544	149
Mock_P10_2	4	265544	98
Mock_P10_2	4	265544	127
Mock_P10_2	4	265544	126
Mock_P10_2	4	265544	156
Mock_P10_2	4	265544	102
Mock_P10_2	4	265544	176
Mock_P10_2	4	265544	125
Mock_P10_2	4	265544	109
Mock_P10_2	4	265544	103
Mock_P10_2	4	265544	194
Mock_P10_2	4	265544	181
Mock_P10_2	4	265544	141
Mock_P10_2	4	265544	95
Mock_P10_2	4	265544	197
Mock_P10_2	4	265544	173
Mock_P10_2	4	265544	121
Mock_P10_2	4	265544	28
Mock_P10_2	4	265544	73
Mock_P10_2	4	265544	72
Mock_P10_2	4	265544	91
Mock_P10_2	4	265544	89
Mock_P10_2	4	265544	270
Mock_P10_2	4	265544	148
Mock_P10_2	4	265544	191
Mock_P10_2	4	265544	138
Mock_P10_2	4	265544	151
Mock_P10_2	4	265544	105
Mock_P10_2	4	265544	79
Mock_P10_2	4	265544	114
Mock_P10_2	4	265544	104
Mock_P10_2	4	265544	92
Mock_P10_2	4	265544	131
Mock_P10_2	4	265544	84
Mock_P10_2	4	265544	91
Mock_P10_2	4	265544	78
Mock_P10_2	4	265544	120
Mock_P10_2	4	265544	96
Mock_P10_2	4	265544	70
Mock_P10_2	4	265544	28
Mock_P10_2	4	265544	136
Mock_P10_2	4	265544	207
Mock_P10_2	4	265544	164
Mock_P10_2	4	265544	100
Mock_P10_2	4	265544	180
Mock_P10_2	4	265544	116
Mock_P10_2	4	265544	147
Mock_P10_2	4	265544	90
Mock_P10_2	4	265544	55
Mock_P10_2	4	265544	100
Mock_P10_2	4	265544	84
Mock_P10_2	4	265544	106
Mock_P10_2	4	265544	118
Mock_P10_2	4	265544	142
Mock_P10_2	4	265544	67
Mock_P10_2	4	265544	199
Mock_P10_2	4	265544	52
Mock_P10_2	4	265544	103
Mock_P10_2	4	265544	119
Mock_P10_2	4	265544	90
Mock_P10_2	4	265544	118
Mock_P10_2	4	265544	107
Mock_P10_2	4	265544	40
Mock_P10_2	4	265544	138
Mock_P10_2	4	265544	184
Mock_P10_2	4	265544	68
Mock_P10_2	4	265544	63
Mock_P10_2	4	265544	77
Mock_P10_2	4	265544	83
Mock_P10_2	4	265544	78
Mock_P10_2	4	265544	112
Mock_P10_2	4	265544	70
Mock_P10_2	4	265544	84
Mock_P10_2	4	265544	47
Mock_P10_2	4	265544	125
Mock_P10_2	4	265544	217
Mock_P10_2	4	265544	148
Mock_P10_2	4	265544	53
Mock_P10_2	4	265544	208
Mock_P10_2	4	265544	84
Mock_P10_2	4	265544	158
Mock_P10_2	4	265544	102
Mock_P10_2	4	265544	149
Mock_P10_2	4	265544	66
Mock_P10_2	4	265544	146
Mock_P10_2	4	265544	110
Mock_P10_2	4	265544	102
Mock_P10_2	4	265544	84
Mock_P10_2	4	265544	174
Mock_P10_2	4	265544	84
Mock_P10_2	4	265544	87
Mock_P10_2	4	265544	66
Mock_P10_2	4	265544	24
Mock_P10_2	4	265544	51
Mock_P10_2	4	265544	191
Mock_P10_2	4	265544	75
Mock_P10_2	4	265544	125
Mock_P10_2	4	265544	13
Mock_P10_2	4	265544	43
Mock_P10_2	4	265544	126
Mock_P10_2	4	265544	53
Mock_P10_2	4	265544	85
Mock_P10_2	4	265544	99
Mock_P10_2	4	265544	71
Mock_P10_2	4	265544	118
Mock_P10_2	4	265544	66
Mock_P10_2	4	265544	119
Mock_P10_2	4	265544	73
Mock_P10_2	4	265544	24
Mock_P10_2	5	356150	72
Mock_P10_2	5	356150	100
Mock_P10_2	5	356150	44
Mock_P10_2	5	356150	101
Mock_P10_2	5	356150	38
Mock_P10_2	5	356150	66
Mock_P10_2	5	356150	61
Mock_P10_2	5	356150	40
Mock_P10_2	5	356150	61
Mock_P10_2	5	356150	211
Mock_P10_2	5	356150	53
Mock_P10_2	5	356150	50
Mock_P10_2	5	356150	125
Mock_P10_2	5	356150	79
Mock_P10_2	5	356150	164
Mock_P10_2	5	356150	57
Mock_P10_2	5	356150	90
Mock_P10_2	5	356150	157
Mock_P10_2	5	356150	68
Mock_P10_2	5	356150	88
Mock_P10_2	5	356150	55
Mock_P10_2	5	356150	38
Mock_P10_2	5	356150	23
Mock_P10_2	5	356150	117
Mock_P10_2	5	356150	93
Mock_P10_2	5	356150	89
Mock_P10_2	5	356150	124
Mock_P10_2	5	356150	107
Mock_P10_2	5	356150	89
Mock_P10_2	5	356150	345
Mock_P10_2	5	356150	98
Mock_P10_2	5	356150	63
Mock_P10_2	5	356150	176
Mock_P10_2	5	356150	190
Mock_P10_2	5	356150	48
Mock_P10_2	5	356150	91
Mock_P10_2	5	356150	60
Mock_P10_2	5	356150	178
Mock_P10_2	5	356150	56
Mock_P10_2	5	356150	76
Mock_P10_2	5	356150	101
Mock_P10_2	5	356150	87
Mock_P10_2	5	356150	113
Mock_P10_2	5	356150	75
Mock_P10_2	5	356150	31
Mock_P10_2	5	356150	84
Mock_P10_2	5	356150	30
Mock_P10_2	5	356150	98
Mock_P10_2	5	356150	85
Mock_P10_2	5	356150	126
Mock_P10_2	5	356150	83
Mock_P10_2	5	356150	63
Mock_P10_2	5	356150	38
Mock_P10_2	5	356150	92
Mock_P10_2	5	356150	102
Mock_P10_2	5	356150	50
Mock_P10_2	5	356150	34
Mock_P10_2	5	356150	106
Mock_P10_2	5	356150	60
Mock_P10_2	5	356150	173
Mock_P10_2	5	356150	74
Mock_P10_2	5	356150	60
Mock_P10_2	5	356150	84
Mock_P10_2	5	356150	114
Mock_P10_2	5	356150	99
Mock_P10_2	5	356150	156
Mock_P10_2	5	356150	60
Mock_P10_2	5	356150	82
Mock_P10_2	5	356150	28
Mock_P10_2	5	356150	53
Mock_P10_2	5	356150	100
Mock_P10_2	5	356150	171
Mock_P10_2	5	356150	158
Mock_P10_2	5	356150	100
Mock_P10_2	5	356150	57
Mock_P10_2	5	356150	134
Mock_P10_2	5	356150	68
Mock_P10_2	5	356150	62
Mock_P10_2	5	356150	257
Mock_P10_2	5	356150	58
Mock_P10_2	5	356150	107
Mock_P10_2	5	356150	159
Mock_P10_2	5	356150	64
Mock_P10_2	5	356150	140
Mock_P10_2	5	356150	40
Mock_P10_2	5	356150	118
Mock_P10_2	5	356150	207
Mock_P10_2	5	356150	96
Mock_P10_2	5	356150	83
Mock_P10_2	5	356150	95
Mock_P10_2	5	356150	118
Mock_P10_2	5	356150	56
Mock_P10_2	5	356150	87
Mock_P10_2	5	356150	120
Mock_P10_2	5	356150	130
Mock_P10_2	5	356150	89
Mock_P10_2	5	356150	94
Mock_P10_2	5	356150	341
Mock_P10_2	5	356150	143
Mock_P10_2	5	356150	117
Mock_P10_2	5	356150	102
Mock_P10_2	5	356150	75
Mock_P10_2	5	356150	90
Mock_P10_2	5	356150	29
Mock_P10_2	5	356150	62
Mock_P10_2	5	356150	197
Mock_P10_2	5	356150	77
Mock_P10_2	5	356150	61
Mock_P10_2	5	356150	109
Mock_P10_2	5	356150	130
Mock_P10_2	5	356150	120
Mock_P10_2	5	356150	37
Mock_P10_2	5	356150	100
Mock_P10_2	5	356150	136
Mock_P10_2	5	356150	113
Mock_P10_2	5	356150	89
Mock_P10_2	5	356150	208
Mock_P10_2	5	356150	132
Mock_P10_2	5	356150	56
Mock_P10_2	5	356150	67
Mock_P10_2	5	356150	103
Mock_P10_2	5	356150	196
Mock_P10_2	5	356150	97
Mock_P10_2	5	356150	216
Mock_P10_2	5	356150	42
Mock_P10_2	5	356150	97
Mock_P10_2	5	356150	57
Mock_P10_2	5	356150	107
Mock_P10_2	5	356150	55
Mock_P10_2	5	356150	44
Mock_P10_2	5	356150	51
Mock_P10_2	5	356150	107
Mock_P10_2	5	356150	60
Mock_P10_2	5	356150	75
Mock_P10_2	5	356150	88
Mock_P10_2	5	356150	103
Mock_P10_2	5	356150	99
Mock_P10_2	5	356150	82
Mock_P10_2	5	356150	82
Mock_P10_2	5	356150	125
Mock_P10_2	5	356150	93
Mock_P10_2	5	356150	75
Mock_P10_2	5	356150	81
Mock_P10_2	5	356150	224
Mock_P10_2	5	356150	146
Mock_P10_2	5	356150	86
Mock_P10_2	5	356150	161
Mock_P10_2	5	356150	301
Mock_P10_2	5	356150	99
Mock_P10_2	5	356150	130
Mock_P10_2	5	356150	89
Mock_P10_2	5	356150	129
Mock_P10_2	5	356150	264
Mock_P10_2	5	356150	241
Mock_P10_2	5	356150	20
Mock_P10_2	5	356150	73
Mock_P10_2	5	356150	121
Mock_P10_2	5	356150	20
Mock_P10_2	5	356150	153
Mock_P10_2	5	356150	32
Mock_P10_2	5	356150	36
Mock_P10_2	5	356150	132
Mock_P10_2	5	356150	363
Mock_P10_2	5	356150	32
Mock_P10_2	6	388905	154
Mock_P10_2	6	388905	135
Mock_P10_2	6	388905	58
Mock_P10_2	6	388905	108
Mock_P10_2	6	388905	181
Mock_P10_2	6	388905	217
Mock_P10_2	6	388905	58
Mock_P10_2	6	388905	46
Mock_P10_2	6	388905	42
Mock_P10_2	6	388905	64
Mock_P10_2	6	388905	93
Mock_P10_2	6	388905	57
Mock_P10_2	6	388905	50
Mock_P10_2	6	388905	82
Mock_P10_2	6	388905	168
Mock_P10_2	6	388905	183
Mock_P10_2	6	388905	80
Mock_P10_2	6	388905	75
Mock_P10_2	6	388905	90
Mock_P10_2	6	388905	74
Mock_P10_2	6	388905	45
Mock_P10_2	6	388905	37
Mock_P10_2	6	388905	97
Mock_P10_2	6	388905	73
Mock_P10_2	6	388905	100
Mock_P10_2	6	388905	55
Mock_P10_2	6	388905	60
Mock_P10_2	6	388905	160
Mock_P10_2	6	388905	51
Mock_P10_2	6	388905	20
Mock_P10_2	6	388905	49
Mock_P10_2	6	388905	84
Mock_P10_2	6	388905	87
Mock_P10_2	6	388905	49
Mock_P10_2	6	388905	65
Mock_P10_2	6	388905	21
Mock_P10_2	6	388905	91
Mock_P10_2	6	388905	62
Mock_P10_2	6	388905	58
Mock_P10_2	6	388905	215
Mock_P10_2	6	388905	37
Mock_P10_2	6	388905	122
Mock_P10_2	6	388905	92
Mock_P10_2	6	388905	128
Mock_P10_2	6	388905	101
Mock_P10_2	6	388905	191
Mock_P10_2	6	388905	49
Mock_P10_2	6	388905	99
Mock_P10_2	6	388905	114
Mock_P10_2	6	388905	80
Mock_P10_2	6	388905	50
Mock_P10_2	6	388905	84
Mock_P10_2	6	388905	203
Mock_P10_2	6	388905	74
Mock_P10_2	6	388905	54
Mock_P10_2	6	388905	20
Mock_P10_2	6	388905	31
Mock_P10_2	6	388905	95
Mock_P10_2	6	388905	14
Mock_P10_2	6	388905	50
Mock_P10_2	6	388905	51
Mock_P10_2	6	388905	51
Mock_P10_2	6	388905	67
Mock_P10_2	6	388905	88
Mock_P10_2	6	388905	110
Mock_P10_2	6	388905	110
Mock_P10_2	6	388905	88
Mock_P10_2	6	388905	43
Mock_P10_2	6	388905	132
Mock_P10_2	6	388905	174
Mock_P10_2	6	388905	69
Mock_P10_2	6	388905	97
Mock_P10_2	6	388905	135
Mock_P10_2	6	388905	140
Mock_P10_2	6	388905	64
Mock_P10_2	6	388905	208
Mock_P10_2	6	388905	67
Mock_P10_2	6	388905	95
Mock_P10_2	6	388905	105
Mock_P10_2	6	388905	116
Mock_P10_2	6	388905	103
Mock_P10_2	6	388905	46
Mock_P10_2	6	388905	90
Mock_P10_2	6	388905	113
Mock_P10_2	6	388905	70
Mock_P10_2	6	388905	111
Mock_P10_2	6	388905	80
Mock_P10_2	6	388905	112
Mock_P10_2	6	388905	80
Mock_P10_2	6	388905	89
Mock_P10_2	6	388905	23
Mock_P10_2	6	388905	89
Mock_P10_2	6	388905	67
Mock_P10_2	6	388905	28
Mock_P10_2	6	388905	48
Mock_P10_2	6	388905	159
Mock_P10_2	6	388905	76
Mock_P10_2	6	388905	186
Mock_P10_2	6	388905	41
Mock_P10_2	6	388905	84
Mock_P10_2	6	388905	128
Mock_P10_2	6	388905	84
Mock_P10_2	6	388905	94
Mock_P10_2	6	388905	47
Mock_P10_2	6	388905	118
Mock_P10_2	6	388905	79
Mock_P10_2	6	388905	66
Mock_P10_2	6	388905	75
Mock_P10_2	6	388905	141
Mock_P10_2	6	388905	125
Mock_P10_2	6	388905	128
Mock_P10_2	6	388905	72
Mock_P10_2	6	388905	48
Mock_P10_2	6	388905	83
Mock_P10_2	6	388905	92
Mock_P10_2	6	388905	221
Mock_P10_2	6	388905	66
Mock_P10_2	6	388905	49
Mock_P10_2	6	388905	51
Mock_P10_2	6	388905	142
Mock_P10_2	6	388905	182
Mock_P10_2	6	388905	112
Mock_P10_2	6	388905	141
Mock_P10_2	6	388905	117
Mock_P10_2	6	388905	98
Mock_P10_2	6	388905	78
Mock_P10_2	6	388905	137
Mock_P10_2	6	388905	92
Mock_P10_2	6	388905	81
Mock_P10_2	6	388905	57
Mock_P10_2	6	388905	283
Mock_P10_2	6	388905	100
Mock_P10_2	6	388905	82
Mock_P10_2	6	388905	82
Mock_P10_2	6	388905	145
Mock_P10_2	6	388905	119
Mock_P10_2	6	388905	82
Mock_P10_2	6	388905	68
Mock_P10_2	6	388905	196
Mock_P10_2	6	388905	56
Mock_P10_2	6	388905	136
Mock_P10_2	6	388905	100
Mock_P10_2	6	388905	112
Mock_P10_2	6	388905	80
Mock_P10_2	6	388905	107
Mock_P10_2	6	388905	88
Mock_P10_2	6	388905	90
Mock_P10_2	6	388905	139
Mock_P10_2	6	388905	63
Mock_P10_2	6	388905	80
Mock_P10_2	6	388905	87
Mock_P10_2	6	388905	74
Mock_P10_2	6	388905	50
Mock_P10_2	6	388905	109
Mock_P10_2	6	388905	26
Mock_P10_2	6	388905	145
Mock_P10_2	6	388905	123
Mock_P10_2	6	388905	124
Mock_P10_2	6	388905	84
Mock_P10_2	6	388905	134
Mock_P10_2	6	388905	77
Mock_P10_2	6	388905	114
Mock_P10_2	6	388905	44
Mock_P10_2	6	388905	86
Mock_P10_2	6	388905	82
Mock_P10_2	6	388905	62
Mock_P10_2	6	388905	71
Mock_P10_2	6	388905	68
Mock_P10_2	6	388905	76
Mock_P10_2	6	388905	109
Mock_P10_2	6	388905	26
Mock_P10_2	6	388905	56
Mock_P10_2	6	388905	82
Mock_P10_2	6	388905	154
Mock_P10_2	6	388905	93
Mock_P10_2	6	388905	52
Mock_P10_2	6	388905	44
Mock_P10_2	6	388905	97
Mock_P10_2	6	388905	94
Mock_P10_2	6	388905	34
Mock_P10_2	6	388905	80
Mock_P10_2	6	388905	118
Mock_P10_2	6	388905	71
Mock_P10_2	6	388905	111
Mock_P10_2	6	388905	216
Mock_P10_2	6	388905	94
Mock_P10_2	6	388905	57
Mock_P10_2	6	388905	53
Mock_P10_2	6	388905	167
Mock_P10_2	6	388905	59
Mock_P10_2	6	388905	84
Mock_P10_2	6	388905	131
Mock_P10_2	6	388905	72
Mock_P10_2	6	388905	14
Mock_P10_2	6	388905	145
Mock_P10_2	6	388905	89
Mock_P10_2	6	388905	79
Mock_P10_2	6	388905	156
Mock_P10_2	6	388905	121
Mock_P10_2	6	388905	68
Mock_P10_2	6	388905	79
Mock_P10_2	6	388905	82
Mock_P10_2	6	388905	93
Mock_P10_2	6	388905	64
Mock_P10_2	6	388905	109
Mock_P10_2	6	388905	112
Mock_P10_2	6	388905	86
Mock_P10_2	6	388905	52
Mock_P10_2	7	334307	274
Mock_P10_2	7	334307	141
Mock_P10_2	7	334307	156
Mock_P10_2	7	334307	259
Mock_P10_2	7	334307	105
Mock_P10_2	7	334307	70
Mock_P10_2	7	334307	181
Mock_P10_2	7	334307	162
Mock_P10_2	7	334307	24
Mock_P10_2	7	334307	103
Mock_P10_2	7	334307	125
Mock_P10_2	7	334307	82
Mock_P10_2	7	334307	35
Mock_P10_2	7	334307	99
Mock_P10_2	7	334307	59
Mock_P10_2	7	334307	72
Mock_P10_2	7	334307	46
Mock_P10_2	7	334307	98
Mock_P10_2	7	334307	100
Mock_P10_2	7	334307	78
Mock_P10_2	7	334307	271
Mock_P10_2	7	334307	83
Mock_P10_2	7	334307	113
Mock_P10_2	7	334307	91
Mock_P10_2	7	334307	195
Mock_P10_2	7	334307	141
Mock_P10_2	7	334307	97
Mock_P10_2	7	334307	69
Mock_P10_2	7	334307	156
Mock_P10_2	7	334307	90
Mock_P10_2	7	334307	94
Mock_P10_2	7	334307	97
Mock_P10_2	7	334307	66
Mock_P10_2	7	334307	96
Mock_P10_2	7	334307	123
Mock_P10_2	7	334307	58
Mock_P10_2	7	334307	174
Mock_P10_2	7	334307	125
Mock_P10_2	7	334307	120
Mock_P10_2	7	334307	90
Mock_P10_2	7	334307	120
Mock_P10_2	7	334307	22
Mock_P10_2	7	334307	163
Mock_P10_2	7	334307	120
Mock_P10_2	7	334307	107
Mock_P10_2	7	334307	74
Mock_P10_2	7	334307	169
Mock_P10_2	7	334307	131
Mock_P10_2	7	334307	121
Mock_P10_2	7	334307	105
Mock_P10_2	7	334307	206
Mock_P10_2	7	334307	112
Mock_P10_2	7	334307	315
Mock_P10_2	7	334307	131
Mock_P10_2	7	334307	44
Mock_P10_2	7	334307	203
Mock_P10_2	7	334307	145
Mock_P10_2	7	334307	115
Mock_P10_2	7	334307	166
Mock_P10_2	7	334307	150
Mock_P10_2	7	334307	177
Mock_P10_2	7	334307	125
Mock_P10_2	7	334307	62
Mock_P10_2	7	334307	897
Mock_P10_2	7	334307	14
Mock_P10_2	7	334307	272
Mock_P10_2	7	334307	130
Mock_P10_2	7	334307	146
Mock_P10_2	7	334307	274
Mock_P10_2	7	334307	70
Mock_P10_2	7	334307	255
Mock_P10_2	7	334307	92
Mock_P10_2	7	334307	91
Mock_P10_2	7	334307	112
Mock_P10_2	7	334307	297
Mock_P10_2	7	334307	74
Mock_P10_2	7	334307	614
Mock_P10_2	7	334307	141
Mock_P10_2	7	334307	79
Mock_P10_2	7	334307	136
Mock_P10_2	7	334307	250
Mock_P10_2	7	334307	112
Mock_P10_2	7	334307	48
Mock_P10_2	7	334307	99
Mock_P10_2	7	334307	165
Mock_P10_2	7	334307	247
Mock_P10_2	7	334307	151
Mock_P10_2	7	334307	149
Mock_P10_2	7	334307	137
Mock_P10_2	7	334307	118
Mock_P10_2	7	334307	157
Mock_P10_2	7	334307	68
Mock_P10_2	7	334307	48
Mock_P10_2	7	334307	90
Mock_P10_2	7	334307	306
Mock_P10_2	7	334307	76
Mock_P10_2	7	334307	179
Mock_P10_2	7	334307	123
Mock_P10_2	7	334307	111
Mock_P10_2	7	334307	187
Mock_P10_2	7	334307	146
Mock_P10_2	7	334307	157
Mock_P10_2	7	334307	239
Mock_P10_2	7	334307	155
Mock_P10_2	7	334307	190
Mock_P10_2	7	334307	282
Mock_P10_2	7	334307	268
Mock_P10_2	7	334307	97
Mock_P10_2	7	334307	170
Mock_P10_2	7	334307	127
Mock_P10_2	7	334307	233
Mock_P10_2	7	334307	114
Mock_P10_2	7	334307	114
Mock_P10_2	7	334307	85
Mock_P10_2	7	334307	165
Mock_P10_2	7	334307	65
Mock_P10_2	7	334307	320
Mock_P10_2	7	334307	49
Mock_P10_2	7	334307	184
Mock_P10_2	7	334307	261
Mock_P10_2	7	334307	252
Mock_P10_2	7	334307	181
Mock_P10_2	7	334307	119
Mock_P10_2	7	334307	366
Mock_P10_2	7	334307	97
Mock_P10_2	7	334307	150
Mock_P10_2	7	334307	232
Mock_P10_2	7	334307	161
Mock_P10_2	7	334307	347
Mock_P10_2	7	334307	96
Mock_P10_2	8	304560	352
Mock_P10_2	8	304560	150
Mock_P10_2	8	304560	150
Mock_P10_2	8	304560	124
Mock_P10_2	8	304560	152
Mock_P10_2	8	304560	84
Mock_P10_2	8	304560	139
Mock_P10_2	8	304560	204
Mock_P10_2	8	304560	178
Mock_P10_2	8	304560	146
Mock_P10_2	8	304560	132
Mock_P10_2	8	304560	118
Mock_P10_2	8	304560	145
Mock_P10_2	8	304560	106
Mock_P10_2	8	304560	94
Mock_P10_2	8	304560	68
Mock_P10_2	8	304560	111
Mock_P10_2	8	304560	94
Mock_P10_2	8	304560	69
Mock_P10_2	8	304560	160
Mock_P10_2	8	304560	87
Mock_P10_2	8	304560	135
Mock_P10_2	8	304560	273
Mock_P10_2	8	304560	103
Mock_P10_2	8	304560	158
Mock_P10_2	8	304560	140
Mock_P10_2	8	304560	120
Mock_P10_2	8	304560	351
Mock_P10_2	8	304560	273
Mock_P10_2	8	304560	112
Mock_P10_2	8	304560	83
Mock_P10_2	8	304560	135
Mock_P10_2	8	304560	215
Mock_P10_2	8	304560	114
Mock_P10_2	8	304560	89
Mock_P10_2	8	304560	430
Mock_P10_2	8	304560	117
Mock_P10_2	8	304560	249
Mock_P10_2	8	304560	220
Mock_P10_2	8	304560	145
Mock_P10_2	8	304560	136
Mock_P10_2	8	304560	128
Mock_P10_2	8	304560	133
Mock_P10_2	8	304560	87
Mock_P10_2	8	304560	120
Mock_P10_2	8	304560	98
Mock_P10_2	8	304560	153
Mock_P10_2	8	304560	90
Mock_P10_2	8	304560	147
Mock_P10_2	8	304560	61
Mock_P10_2	8	304560	286
Mock_P10_2	8	304560	78
Mock_P10_2	8	304560	78
Mock_P10_2	8	304560	78
Mock_P10_2	8	304560	103
Mock_P10_2	8	304560	313
Mock_P10_2	8	304560	56
Mock_P10_2	8	304560	58
Mock_P10_2	8	304560	83
Mock_P10_2	8	304560	144
Mock_P10_2	8	304560	167
Mock_P10_2	8	304560	147
Mock_P10_2	8	304560	86
Mock_P10_2	8	304560	82
Mock_P10_2	8	304560	112
Mock_P10_2	8	304560	52
Mock_P10_2	8	304560	89
Mock_P10_2	8	304560	134
Mock_P10_2	8	304560	170
Mock_P10_2	8	304560	100
Mock_P10_2	8	304560	73
Mock_P10_2	8	304560	102
Mock_P10_2	8	304560	166
Mock_P10_2	8	304560	136
Mock_P10_2	8	304560	179
Mock_P10_2	8	304560	90
Mock_P10_2	8	304560	104
Mock_P10_2	8	304560	155
Mock_P10_2	8	304560	111
Mock_P10_2	8	304560	93
Mock_P10_2	8	304560	88
Mock_P10_2	8	304560	65
Mock_P10_2	8	304560	103
Mock_P10_2	8	304560	202
Mock_P10_2	8	304560	273
Mock_P10_2	8	304560	161
Mock_P10_2	8	304560	192
Mock_P10_2	8	304560	105
Mock_P10_2	8	304560	105
Mock_P10_2	8	304560	99
Mock_P10_2	8	304560	101
Mock_P10_2	8	304560	95
Mock_P10_2	8	304560	81
Mock_P10_2	8	304560	228
Mock_P10_2	8	304560	131
Mock_P10_2	8	304560	113
Mock_P10_2	8	304560	224
Mock_P10_2	8	304560	102
Mock_P10_2	8	304560	161
Mock_P10_2	8	304560	68
Mock_P10_2	8	304560	102
Mock_P10_2	8	304560	116
Mock_P10_2	8	304560	101
Mock_P10_2	8	304560	117
Mock_P10_2	8	304560	119
Mock_P10_2	8	304560	191
Mock_P10_2	8	304560	176
Mock_P10_2	8	304560	146
Mock_P10_2	8	304560	117
Mock_P10_2	8	304560	187
Mock_P10_2	8	304560	111
Mock_P10_2	8	304560	114
Mock_P10_2	8	304560	107
Mock_P10_2	8	304560	138
Mock_P10_2	8	304560	28
Mock_P10_2	8	304560	278
Mock_P10_2	8	304560	121
Mock_P10_2	8	304560	252
Mock_P10_2	8	304560	207
Mock_P10_2	8	304560	200
Mock_P10_2	8	304560	212
Mock_P10_2	8	304560	127
Mock_P10_2	8	304560	215
Mock_P10_2	8	304560	67
Mock_P10_2	8	304560	112
Mock_P10_2	8	304560	113
Mock_P10_2	8	304560	142
Mock_P10_2	8	304560	140
Mock_P10_2	8	304560	167
Mock_P10_2	8	304560	167
Mock_P10_2	8	304560	81
Mock_P10_2	8	304560	230
Mock_P10_2	8	304560	200
Mock_P10_2	8	304560	96
Mock_P10_2	8	304560	131
Mock_P10_2	8	304560	65
Mock_P10_2	8	304560	47
Mock_P10_2	9	295519	111
Mock_P10_2	9	295519	34
Mock_P10_2	9	295519	59
Mock_P10_2	9	295519	128
Mock_P10_2	9	295519	145
Mock_P10_2	9	295519	97
Mock_P10_2	9	295519	88
Mock_P10_2	9	295519	134
Mock_P10_2	9	295519	150
Mock_P10_2	9	295519	75
Mock_P10_2	9	295519	139
Mock_P10_2	9	295519	78
Mock_P10_2	9	295519	262
Mock_P10_2	9	295519	132
Mock_P10_2	9	295519	229
Mock_P10_2	9	295519	43
Mock_P10_2	9	295519	100
Mock_P10_2	9	295519	134
Mock_P10_2	9	295519	202
Mock_P10_2	9	295519	89
Mock_P10_2	9	295519	121
Mock_P10_2	9	295519	142
Mock_P10_2	9	295519	126
Mock_P10_2	9	295519	145
Mock_P10_2	9	295519	67
Mock_P10_2	9	295519	93
Mock_P10_2	9	295519	183
Mock_P10_2	9	295519	412
Mock_P10_2	9	295519	91
Mock_P10_2	9	295519	94
Mock_P10_2	9	295519	96
Mock_P10_2	9	295519	70
Mock_P10_2	9	295519	89
Mock_P10_2	9	295519	283
Mock_P10_2	9	295519	58
Mock_P10_2	9	295519	71
Mock_P10_2	9	295519	136
Mock_P10_2	9	295519	94
Mock_P10_2	9	295519	100
Mock_P10_2	9	295519	50
Mock_P10_2	9	295519	49
Mock_P10_2	9	295519	117
Mock_P10_2	9	295519	135
Mock_P10_2	9	295519	88
Mock_P10_2	9	295519	26
Mock_P10_2	9	295519	68
Mock_P10_2	9	295519	246
Mock_P10_2	9	295519	86
Mock_P10_2	9	295519	145
Mock_P10_2	9	295519	111
Mock_P10_2	9	295519	102
Mock_P10_2	9	295519	76
Mock_P10_2	9	295519	93
Mock_P10_2	9	295519	115
Mock_P10_2	9	295519	165
Mock_P10_2	9	295519	125
Mock_P10_2	9	295519	32
Mock_P10_2	9	295519	69
Mock_P10_2	9	295519	29
Mock_P10_2	9	295519	95
Mock_P10_2	9	295519	122
Mock_P10_2	9	295519	72
Mock_P10_2	9	295519	46
Mock_P10_2	9	295519	233
Mock_P10_2	9	295519	190
Mock_P10_2	9	295519	20
Mock_P10_2	9	295519	189
Mock_P10_2	9	295519	143
Mock_P10_2	9	295519	109
Mock_P10_2	9	295519	93
Mock_P10_2	9	295519	69
Mock_P10_2	9	295519	64
Mock_P10_2	9	295519	227
Mock_P10_2	9	295519	55
Mock_P10_2	9	295519	317
Mock_P10_2	9	295519	91
Mock_P10_2	9	295519	231
Mock_P10_2	9	295519	62
Mock_P10_2	9	295519	81
Mock_P10_2	9	295519	46
Mock_P10_2	9	295519	98
Mock_P10_2	9	295519	128
Mock_P10_2	9	295519	87
Mock_P10_2	9	295519	148
Mock_P10_2	9	295519	74
Mock_P10_2	9	295519	124
Mock_P10_2	9	295519	98
Mock_P10_2	9	295519	295
Mock_P10_2	9	295519	59
Mock_P10_2	9	295519	179
Mock_P10_2	9	295519	185
Mock_P10_2	9	295519	275
Mock_P10_2	9	295519	78
Mock_P10_2	9	295519	276
Mock_P10_2	9	295519	139
Mock_P10_2	9	295519	175
Mock_P10_2	9	295519	134
Mock_P10_2	9	295519	91
Mock_P10_2	9	295519	117
Mock_P10_2	9	295519	116
Mock_P10_2	9	295519	155
Mock_P10_2	9	295519	144
Mock_P10_2	9	295519	184
Mock_P10_2	9	295519	52
Mock_P10_2	9	295519	149
Mock_P10_2	9	295519	83
Mock_P10_2	9	295519	79
Mock_P10_2	9	295519	202
Mock_P10_2	9	295519	56
Mock_P10_2	9	295519	79
Mock_P10_2	9	295519	114
Mock_P10_2	9	295519	115
Mock_P10_2	9	295519	134
Mock_P10_2	9	295519	272
Mock_P10_2	9	295519	50
Mock_P10_2	9	295519	96
Mock_P10_2	9	295519	98
Mock_P10_2	9	295519	78
Mock_P10_2	9	295519	161
Mock_P10_2	9	295519	237
Mock_P10_2	9	295519	73
Mock_P10_2	9	295519	377
Mock_P10_2	9	295519	160
Mock_P10_2	9	295519	111
Mock_P10_2	9	295519	205
Mock_P10_2	9	295519	133
Mock_P10_2	9	295519	128
Mock_P10_2	9	295519	125
Mock_P10_2	9	295519	176
Mock_P10_2	9	295519	123
Mock_P10_2	9	295519	95
Mock_P10_2	9	295519	90
Mock_P10_2	9	295519	289
Mock_P10_2	9	295519	110
Mock_P10_2	9	295519	112
Mock_P10_2	9	295519	98
Mock_P10_2	9	295519	158
Mock_P10_2	9	295519	134
Mock_P10_2	9	295519	120
Mock_P10_2	9	295519	114
Mock_P10_2	9	295519	118
Mock_P10_2	9	295519	105
Mock_P10_2	9	295519	209
Mock_P10_2	9	295519	143
Mock_P10_2	9	295519	153
Mock_P10_2	9	295519	63
Mock_P10_2	9	295519	120
Mock_P10_2	9	295519	140
Mock_P10_2	9	295519	127
Mock_P10_2	9	295519	78
Mock_P10_2	9	295519	137
Mock_P10_2	9	295519	136
Mock_P10_2	9	295519	241
Mock_P10_2	9	295519	151
Mock_P10_2	9	295519	103
Mock_P10_2	9	295519	83
Mock_P10_2	9	295519	95
Mock_P10_2	9	295519	245
Mock_P10_2	9	295519	142
Mock_P10_2	10	310166	115
Mock_P10_2	10	310166	102
Mock_P10_2	10	310166	95
Mock_P10_2	10	310166	115
Mock_P10_2	10	310166	45
Mock_P10_2	10	310166	208
Mock_P10_2	10	310166	78
Mock_P10_2	10	310166	117
Mock_P10_2	10	310166	174
Mock_P10_2	10	310166	112
Mock_P10_2	10	310166	22
Mock_P10_2	10	310166	79
Mock_P10_2	10	310166	85
Mock_P10_2	10	310166	78
Mock_P10_2	10	310166	50
Mock_P10_2	10	310166	96
Mock_P10_2	10	310166	143
Mock_P10_2	10	310166	15
Mock_P10_2	10	310166	142
Mock_P10_2	10	310166	60
Mock_P10_2	10	310166	28
Mock_P10_2	10	310166	41
Mock_P10_2	10	310166	99
Mock_P10_2	10	310166	75
Mock_P10_2	10	310166	144
Mock_P10_2	10	310166	37
Mock_P10_2	10	310166	62
Mock_P10_2	10	310166	124
Mock_P10_2	10	310166	110
Mock_P10_2	10	310166	78
Mock_P10_2	10	310166	141
Mock_P10_2	10	310166	61
Mock_P10_2	10	310166	111
Mock_P10_2	10	310166	97
Mock_P10_2	10	310166	143
Mock_P10_2	10	310166	124
Mock_P10_2	10	310166	111
Mock_P10_2	10	310166	100
Mock_P10_2	10	310166	19
Mock_P10_2	10	310166	120
Mock_P10_2	10	310166	93
Mock_P10_2	10	310166	90
Mock_P10_2	10	310166	84
Mock_P10_2	10	310166	109
Mock_P10_2	10	310166	117
Mock_P10_2	10	310166	98
Mock_P10_2	10	310166	120
Mock_P10_2	10	310166	39
Mock_P10_2	10	310166	50
Mock_P10_2	10	310166	84
Mock_P10_2	10	310166	100
Mock_P10_2	10	310166	145
Mock_P10_2	10	310166	68
Mock_P10_2	10	310166	28
Mock_P10_2	10	310166	93
Mock_P10_2	10	310166	56
Mock_P10_2	10	310166	45
Mock_P10_2	10	310166	71
Mock_P10_2	10	310166	143
Mock_P10_2	10	310166	119
Mock_P10_2	10	310166	83
Mock_P10_2	10	310166	93
Mock_P10_2	10	310166	74
Mock_P10_2	10	310166	64
Mock_P10_2	10	310166	42
Mock_P10_2	10	310166	65
Mock_P10_2	10	310166	173
Mock_P10_2	10	310166	73
Mock_P10_2	10	310166	117
Mock_P10_2	10	310166	99
Mock_P10_2	10	310166	108
Mock_P10_2	10	310166	84
Mock_P10_2	10	310166	132
Mock_P10_2	10	310166	45
Mock_P10_2	10	310166	116
Mock_P10_2	10	310166	99
Mock_P10_2	10	310166	114
Mock_P10_2	10	310166	62
Mock_P10_2	10	310166	90
Mock_P10_2	10	310166	14
Mock_P10_2	10	310166	57
Mock_P10_2	10	310166	182
Mock_P10_2	10	310166	90
Mock_P10_2	10	310166	114
Mock_P10_2	10	310166	63
Mock_P10_2	10	310166	102
Mock_P10_2	10	310166	96
Mock_P10_2	10	310166	62
Mock_P10_2	10	310166	131
Mock_P10_2	10	310166	207
Mock_P10_2	10	310166	232
Mock_P10_2	10	310166	104
Mock_P10_2	10	310166	52
Mock_P10_2	10	310166	128
Mock_P10_2	10	310166	126
Mock_P10_2	10	310166	114
Mock_P10_2	10	310166	15
Mock_P10_2	10	310166	87
Mock_P10_2	10	310166	91
Mock_P10_2	10	310166	39
Mock_P10_2	10	310166	130
Mock_P10_2	10	310166	220
Mock_P10_2	10	310166	100
Mock_P10_2	10	310166	178
Mock_P10_2	10	310166	78
Mock_P10_2	10	310166	123
Mock_P10_2	10	310166	74
Mock_P10_2	10	310166	159
Mock_P10_2	10	310166	210
Mock_P10_2	10	310166	168
Mock_P10_2	10	310166	93
Mock_P10_2	10	310166	41
Mock_P10_2	10	310166	248
Mock_P10_2	10	310166	93
Mock_P10_2	10	310166	95
Mock_P10_2	10	310166	86
Mock_P10_2	10	310166	85
Mock_P10_2	10	310166	117
Mock_P10_2	10	310166	112
Mock_P10_2	10	310166	193
Mock_P10_2	10	310166	61
Mock_P10_2	10	310166	39
Mock_P10_2	10	310166	224
Mock_P10_2	10	310166	87
Mock_P10_2	10	310166	89
Mock_P10_2	10	310166	13
Mock_P10_2	10	310166	108
Mock_P10_2	10	310166	69
Mock_P10_2	11	324011	74
Mock_P10_2	11	324011	122
Mock_P10_2	11	324011	119
Mock_P10_2	11	324011	137
Mock_P10_2	11	324011	241
Mock_P10_2	11	324011	85
Mock_P10_2	11	324011	111
Mock_P10_2	11	324011	112
Mock_P10_2	11	324011	73
Mock_P10_2	11	324011	166
Mock_P10_2	11	324011	82
Mock_P10_2	11	324011	160
Mock_P10_2	11	324011	88
Mock_P10_2	11	324011	269
Mock_P10_2	11	324011	68
Mock_P10_2	11	324011	79
Mock_P10_2	11	324011	191
Mock_P10_2	11	324011	96
Mock_P10_2	11	324011	165
Mock_P10_2	11	324011	229
Mock_P10_2	11	324011	212
Mock_P10_2	11	324011	124
Mock_P10_2	11	324011	81
Mock_P10_2	11	324011	34
Mock_P10_2	11	324011	71
Mock_P10_2	11	324011	82
Mock_P10_2	11	324011	102
Mock_P10_2	11	324011	96
Mock_P10_2	11	324011	135
Mock_P10_2	11	324011	128
Mock_P10_2	11	324011	158
Mock_P10_2	11	324011	102
Mock_P10_2	11	324011	100
Mock_P10_2	11	324011	71
Mock_P10_2	11	324011	114
Mock_P10_2	11	324011	90
Mock_P10_2	11	324011	120
Mock_P10_2	11	324011	291
Mock_P10_2	11	324011	38
Mock_P10_2	11	324011	112
Mock_P10_2	11	324011	171
Mock_P10_2	11	324011	79
Mock_P10_2	11	324011	103
Mock_P10_2	11	324011	157
Mock_P10_2	11	324011	90
Mock_P10_2	11	324011	48
Mock_P10_2	11	324011	73
Mock_P10_2	11	324011	88
Mock_P10_2	11	324011	173
Mock_P10_2	11	324011	103
Mock_P10_2	11	324011	106
Mock_P10_2	11	324011	94
Mock_P10_2	11	324011	51
Mock_P10_2	11	324011	116
Mock_P10_2	11	324011	82
Mock_P10_2	11	324011	121
Mock_P10_2	11	324011	149
Mock_P10_2	11	324011	215
Mock_P10_2	11	324011	78
Mock_P10_2	11	324011	141
Mock_P10_2	11	324011	134
Mock_P10_2	11	324011	257
Mock_P10_2	11	324011	100
Mock_P10_2	11	324011	299
Mock_P10_2	11	324011	107
Mock_P10_2	11	324011	258
Mock_P10_2	11	324011	169
Mock_P10_2	11	324011	93
Mock_P10_2	11	324011	241
Mock_P10_2	11	324011	93
Mock_P10_2	11	324011	123
Mock_P10_2	11	324011	95
Mock_P10_2	11	324011	71
Mock_P10_2	11	324011	60
Mock_P10_2	11	324011	105
Mock_P10_2	11	324011	112
Mock_P10_2	11	324011	115
Mock_P10_2	11	324011	91
Mock_P10_2	11	324011	143
Mock_P10_2	11	324011	120
Mock_P10_2	11	324011	169
Mock_P10_2	11	324011	96
Mock_P10_2	11	324011	52
Mock_P10_2	11	324011	131
Mock_P10_2	11	324011	135
Mock_P10_2	11	324011	147
Mock_P10_2	11	324011	109
Mock_P10_2	11	324011	146
Mock_P10_2	11	324011	125
Mock_P10_2	11	324011	97
Mock_P10_2	11	324011	88
Mock_P10_2	11	324011	80
Mock_P10_2	11	324011	146
Mock_P10_2	11	324011	113
Mock_P10_2	11	324011	118
Mock_P10_2	11	324011	79
Mock_P10_2	11	324011	84
Mock_P10_2	11	324011	100
Mock_P10_2	11	324011	42
Mock_P10_2	11	324011	107
Mock_P10_2	11	324011	121
Mock_P10_2	11	324011	83
Mock_P10_2	11	324011	99
Mock_P10_2	11	324011	92
Mock_P10_2	11	324011	78
Mock_P10_2	11	324011	59
Mock_P10_2	11	324011	89
Mock_P10_2	11	324011	126
Mock_P10_2	11	324011	185
Mock_P10_2	11	324011	571
Mock_P10_2	11	324011	132
Mock_P10_2	11	324011	63
Mock_P10_2	11	324011	90
Mock_P10_2	11	324011	78
Mock_P10_2	11	324011	157
Mock_P10_2	11	324011	131
Mock_P10_2	11	324011	129
Mock_P10_2	11	324011	51
Mock_P10_2	11	324011	119
Mock_P10_2	11	324011	91
Mock_P10_2	11	324011	89
Mock_P10_2	11	324011	226
Mock_P10_2	11	324011	76
Mock_P10_2	11	324011	114
Mock_P10_2	11	324011	82
Mock_P10_2	11	324011	174
Mock_P10_2	11	324011	84
Mock_P10_2	11	324011	109
Mock_P10_2	11	324011	120
Mock_P10_2	11	324011	149
Mock_P10_2	11	324011	158
Mock_P10_2	11	324011	76
Mock_P10_2	11	324011	118
Mock_P10_2	11	324011	106
Mock_P10_2	11	324011	128
Mock_P10_2	11	324011	73
Mock_P10_2	11	324011	117
Mock_P10_2	11	324011	119
Mock_P10_2	11	324011	210
Mock_P10_2	11	324011	101
Mock_P10_2	11	324011	83
Mock_P10_2	11	324011	65
Mock_P10_2	11	324011	150
Mock_P10_2	11	324011	18
Mock_P10_2	11	324011	153
Mock_P10_2	11	324011	65
Mock_P10_2	11	324011	152
Mock_P10_2	11	324011	187
Mock_P10_2	11	324011	103
Mock_P10_2	11	324011	33
Mock_P10_2	11	324011	76
Mock_P10_2	11	324011	31
Mock_P10_2	11	324011	59
Mock_P10_2	11	324011	129
Mock_P10_2	11	324011	107
Mock_P10_2	11	324011	77
Mock_P10_2	11	324011	89
Mock_P10_2	11	324011	164
Mock_P10_2	11	324011	116
Mock_P10_2	11	324011	69
Mock_P10_2	11	324011	105
Mock_P10_2	11	324011	98
Mock_P10_2	11	324011	74
Mock_P10_2	11	324011	24
Mock_P10_2	11	324011	130
Mock_P10_2	11	324011	72
Mock_P10_2	11	324011	202
Mock_P10_2	11	324011	123
Mock_P10_2	11	324011	56
Mock_P10_2	11	324011	119
Mock_P10_2	11	324011	152
Mock_P10_2	11	324011	47
Mock_P10_2	11	324011	152
Mock_P10_2	12	331937	41
Mock_P10_2	12	331937	129
Mock_P10_2	12	331937	122
Mock_P10_2	12	331937	80
Mock_P10_2	12	331937	84
Mock_P10_2	12	331937	125
Mock_P10_2	12	331937	85
Mock_P10_2	12	331937	126
Mock_P10_2	12	331937	58
Mock_P10_2	12	331937	93
Mock_P10_2	12	331937	145
Mock_P10_2	12	331937	28
Mock_P10_2	12	331937	85
Mock_P10_2	12	331937	209
Mock_P10_2	12	331937	107
Mock_P10_2	12	331937	69
Mock_P10_2	12	331937	150
Mock_P10_2	12	331937	87
Mock_P10_2	12	331937	101
Mock_P10_2	12	331937	37
Mock_P10_2	12	331937	59
Mock_P10_2	12	331937	156
Mock_P10_2	12	331937	233
Mock_P10_2	12	331937	389
Mock_P10_2	12	331937	129
Mock_P10_2	12	331937	52
Mock_P10_2	12	331937	326
Mock_P10_2	12	331937	144
Mock_P10_2	12	331937	68
Mock_P10_2	12	331937	79
Mock_P10_2	12	331937	54
Mock_P10_2	12	331937	70
Mock_P10_2	12	331937	96
Mock_P10_2	12	331937	45
Mock_P10_2	12	331937	92
Mock_P10_2	12	331937	83
Mock_P10_2	12	331937	106
Mock_P10_2	12	331937	77
Mock_P10_2	12	331937	76
Mock_P10_2	12	331937	68
Mock_P10_2	12	331937	140
Mock_P10_2	12	331937	117
Mock_P10_2	12	331937	75
Mock_P10_2	12	331937	263
Mock_P10_2	12	331937	43
Mock_P10_2	12	331937	85
Mock_P10_2	12	331937	134
Mock_P10_2	12	331937	91
Mock_P10_2	12	331937	110
Mock_P10_2	12	331937	102
Mock_P10_2	12	331937	209
Mock_P10_2	12	331937	23
Mock_P10_2	12	331937	54
Mock_P10_2	12	331937	32
Mock_P10_2	12	331937	292
Mock_P10_2	12	331937	121
Mock_P10_2	12	331937	98
Mock_P10_2	12	331937	68
Mock_P10_2	12	331937	130
Mock_P10_2	12	331937	143
Mock_P10_2	12	331937	229
Mock_P10_2	12	331937	123
Mock_P10_2	12	331937	39
Mock_P10_2	12	331937	99
Mock_P10_2	12	331937	121
Mock_P10_2	12	331937	206
Mock_P10_2	12	331937	119
Mock_P10_2	12	331937	108
Mock_P10_2	12	331937	98
Mock_P10_2	12	331937	204
Mock_P10_2	12	331937	209
Mock_P10_2	12	331937	159
Mock_P10_2	12	331937	91
Mock_P10_2	12	331937	99
Mock_P10_2	12	331937	26
Mock_P10_2	12	331937	241
Mock_P10_2	12	331937	126
Mock_P10_2	12	331937	149
Mock_P10_2	12	331937	167
Mock_P10_2	12	331937	131
Mock_P10_2	12	331937	130
Mock_P10_2	12	331937	79
Mock_P10_2	12	331937	83
Mock_P10_2	12	331937	217
Mock_P10_2	12	331937	184
Mock_P10_2	12	331937	149
Mock_P10_2	12	331937	100
Mock_P10_2	12	331937	90
Mock_P10_2	12	331937	107
Mock_P10_2	12	331937	129
Mock_P10_2	12	331937	108
Mock_P10_2	12	331937	168
Mock_P10_2	12	331937	82
Mock_P10_2	12	331937	93
Mock_P10_2	12	331937	100
Mock_P10_2	12	331937	106
Mock_P10_2	12	331937	135
Mock_P10_2	12	331937	117
Mock_P10_2	12	331937	58
Mock_P10_2	12	331937	264
Mock_P10_2	12	331937	57
Mock_P10_2	12	331937	80
Mock_P10_2	12	331937	109
Mock_P10_2	12	331937	81
Mock_P10_2	12	331937	12
Mock_P10_2	12	331937	83
Mock_P10_2	12	331937	114
Mock_P10_2	12	331937	85
Mock_P10_2	12	331937	200
Mock_P10_2	12	331937	90
Mock_P10_2	12	331937	185
Mock_P10_2	12	331937	76
Mock_P10_2	12	331937	107
Mock_P10_2	12	331937	137
Mock_P10_2	12	331937	77
Mock_P10_2	12	331937	106
Mock_P10_2	12	331937	255
Mock_P10_2	12	331937	74
Mock_P10_2	12	331937	82
Mock_P10_2	12	331937	68
Mock_P10_2	12	331937	152
Mock_P10_2	12	331937	54
Mock_P10_2	12	331937	116
Mock_P10_2	12	331937	255
Mock_P10_2	12	331937	177
Mock_P10_2	12	331937	115
Mock_P10_2	12	331937	53
Mock_P10_2	12	331937	176
Mock_P10_2	12	331937	123
Mock_P10_2	12	331937	70
Mock_P10_2	12	331937	103
Mock_P10_2	12	331937	110
Mock_P10_2	12	331937	75
Mock_P10_2	12	331937	91
Mock_P10_2	12	331937	93
Mock_P10_2	12	331937	95
Mock_P10_2	12	331937	166
Mock_P10_2	12	331937	136
Mock_P10_2	12	331937	242
Mock_P10_2	12	331937	96
Mock_P10_2	12	331937	73
Mock_P10_2	12	331937	82
Mock_P10_2	12	331937	81
Mock_P10_2	12	331937	107
Mock_P10_2	12	331937	133
Mock_P10_2	12	331937	165
Mock_P10_2	12	331937	104
Mock_P10_2	12	331937	99
Mock_P10_2	12	331937	185
Mock_P10_2	12	331937	187
Mock_P10_2	12	331937	137
Mock_P10_2	12	331937	147
Mock_P10_2	12	331937	117
Mock_P10_2	12	331937	140
Mock_P10_2	12	331937	188
Mock_P10_2	12	331937	162
Mock_P10_2	12	331937	301
Mock_P10_2	12	331937	127
Mock_P10_2	13	408199	84
Mock_P10_2	13	408199	27
Mock_P10_2	13	408199	72
Mock_P10_2	13	408199	69
Mock_P10_2	13	408199	70
Mock_P10_2	13	408199	73
Mock_P10_2	13	408199	95
Mock_P10_2	13	408199	153
Mock_P10_2	13	408199	65
Mock_P10_2	13	408199	137
Mock_P10_2	13	408199	84
Mock_P10_2	13	408199	48
Mock_P10_2	13	408199	90
Mock_P10_2	13	408199	81
Mock_P10_2	13	408199	10
Mock_P10_2	13	408199	106
Mock_P10_2	13	408199	91
Mock_P10_2	13	408199	68
Mock_P10_2	13	408199	121
Mock_P10_2	13	408199	63
Mock_P10_2	13	408199	90
Mock_P10_2	13	408199	122
Mock_P10_2	13	408199	102
Mock_P10_2	13	408199	162
Mock_P10_2	13	408199	117
Mock_P10_2	13	408199	57
Mock_P10_2	13	408199	93
Mock_P10_2	13	408199	129
Mock_P10_2	13	408199	27
Mock_P10_2	13	408199	99
Mock_P10_2	13	408199	70
Mock_P10_2	13	408199	27
Mock_P10_2	13	408199	102
Mock_P10_2	13	408199	92
Mock_P10_2	13	408199	156
Mock_P10_2	13	408199	57
Mock_P10_2	13	408199	86
Mock_P10_2	13	408199	179
Mock_P10_2	13	408199	104
Mock_P10_2	13	408199	160
Mock_P10_2	13	408199	13
Mock_P10_2	13	408199	85
Mock_P10_2	13	408199	226
Mock_P10_2	13	408199	59
Mock_P10_2	13	408199	94
Mock_P10_2	13	408199	53
Mock_P10_2	13	408199	238
Mock_P10_2	13	408199	246
Mock_P10_2	13	408199	183
Mock_P10_2	13	408199	87
Mock_P10_2	13	408199	77
Mock_P10_2	13	408199	76
Mock_P10_2	13	408199	90
Mock_P10_2	13	408199	75
Mock_P10_2	13	408199	127
Mock_P10_2	13	408199	149
Mock_P10_2	13	408199	73
Mock_P10_2	13	408199	84
Mock_P10_2	13	408199	108
Mock_P10_2	13	408199	46
Mock_P10_2	13	408199	120
Mock_P10_2	13	408199	92
Mock_P10_2	13	408199	20
Mock_P10_2	13	408199	127
Mock_P10_2	13	408199	72
Mock_P10_2	13	408199	52
Mock_P10_2	13	408199	113
Mock_P10_2	13	408199	95
Mock_P10_2	13	408199	113
Mock_P10_2	13	408199	198
Mock_P10_2	13	408199	34
Mock_P10_2	13	408199	81
Mock_P10_2	13	408199	44
Mock_P10_2	13	408199	21
Mock_P10_2	13	408199	28
Mock_P10_2	13	408199	67
Mock_P10_2	13	408199	101
Mock_P10_2	13	408199	48
Mock_P10_2	13	408199	18
Mock_P10_2	13	408199	45
Mock_P10_2	13	408199	65
Mock_P10_2	13	408199	126
Mock_P10_2	13	408199	85
Mock_P10_2	13	408199	110
Mock_P10_2	13	408199	122
Mock_P10_2	13	408199	142
Mock_P10_2	13	408199	65
Mock_P10_2	13	408199	90
Mock_P10_2	13	408199	133
Mock_P10_2	13	408199	166
Mock_P10_2	13	408199	279
Mock_P10_2	13	408199	317
Mock_P10_2	13	408199	43
Mock_P10_2	13	408199	192
Mock_P10_2	13	408199	240
Mock_P10_2	13	408199	64
Mock_P10_2	13	408199	109
Mock_P10_2	13	408199	98
Mock_P10_2	13	408199	159
Mock_P10_2	13	408199	115
Mock_P10_2	13	408199	106
Mock_P10_2	13	408199	154
Mock_P10_2	13	408199	126
Mock_P10_2	13	408199	135
Mock_P10_2	13	408199	243
Mock_P10_2	13	408199	193
Mock_P10_2	13	408199	112
Mock_P10_2	13	408199	154
Mock_P10_2	13	408199	128
Mock_P10_2	13	408199	109
Mock_P10_2	13	408199	71
Mock_P10_2	13	408199	112
Mock_P10_2	13	408199	146
Mock_P10_2	13	408199	141
Mock_P10_2	13	408199	97
Mock_P10_2	13	408199	149
Mock_P10_2	13	408199	161
Mock_P10_2	13	408199	88
Mock_P10_2	13	408199	99
Mock_P10_2	13	408199	177
Mock_P10_2	13	408199	137
Mock_P10_2	13	408199	59
Mock_P10_2	13	408199	132
Mock_P10_2	13	408199	95
Mock_P10_2	13	408199	126
Mock_P10_2	13	408199	87
Mock_P10_2	13	408199	108
Mock_P10_2	13	408199	135
Mock_P10_2	13	408199	144
Mock_P10_2	13	408199	277
Mock_P10_2	13	408199	118
Mock_P10_2	13	408199	121
Mock_P10_2	13	408199	128
Mock_P10_2	13	408199	107
Mock_P10_2	13	408199	504
Mock_P10_2	13	408199	92
Mock_P10_2	13	408199	302
Mock_P10_2	13	408199	182
Mock_P10_2	13	408199	86
Mock_P10_2	13	408199	64
Mock_P10_2	13	408199	140
Mock_P10_2	13	408199	151
Mock_P10_2	13	408199	101
Mock_P10_2	13	408199	110
Mock_P10_2	13	408199	163
Mock_P10_2	13	408199	115
Mock_P10_2	13	408199	171
Mock_P10_2	13	408199	150
Mock_P10_2	13	408199	157
Mock_P10_2	13	408199	147
Mock_P10_2	13	408199	119
Mock_P10_2	13	408199	255
Mock_P10_2	13	408199	133
Mock_P10_2	13	408199	102
Mock_P10_2	13	408199	246
Mock_P10_2	13	408199	355
Mock_P10_2	13	408199	229
Mock_P10_2	13	408199	135
Mock_P10_2	13	408199	109
Mock_P10_2	13	408199	221
Mock_P10_2	13	408199	159
Mock_P10_2	13	408199	202
Mock_P10_2	13	408199	125
Mock_P10_2	13	408199	117
Mock_P10_2	13	408199	203
Mock_P10_2	13	408199	90
Mock_P10_2	13	408199	208
Mock_P10_2	13	408199	147
Mock_P10_2	13	408199	196
Mock_P10_2	13	408199	64
Mock_P10_2	13	408199	331
Mock_P10_2	13	408199	282
Mock_P10_2	13	408199	68
Mock_P10_2	13	408199	136
Mock_P10_2	13	408199	262
Mock_P10_2	13	408199	377
Mock_P10_2	13	408199	27
Mock_P10_2	13	408199	77
Mock_P10_2	13	408199	552
Mock_P10_2	13	408199	108
Mock_P10_2	13	408199	129
Mock_P10_2	13	408199	75
Mock_P10_2	13	408199	74
Mock_P10_2	14	351266	141
Mock_P10_2	14	351266	62
Mock_P10_2	14	351266	128
Mock_P10_2	14	351266	208
Mock_P10_2	14	351266	180
Mock_P10_2	14	351266	119
Mock_P10_2	14	351266	89
Mock_P10_2	14	351266	24
Mock_P10_2	14	351266	60
Mock_P10_2	14	351266	99
Mock_P10_2	14	351266	114
Mock_P10_2	14	351266	124
Mock_P10_2	14	351266	154
Mock_P10_2	14	351266	73
Mock_P10_2	14	351266	34
Mock_P10_2	14	351266	137
Mock_P10_2	14	351266	135
Mock_P10_2	14	351266	168
Mock_P10_2	14	351266	50
Mock_P10_2	14	351266	54
Mock_P10_2	14	351266	92
Mock_P10_2	14	351266	14
Mock_P10_2	14	351266	93
Mock_P10_2	14	351266	53
Mock_P10_2	14	351266	49
Mock_P10_2	14	351266	163
Mock_P10_2	14	351266	119
Mock_P10_2	14	351266	111
Mock_P10_2	14	351266	100
Mock_P10_2	14	351266	83
Mock_P10_2	14	351266	78
Mock_P10_2	14	351266	68
Mock_P10_2	14	351266	87
Mock_P10_2	14	351266	29
Mock_P10_2	14	351266	85
Mock_P10_2	14	351266	71
Mock_P10_2	14	351266	118
Mock_P10_2	14	351266	69
Mock_P10_2	14	351266	101
Mock_P10_2	14	351266	60
Mock_P10_2	14	351266	107
Mock_P10_2	14	351266	44
Mock_P10_2	14	351266	65
Mock_P10_2	14	351266	75
Mock_P10_2	14	351266	95
Mock_P10_2	14	351266	76
Mock_P10_2	14	351266	38
Mock_P10_2	14	351266	124
Mock_P10_2	14	351266	103
Mock_P10_2	14	351266	138
Mock_P10_2	14	351266	142
Mock_P10_2	14	351266	133
Mock_P10_2	14	351266	111
Mock_P10_2	14	351266	33
Mock_P10_2	14	351266	189
Mock_P10_2	14	351266	16
Mock_P10_2	14	351266	142
Mock_P10_2	14	351266	115
Mock_P10_2	14	351266	137
Mock_P10_2	14	351266	83
Mock_P10_2	14	351266	143
Mock_P10_2	14	351266	33
Mock_P10_2	14	351266	284
Mock_P10_2	14	351266	120
Mock_P10_2	14	351266	92
Mock_P10_2	14	351266	152
Mock_P10_2	14	351266	115
Mock_P10_2	14	351266	103
Mock_P10_2	14	351266	77
Mock_P10_2	14	351266	103
Mock_P10_2	14	351266	123
Mock_P10_2	14	351266	29
Mock_P10_2	14	351266	55
Mock_P10_2	14	351266	55
Mock_P10_2	14	351266	91
Mock_P10_2	14	351266	155
Mock_P10_2	14	351266	90
Mock_P10_2	14	351266	122
Mock_P10_2	14	351266	150
Mock_P10_2	14	351266	60
Mock_P10_2	14	351266	341
Mock_P10_2	14	351266	82
Mock_P10_2	14	351266	16
Mock_P10_2	14	351266	98
Mock_P10_2	14	351266	66
Mock_P10_2	14	351266	33
Mock_P10_2	14	351266	98
Mock_P10_2	14	351266	101
Mock_P10_2	14	351266	69
Mock_P10_2	14	351266	135
Mock_P10_2	14	351266	95
Mock_P10_2	14	351266	67
Mock_P10_2	14	351266	73
Mock_P10_2	14	351266	100
Mock_P10_2	14	351266	242
Mock_P10_2	14	351266	96
Mock_P10_2	14	351266	115
Mock_P10_2	14	351266	74
Mock_P10_2	14	351266	81
Mock_P10_2	14	351266	104
Mock_P10_2	14	351266	151
Mock_P10_2	14	351266	82
Mock_P10_2	14	351266	92
Mock_P10_2	14	351266	98
Mock_P10_2	14	351266	94
Mock_P10_2	14	351266	73
Mock_P10_2	14	351266	134
Mock_P10_2	14	351266	167
Mock_P10_2	14	351266	124
Mock_P10_2	14	351266	123
Mock_P10_2	14	351266	140
Mock_P10_2	14	351266	129
Mock_P10_2	14	351266	154
Mock_P10_2	14	351266	96
Mock_P10_2	14	351266	13
Mock_P10_2	14	351266	278
Mock_P10_2	14	351266	102
Mock_P10_2	14	351266	62
Mock_P10_2	14	351266	32
Mock_P10_2	14	351266	91
Mock_P10_2	14	351266	140
Mock_P10_2	14	351266	112
Mock_P10_2	14	351266	110
Mock_P10_2	14	351266	134
Mock_P10_2	14	351266	127
Mock_P10_2	14	351266	182
Mock_P10_2	14	351266	118
Mock_P10_2	14	351266	133
Mock_P10_2	14	351266	136
Mock_P10_2	14	351266	140
Mock_P10_2	14	351266	83
Mock_P10_2	14	351266	139
Mock_P10_2	14	351266	68
Mock_P10_2	14	351266	156
Mock_P10_2	14	351266	142
Mock_P10_2	14	351266	109
Mock_P10_2	14	351266	253
Mock_P10_2	14	351266	191
Mock_P10_2	14	351266	69
Mock_P10_2	14	351266	84
Mock_P10_2	14	351266	117
Mock_P10_2	14	351266	140
Mock_P10_2	14	351266	145
Mock_P10_2	14	351266	374
Mock_P10_2	14	351266	99
Mock_P10_2	14	351266	167
Mock_P10_2	14	351266	127
Mock_P10_2	14	351266	196
Mock_P10_2	14	351266	22
Mock_P10_2	14	351266	100
Mock_P10_2	14	351266	205
Mock_P10_2	14	351266	131
Mock_P10_2	14	351266	123
Mock_P10_2	14	351266	127
Mock_P10_2	15	369145	100
Mock_P10_2	15	369145	87
Mock_P10_2	15	369145	43
Mock_P10_2	15	369145	80
Mock_P10_2	15	369145	66
Mock_P10_2	15	369145	114
Mock_P10_2	15	369145	99
Mock_P10_2	15	369145	223
Mock_P10_2	15	369145	147
Mock_P10_2	15	369145	193
Mock_P10_2	15	369145	41
Mock_P10_2	15	369145	92
Mock_P10_2	15	369145	191
Mock_P10_2	15	369145	54
Mock_P10_2	15	369145	106
Mock_P10_2	15	369145	83
Mock_P10_2	15	369145	46
Mock_P10_2	15	369145	65
Mock_P10_2	15	369145	89
Mock_P10_2	15	369145	109
Mock_P10_2	15	369145	51
Mock_P10_2	15	369145	89
Mock_P10_2	15	369145	67
Mock_P10_2	15	369145	50
Mock_P10_2	15	369145	54
Mock_P10_2	15	369145	62
Mock_P10_2	15	369145	53
Mock_P10_2	15	369145	49
Mock_P10_2	15	369145	62
Mock_P10_2	15	369145	192
Mock_P10_2	15	369145	74
Mock_P10_2	15	369145	34
Mock_P10_2	15	369145	95
Mock_P10_2	15	369145	74
Mock_P10_2	15	369145	97
Mock_P10_2	15	369145	97
Mock_P10_2	15	369145	15
Mock_P10_2	15	369145	74
Mock_P10_2	15	369145	35
Mock_P10_2	15	369145	129
Mock_P10_2	15	369145	73
Mock_P10_2	15	369145	166
Mock_P10_2	15	369145	89
Mock_P10_2	15	369145	17
Mock_P10_2	15	369145	23
Mock_P10_2	15	369145	80
Mock_P10_2	15	369145	140
Mock_P10_2	15	369145	97
Mock_P10_2	15	369145	104
Mock_P10_2	15	369145	89
Mock_P10_2	15	369145	98
Mock_P10_2	15	369145	49
Mock_P10_2	15	369145	98
Mock_P10_2	15	369145	57
Mock_P10_2	15	369145	76
Mock_P10_2	15	369145	54
Mock_P10_2	15	369145	83
Mock_P10_2	15	369145	57
Mock_P10_2	15	369145	113
Mock_P10_2	15	369145	88
Mock_P10_2	15	369145	63
Mock_P10_2	15	369145	47
Mock_P10_2	15	369145	78
Mock_P10_2	15	369145	63
Mock_P10_2	15	369145	61
Mock_P10_2	15	369145	119
Mock_P10_2	15	369145	42
Mock_P10_2	15	369145	49
Mock_P10_2	15	369145	64
Mock_P10_2	15	369145	10
Mock_P10_2	15	369145	52
Mock_P10_2	15	369145	114
Mock_P10_2	15	369145	167
Mock_P10_2	15	369145	22
Mock_P10_2	15	369145	66
Mock_P10_2	15	369145	50
Mock_P10_2	15	369145	111
Mock_P10_2	15	369145	99
Mock_P10_2	15	369145	104
Mock_P10_2	15	369145	102
Mock_P10_2	15	369145	129
Mock_P10_2	15	369145	147
Mock_P10_2	15	369145	96
Mock_P10_2	15	369145	68
Mock_P10_2	15	369145	135
Mock_P10_2	15	369145	77
Mock_P10_2	15	369145	137
Mock_P10_2	15	369145	92
Mock_P10_2	15	369145	126
Mock_P10_2	15	369145	49
Mock_P10_2	15	369145	16
Mock_P10_2	15	369145	32
Mock_P10_2	15	369145	89
Mock_P10_2	15	369145	80
Mock_P10_2	15	369145	34
Mock_P10_2	15	369145	138
Mock_P10_2	15	369145	101
Mock_P10_2	15	369145	65
Mock_P10_2	15	369145	61
Mock_P10_2	15	369145	59
Mock_P10_2	15	369145	69
Mock_P10_2	15	369145	124
Mock_P10_2	15	369145	42
Mock_P10_2	15	369145	83
Mock_P10_2	15	369145	75
Mock_P10_2	15	369145	89
Mock_P10_2	15	369145	199
Mock_P10_2	15	369145	59
Mock_P10_2	15	369145	211
Mock_P10_2	15	369145	91
Mock_P10_2	15	369145	61
Mock_P10_2	15	369145	90
Mock_P10_2	15	369145	93
Mock_P10_2	15	369145	47
Mock_P10_2	15	369145	54
Mock_P10_2	15	369145	49
Mock_P10_2	15	369145	169
Mock_P10_2	15	369145	49
Mock_P10_2	15	369145	240
Mock_P10_2	15	369145	79
Mock_P10_2	15	369145	62
Mock_P10_2	15	369145	53
Mock_P10_2	15	369145	96
Mock_P10_2	15	369145	131
Mock_P10_2	15	369145	113
Mock_P10_2	15	369145	85
Mock_P10_2	15	369145	58
Mock_P10_2	15	369145	113
Mock_P10_2	15	369145	96
Mock_P10_2	15	369145	142
Mock_P10_2	15	369145	92
Mock_P10_2	15	369145	152
Mock_P10_2	15	369145	80
Mock_P10_2	15	369145	124
Mock_P10_2	15	369145	229
Mock_P10_2	15	369145	40
Mock_P10_2	15	369145	218
Mock_P10_2	15	369145	54
Mock_P10_2	15	369145	636
Mock_P10_2	15	369145	100
Mock_P10_2	15	369145	93
Mock_P10_2	15	369145	147
Mock_P10_2	15	369145	92
Mock_P10_2	15	369145	99
Mock_P10_2	15	369145	143
Mock_P10_2	15	369145	100
Mock_P10_2	15	369145	188
Mock_P10_2	15	369145	192
Mock_P10_2	15	369145	124
Mock_P10_2	15	369145	84
Mock_P10_2	15	369145	147
Mock_P10_2	15	369145	112
Mock_P10_2	15	369145	103
Mock_P10_2	15	369145	183
Mock_P10_2	15	369145	162
Mock_P10_2	15	369145	93
Mock_P10_2	15	369145	92
Mock_P10_2	15	369145	57
Mock_P10_2	15	369145	52
Mock_P10_2	15	369145	30
Mock_P10_2	15	369145	203
Mock_P10_2	15	369145	373
Mock_P10_2	15	369145	272
Mock_P10_2	15	369145	79
Mock_P10_2	15	369145	10
Mock_P10_2	15	369145	89
Mock_P10_2	15	369145	70
Mock_P10_2	15	369145	60
Mock_P10_2	15	369145	74
Mock_P10_2	15	369145	116
Mock_P10_2	15	369145	113
Mock_P10_2	15	369145	43
Mock_P10_2	16	334551	41
Mock_P10_2	16	334551	31
Mock_P10_2	16	334551	52
Mock_P10_2	16	334551	65
Mock_P10_2	16	334551	54
Mock_P10_2	16	334551	64
Mock_P10_2	16	334551	66
Mock_P10_2	16	334551	76
Mock_P10_2	16	334551	43
Mock_P10_2	16	334551	96
Mock_P10_2	16	334551	22
Mock_P10_2	16	334551	62
Mock_P10_2	16	334551	72
Mock_P10_2	16	334551	80
Mock_P10_2	16	334551	45
Mock_P10_2	16	334551	62
Mock_P10_2	16	334551	183
Mock_P10_2	16	334551	35
Mock_P10_2	16	334551	89
Mock_P10_2	16	334551	29
Mock_P10_2	16	334551	89
Mock_P10_2	16	334551	98
Mock_P10_2	16	334551	59
Mock_P10_2	16	334551	92
Mock_P10_2	16	334551	58
Mock_P10_2	16	334551	91
Mock_P10_2	16	334551	74
Mock_P10_2	16	334551	35
Mock_P10_2	16	334551	180
Mock_P10_2	16	334551	88
Mock_P10_2	16	334551	61
Mock_P10_2	16	334551	145
Mock_P10_2	16	334551	147
Mock_P10_2	16	334551	49
Mock_P10_2	16	334551	78
Mock_P10_2	16	334551	74
Mock_P10_2	16	334551	47
Mock_P10_2	16	334551	75
Mock_P10_2	16	334551	15
Mock_P10_2	16	334551	46
Mock_P10_2	16	334551	63
Mock_P10_2	16	334551	158
Mock_P10_2	16	334551	78
Mock_P10_2	16	334551	119
Mock_P10_2	16	334551	21
Mock_P10_2	16	334551	112
Mock_P10_2	16	334551	167
Mock_P10_2	16	334551	103
Mock_P10_2	16	334551	153
Mock_P10_2	16	334551	46
Mock_P10_2	16	334551	60
Mock_P10_2	16	334551	108
Mock_P10_2	16	334551	76
Mock_P10_2	16	334551	74
Mock_P10_2	16	334551	109
Mock_P10_2	16	334551	129
Mock_P10_2	16	334551	65
Mock_P10_2	16	334551	58
Mock_P10_2	16	334551	108
Mock_P10_2	16	334551	72
Mock_P10_2	16	334551	48
Mock_P10_2	16	334551	62
Mock_P10_2	16	334551	78
Mock_P10_2	16	334551	107
Mock_P10_2	16	334551	70
Mock_P10_2	16	334551	123
Mock_P10_2	16	334551	188
Mock_P10_2	16	334551	65
Mock_P10_2	16	334551	150
Mock_P10_2	16	334551	62
Mock_P10_2	16	334551	132
Mock_P10_2	16	334551	164
Mock_P10_2	16	334551	36
Mock_P10_2	16	334551	116
Mock_P10_2	16	334551	117
Mock_P10_2	16	334551	59
Mock_P10_2	16	334551	252
Mock_P10_2	16	334551	83
Mock_P10_2	16	334551	100
Mock_P10_2	16	334551	133
Mock_P10_2	16	334551	151
Mock_P10_2	16	334551	69
Mock_P10_2	16	334551	101
Mock_P10_2	16	334551	23
Mock_P10_2	16	334551	280
Mock_P10_2	16	334551	59
Mock_P10_2	16	334551	71
Mock_P10_2	16	334551	50
Mock_P10_2	16	334551	228
Mock_P10_2	16	334551	95
Mock_P10_2	16	334551	87
Mock_P10_2	16	334551	80
Mock_P10_2	16	334551	52
Mock_P10_2	16	334551	65
Mock_P10_2	16	334551	93
Mock_P10_2	16	334551	124
Mock_P10_2	16	334551	96
Mock_P10_2	16	334551	180
Mock_P10_2	16	334551	55
Mock_P10_2	16	334551	57
Mock_P10_2	16	334551	117
Mock_P10_2	16	334551	47
Mock_P10_2	16	334551	70
Mock_P10_2	16	334551	53
Mock_P10_2	16	334551	68
Mock_P10_2	16	334551	84
Mock_P10_2	16	334551	255
Mock_P10_2	16	334551	86
Mock_P10_2	16	334551	58
Mock_P10_2	16	334551	46
Mock_P10_2	16	334551	111
Mock_P10_2	16	334551	91
Mock_P10_2	16	334551	48
Mock_P10_2	16	334551	67
Mock_P10_2	16	334551	162
Mock_P10_2	16	334551	109
Mock_P10_2	16	334551	80
Mock_P10_2	16	334551	176
Mock_P10_2	16	334551	73
Mock_P10_2	16	334551	77
Mock_P10_2	16	334551	123
Mock_P10_2	16	334551	62
Mock_P10_2	16	334551	110
Mock_P10_2	16	334551	106
Mock_P10_2	16	334551	142
Mock_P10_2	16	334551	65
Mock_P10_2	16	334551	72
Mock_P10_2	16	334551	54
Mock_P10_2	16	334551	143
Mock_P10_2	16	334551	66
Mock_P10_2	16	334551	97
Mock_P10_2	16	334551	71
Mock_P10_2	16	334551	151
Mock_P10_2	16	334551	89
Mock_P10_2	16	334551	176
Mock_P10_2	16	334551	122
Mock_P10_2	16	334551	42
Mock_P10_2	16	334551	140
Mock_P10_2	16	334551	64
Mock_P10_2	16	334551	64
Mock_P10_2	16	334551	52
Mock_P10_2	16	334551	64
Mock_P10_2	16	334551	75
Mock_P10_2	16	334551	75
Mock_P10_2	16	334551	78
Mock_P10_2	16	334551	375
Mock_P10_2	16	334551	169
Mock_P10_2	16	334551	92
Mock_P10_2	16	334551	112
Mock_P10_2	16	334551	247
Mock_P10_2	16	334551	51
Mock_P10_2	16	334551	96
Mock_P10_2	16	334551	100
Mock_P10_2	16	334551	120
Mock_P10_2	16	334551	179
Mock_P10_2	16	334551	120
Mock_P10_2	16	334551	96
Mock_P10_2	16	334551	91
Mock_P10_2	16	334551	709
Mock_P10_2	16	334551	67
Mock_P10_2	16	334551	220
Mock_P10_2	16	334551	71
Mock_P10_2	16	334551	76
Mock_P10_2	16	334551	22
Mock_P10_2	16	334551	571
Mock_P10_2	16	334551	98
Mock_P10_2	16	334551	86
Mock_P10_2	16	334551	50
Mock_P10_2	16	334551	72
Mock_P10_2	16	334551	135
Mock_P10_2	16	334551	104
Mock_P10_2	16	334551	88
Mock_P10_2	16	334551	19
Mock_P10_2	16	334551	65
Mock_P10_2	16	334551	172
Mock_P10_2	16	334551	104
Mock_P10_2	16	334551	120
Mock_P10_2	16	334551	144
Mock_P10_2	16	334551	55
Mock_P10_2	16	334551	51
Mock_P10_2	16	334551	137
Mock_P10_2	16	334551	65
Mock_P10_2	16	334551	194
Mock_P10_2	16	334551	62
Mock_P10_2	16	334551	80
Mock_P10_2	16	334551	116
Mock_P10_2	16	334551	54
Mock_P10_2	16	334551	133
Mock_P10_2	16	334551	37
Mock_P10_2	16	334551	53
Mock_P10_2	16	334551	38
Mock_P10_2	17	363584	18
Mock_P10_2	17	363584	67
Mock_P10_2	17	363584	162
Mock_P10_2	17	363584	65
Mock_P10_2	17	363584	34
Mock_P10_2	17	363584	84
Mock_P10_2	17	363584	89
Mock_P10_2	17	363584	50
Mock_P10_2	17	363584	73
Mock_P10_2	17	363584	81
Mock_P10_2	17	363584	74
Mock_P10_2	17	363584	39
Mock_P10_2	17	363584	82
Mock_P10_2	17	363584	26
Mock_P10_2	17	363584	42
Mock_P10_2	17	363584	47
Mock_P10_2	17	363584	35
Mock_P10_2	17	363584	43
Mock_P10_2	17	363584	21
Mock_P10_2	17	363584	104
Mock_P10_2	17	363584	88
Mock_P10_2	17	363584	67
Mock_P10_2	17	363584	87
Mock_P10_2	17	363584	50
Mock_P10_2	17	363584	134
Mock_P10_2	17	363584	25
Mock_P10_2	17	363584	11
Mock_P10_2	17	363584	42
Mock_P10_2	17	363584	79
Mock_P10_2	17	363584	141
Mock_P10_2	17	363584	125
Mock_P10_2	17	363584	39
Mock_P10_2	17	363584	75
Mock_P10_2	17	363584	71
Mock_P10_2	17	363584	127
Mock_P10_2	17	363584	133
Mock_P10_2	17	363584	32
Mock_P10_2	17	363584	43
Mock_P10_2	17	363584	94
Mock_P10_2	17	363584	107
Mock_P10_2	17	363584	75
Mock_P10_2	17	363584	108
Mock_P10_2	17	363584	69
Mock_P10_2	17	363584	80
Mock_P10_2	17	363584	83
Mock_P10_2	17	363584	55
Mock_P10_2	17	363584	38
Mock_P10_2	17	363584	77
Mock_P10_2	17	363584	122
Mock_P10_2	17	363584	17
Mock_P10_2	17	363584	42
Mock_P10_2	17	363584	16
Mock_P10_2	17	363584	59
Mock_P10_2	17	363584	46
Mock_P10_2	17	363584	60
Mock_P10_2	17	363584	169
Mock_P10_2	17	363584	68
Mock_P10_2	17	363584	33
Mock_P10_2	17	363584	151
Mock_P10_2	17	363584	82
Mock_P10_2	17	363584	49
Mock_P10_2	17	363584	59
Mock_P10_2	17	363584	109
Mock_P10_2	17	363584	81
Mock_P10_2	17	363584	77
Mock_P10_2	17	363584	83
Mock_P10_2	17	363584	12
Mock_P10_2	17	363584	71
Mock_P10_2	17	363584	85
Mock_P10_2	17	363584	68
Mock_P10_2	17	363584	139
Mock_P10_2	17	363584	108
Mock_P10_2	17	363584	110
Mock_P10_2	17	363584	54
Mock_P10_2	17	363584	21
Mock_P10_2	17	363584	38
Mock_P10_2	17	363584	104
Mock_P10_2	17	363584	169
Mock_P10_2	17	363584	56
Mock_P10_2	17	363584	163
Mock_P10_2	17	363584	165
Mock_P10_2	17	363584	97
Mock_P10_2	17	363584	56
Mock_P10_2	17	363584	105
Mock_P10_2	17	363584	23
Mock_P10_2	17	363584	73
Mock_P10_2	17	363584	159
Mock_P10_2	17	363584	86
Mock_P10_2	17	363584	77
Mock_P10_2	17	363584	113
Mock_P10_2	17	363584	42
Mock_P10_2	17	363584	160
Mock_P10_2	17	363584	92
Mock_P10_2	17	363584	48
Mock_P10_2	17	363584	113
Mock_P10_2	17	363584	267
Mock_P10_2	17	363584	96
Mock_P10_2	17	363584	30
Mock_P10_2	17	363584	96
Mock_P10_2	17	363584	70
Mock_P10_2	17	363584	21
Mock_P10_2	17	363584	103
Mock_P10_2	17	363584	128
Mock_P10_2	17	363584	59
Mock_P10_2	17	363584	72
Mock_P10_2	17	363584	103
Mock_P10_2	17	363584	68
Mock_P10_2	17	363584	64
Mock_P10_2	17	363584	133
Mock_P10_2	17	363584	100
Mock_P10_2	17	363584	120
Mock_P10_2	17	363584	118
Mock_P10_2	17	363584	86
Mock_P10_2	17	363584	92
Mock_P10_2	17	363584	65
Mock_P10_2	17	363584	163
Mock_P10_2	17	363584	106
Mock_P10_2	17	363584	78
Mock_P10_2	17	363584	73
Mock_P10_2	17	363584	123
Mock_P10_2	17	363584	128
Mock_P10_2	17	363584	99
Mock_P10_2	17	363584	79
Mock_P10_2	17	363584	78
Mock_P10_2	17	363584	100
Mock_P10_2	17	363584	94
Mock_P10_2	17	363584	125
Mock_P10_2	17	363584	127
Mock_P10_2	17	363584	76
Mock_P10_2	17	363584	34
Mock_P10_2	17	363584	39
Mock_P10_2	17	363584	71
Mock_P10_2	17	363584	61
Mock_P10_2	17	363584	149
Mock_P10_2	17	363584	17
Mock_P10_2	17	363584	195
Mock_P10_2	17	363584	70
Mock_P10_2	17	363584	84
Mock_P10_2	17	363584	83
Mock_P10_2	17	363584	64
Mock_P10_2	17	363584	123
Mock_P10_2	17	363584	111
Mock_P10_2	17	363584	183
Mock_P10_2	17	363584	174
Mock_P10_2	17	363584	91
Mock_P10_2	17	363584	57
Mock_P10_2	17	363584	110
Mock_P10_2	17	363584	105
Mock_P10_2	17	363584	139
Mock_P10_2	17	363584	79
Mock_P10_2	17	363584	113
Mock_P10_2	17	363584	110
Mock_P10_2	17	363584	120
Mock_P10_2	17	363584	92
Mock_P10_2	17	363584	139
Mock_P10_2	17	363584	119
Mock_P10_2	17	363584	83
Mock_P10_2	17	363584	124
Mock_P10_2	17	363584	106
Mock_P10_2	17	363584	29
Mock_P10_2	17	363584	86
Mock_P10_2	17	363584	63
Mock_P10_2	17	363584	87
Mock_P10_2	17	363584	182
Mock_P10_2	17	363584	345
Mock_P10_2	17	363584	125
Mock_P10_2	17	363584	494
Mock_P10_2	17	363584	115
Mock_P10_2	17	363584	130
Mock_P10_2	17	363584	160
Mock_P10_2	17	363584	131
Mock_P10_2	17	363584	334
Mock_P10_2	17	363584	118
Mock_P10_2	17	363584	137
Mock_P10_2	17	363584	200
Mock_P10_2	17	363584	179
Mock_P10_2	17	363584	88
Mock_P10_2	17	363584	85
Mock_P10_2	17	363584	123
Mock_P10_2	17	363584	101
Mock_P10_2	17	363584	98
Mock_P10_2	17	363584	137
Mock_P10_2	17	363584	96
Mock_P10_2	17	363584	109
Mock_P10_2	17	363584	404
Mock_P10_2	17	363584	219
Mock_P10_2	17	363584	146
Mock_P10_2	17	363584	40
Mock_P10_2	17	363584	96
Mock_P10_2	17	363584	135
Mock_P10_2	17	363584	164
Mock_P10_2	17	363584	116
Mock_P10_2	17	363584	59
Mock_P10_2	17	363584	116
Mock_P10_2	17	363584	156
Mock_P10_2	17	363584	118
Mock_P10_2	17	363584	171
Mock_P10_2	17	363584	56
Mock_P10_2	17	363584	27
Mock_P10_2	17	363584	258
Mock_P10_2	17	363584	98
Mock_P10_2	17	363584	45
Mock_P10_2	18	269010	72
Mock_P10_2	18	269010	34
Mock_P10_2	18	269010	85
Mock_P10_2	18	269010	61
Mock_P10_2	18	269010	11
Mock_P10_2	18	269010	20
Mock_P10_2	18	269010	17
Mock_P10_2	18	269010	24
Mock_P10_2	18	269010	39
Mock_P10_2	18	269010	37
Mock_P10_2	18	269010	27
Mock_P10_2	18	269010	33
Mock_P10_2	18	269010	40
Mock_P10_2	18	269010	61
Mock_P10_2	18	269010	59
Mock_P10_2	18	269010	24
Mock_P10_2	18	269010	111
Mock_P10_2	18	269010	60
Mock_P10_2	18	269010	112
Mock_P10_2	18	269010	66
Mock_P10_2	18	269010	58
Mock_P10_2	18	269010	92
Mock_P10_2	18	269010	69
Mock_P10_2	18	269010	23
Mock_P10_2	18	269010	14
Mock_P10_2	18	269010	74
Mock_P10_2	18	269010	74
Mock_P10_2	18	269010	60
Mock_P10_2	18	269010	55
Mock_P10_2	18	269010	57
Mock_P10_2	18	269010	50
Mock_P10_2	18	269010	61
Mock_P10_2	18	269010	49
Mock_P10_2	18	269010	33
Mock_P10_2	18	269010	29
Mock_P10_2	18	269010	67
Mock_P10_2	18	269010	79
Mock_P10_2	18	269010	50
Mock_P10_2	18	269010	99
Mock_P10_2	18	269010	80
Mock_P10_2	18	269010	63
Mock_P10_2	18	269010	79
Mock_P10_2	18	269010	46
Mock_P10_2	18	269010	25
Mock_P10_2	18	269010	62
Mock_P10_2	18	269010	92
Mock_P10_2	18	269010	19
Mock_P10_2	18	269010	152
Mock_P10_2	18	269010	116
Mock_P10_2	18	269010	82
Mock_P10_2	18	269010	115
Mock_P10_2	18	269010	111
Mock_P10_2	18	269010	98
Mock_P10_2	18	269010	99
Mock_P10_2	18	269010	134
Mock_P10_2	18	269010	81
Mock_P10_2	18	269010	54
Mock_P10_2	18	269010	46
Mock_P10_2	18	269010	197
Mock_P10_2	18	269010	59
Mock_P10_2	18	269010	260
Mock_P10_2	18	269010	112
Mock_P10_2	18	269010	46
Mock_P10_2	18	269010	283
Mock_P10_2	18	269010	106
Mock_P10_2	18	269010	67
Mock_P10_2	18	269010	155
Mock_P10_2	18	269010	107
Mock_P10_2	18	269010	230
Mock_P10_2	18	269010	237
Mock_P10_2	18	269010	330
Mock_P10_2	18	269010	87
Mock_P10_2	18	269010	126
Mock_P10_2	18	269010	125
Mock_P10_2	18	269010	132
Mock_P10_2	18	269010	66
Mock_P10_2	18	269010	94
Mock_P10_2	18	269010	90
Mock_P10_2	18	269010	140
Mock_P10_2	18	269010	143
Mock_P10_2	18	269010	213
Mock_P10_2	18	269010	96
Mock_P10_2	18	269010	96
Mock_P10_2	18	269010	116
Mock_P10_2	18	269010	97
Mock_P10_2	18	269010	135
Mock_P10_2	18	269010	126
Mock_P10_2	18	269010	331
Mock_P10_2	18	269010	120
Mock_P10_2	18	269010	99
Mock_P10_2	18	269010	10
Mock_P10_2	18	269010	131
Mock_P10_2	18	269010	128
Mock_P10_2	18	269010	65
Mock_P10_2	18	269010	135
Mock_P10_2	18	269010	174
Mock_P10_2	18	269010	92
Mock_P10_2	18	269010	144
Mock_P10_2	18	269010	127
Mock_P10_2	18	269010	100
Mock_P10_2	18	269010	80
Mock_P10_2	18	269010	82
Mock_P10_2	18	269010	55
Mock_P10_2	18	269010	89
Mock_P10_2	18	269010	80
Mock_P10_2	18	269010	180
Mock_P10_2	18	269010	120
Mock_P10_2	18	269010	276
Mock_P10_2	18	269010	127
Mock_P10_2	18	269010	99
Mock_P10_2	18	269010	63
Mock_P10_2	18	269010	137
Mock_P10_2	18	269010	54
Mock_P10_2	18	269010	66
Mock_P10_2	18	269010	144
Mock_P10_2	18	269010	148
Mock_P10_2	18	269010	112
Mock_P10_2	18	269010	113
Mock_P10_2	18	269010	147
Mock_P10_2	18	269010	151
Mock_P10_2	18	269010	113
Mock_P10_2	18	269010	173
Mock_P10_2	18	269010	373
Mock_P10_2	18	269010	202
Mock_P10_2	18	269010	124
Mock_P10_2	18	269010	224
Mock_P10_2	18	269010	71
Mock_P10_2	18	269010	142
Mock_P10_2	18	269010	250
Mock_P10_2	18	269010	290
Mock_P10_2	18	269010	83
Mock_P10_2	18	269010	114
Mock_P10_2	18	269010	165
Mock_P10_2	18	269010	329
Mock_P10_2	18	269010	186
Mock_P10_2	18	269010	135
Mock_P10_2	18	269010	287
Mock_P10_2	18	269010	153
Mock_P10_2	18	269010	169
Mock_P10_2	18	269010	72
Mock_P10_2	18	269010	138
Mock_P10_2	18	269010	139
Mock_P10_2	18	269010	309
Mock_P10_2	19	302683	73
Mock_P10_2	19	302683	52
Mock_P10_2	19	302683	66
Mock_P10_2	19	302683	83
Mock_P10_2	19	302683	123
Mock_P10_2	19	302683	67
Mock_P10_2	19	302683	74
Mock_P10_2	19	302683	89
Mock_P10_2	19	302683	76
Mock_P10_2	19	302683	71
Mock_P10_2	19	302683	91
Mock_P10_2	19	302683	149
Mock_P10_2	19	302683	122
Mock_P10_2	19	302683	103
Mock_P10_2	19	302683	26
Mock_P10_2	19	302683	149
Mock_P10_2	19	302683	90
Mock_P10_2	19	302683	47
Mock_P10_2	19	302683	262
Mock_P10_2	19	302683	36
Mock_P10_2	19	302683	83
Mock_P10_2	19	302683	76
Mock_P10_2	19	302683	34
Mock_P10_2	19	302683	126
Mock_P10_2	19	302683	99
Mock_P10_2	19	302683	59
Mock_P10_2	19	302683	128
Mock_P10_2	19	302683	115
Mock_P10_2	19	302683	148
Mock_P10_2	19	302683	97
Mock_P10_2	19	302683	43
Mock_P10_2	19	302683	44
Mock_P10_2	19	302683	106
Mock_P10_2	19	302683	73
Mock_P10_2	19	302683	81
Mock_P10_2	19	302683	59
Mock_P10_2	19	302683	104
Mock_P10_2	19	302683	94
Mock_P10_2	19	302683	100
Mock_P10_2	19	302683	84
Mock_P10_2	19	302683	159
Mock_P10_2	19	302683	21
Mock_P10_2	19	302683	67
Mock_P10_2	19	302683	87
Mock_P10_2	19	302683	88
Mock_P10_2	19	302683	91
Mock_P10_2	19	302683	146
Mock_P10_2	19	302683	439
Mock_P10_2	19	302683	62
Mock_P10_2	19	302683	106
Mock_P10_2	19	302683	58
Mock_P10_2	19	302683	68
Mock_P10_2	19	302683	129
Mock_P10_2	19	302683	22
Mock_P10_2	19	302683	152
Mock_P10_2	19	302683	86
Mock_P10_2	19	302683	64
Mock_P10_2	19	302683	95
Mock_P10_2	19	302683	71
Mock_P10_2	19	302683	61
Mock_P10_2	19	302683	111
Mock_P10_2	19	302683	94
Mock_P10_2	19	302683	89
Mock_P10_2	19	302683	45
Mock_P10_2	19	302683	30
Mock_P10_2	19	302683	89
Mock_P10_2	19	302683	50
Mock_P10_2	19	302683	104
Mock_P10_2	19	302683	104
Mock_P10_2	19	302683	102
Mock_P10_2	19	302683	88
Mock_P10_2	19	302683	142
Mock_P10_2	19	302683	66
Mock_P10_2	19	302683	72
Mock_P10_2	19	302683	117
Mock_P10_2	19	302683	59
Mock_P10_2	19	302683	81
Mock_P10_2	19	302683	16
Mock_P10_2	19	302683	98
Mock_P10_2	19	302683	80
Mock_P10_2	19	302683	44
Mock_P10_2	19	302683	95
Mock_P10_2	19	302683	99
Mock_P10_2	19	302683	97
Mock_P10_2	19	302683	98
Mock_P10_2	19	302683	104
Mock_P10_2	19	302683	179
Mock_P10_2	19	302683	134
Mock_P10_2	19	302683	163
Mock_P10_2	19	302683	79
Mock_P10_2	19	302683	113
Mock_P10_2	19	302683	84
Mock_P10_2	19	302683	160
Mock_P10_2	19	302683	298
Mock_P10_2	19	302683	83
Mock_P10_2	19	302683	83
Mock_P10_2	19	302683	113
Mock_P10_2	19	302683	112
Mock_P10_2	19	302683	145
Mock_P10_2	19	302683	97
Mock_P10_2	19	302683	118
Mock_P10_2	19	302683	110
Mock_P10_2	19	302683	139
Mock_P10_2	19	302683	74
Mock_P10_2	19	302683	21
Mock_P10_2	19	302683	184
Mock_P10_2	19	302683	98
Mock_P10_2	19	302683	103
Mock_P10_2	19	302683	38
Mock_P10_2	19	302683	123
Mock_P10_2	19	302683	34
Mock_P10_2	19	302683	138
Mock_P10_2	19	302683	117
Mock_P10_2	19	302683	104
Mock_P10_2	19	302683	91
Mock_P10_2	19	302683	60
Mock_P10_2	19	302683	113
Mock_P10_2	19	302683	120
Mock_P10_2	19	302683	89
Mock_P10_2	19	302683	223
Mock_P10_2	19	302683	176
Mock_P10_2	19	302683	108
Mock_P10_2	19	302683	74
Mock_P10_2	19	302683	79
Mock_P10_2	19	302683	198
Mock_P10_2	19	302683	115
Mock_P10_2	19	302683	87
Mock_P10_2	19	302683	102
Mock_P10_2	19	302683	96
Mock_P10_2	19	302683	217
Mock_P10_2	19	302683	77
Mock_P10_2	19	302683	109
Mock_P10_2	19	302683	86
Mock_P10_2	19	302683	38
Mock_P10_2	19	302683	117
Mock_P10_2	19	302683	78
Mock_P10_2	19	302683	93
Mock_P10_2	19	302683	104
Mock_P10_2	19	302683	136
Mock_P10_2	19	302683	83
Mock_P10_2	19	302683	124
Mock_P10_2	19	302683	87
Mock_P10_2	19	302683	101
Mock_P10_2	19	302683	108
Mock_P10_2	19	302683	60
Mock_P10_2	19	302683	169
Mock_P10_2	19	302683	110
Mock_P10_2	19	302683	131
Mock_P10_2	19	302683	87
Mock_P10_2	19	302683	112
Mock_P10_2	19	302683	149
Mock_P10_2	19	302683	160
Mock_P10_2	19	302683	115
Mock_P10_2	19	302683	128
Mock_P10_2	19	302683	123
Mock_P10_2	19	302683	114
Mock_P10_2	19	302683	154
Mock_P10_2	19	302683	123
Mock_P10_2	19	302683	126
Mock_P10_2	19	302683	84
Mock_P10_2	19	302683	150
Mock_P10_2	19	302683	139
Mock_P10_2	19	302683	93
Mock_P10_2	19	302683	104
Mock_P10_2	19	302683	221
Mock_P10_2	19	302683	124
Mock_P10_2	19	302683	81
Mock_P10_2	19	302683	118
Mock_P10_2	19	302683	120
Mock_P10_2	19	302683	149
Mock_P10_2	19	302683	87
Mock_P10_2	19	302683	113
Mock_P10_2	19	302683	108
Mock_P10_2	19	302683	106
Mock_P10_2	19	302683	151
Mock_P10_2	19	302683	102
Mock_P10_2	20	357926	73
Mock_P10_2	20	357926	125
Mock_P10_2	20	357926	134
Mock_P10_2	20	357926	34
Mock_P10_2	20	357926	76
Mock_P10_2	20	357926	53
Mock_P10_2	20	357926	49
Mock_P10_2	20	357926	73
Mock_P10_2	20	357926	43
Mock_P10_2	20	357926	58
Mock_P10_2	20	357926	54
Mock_P10_2	20	357926	78
Mock_P10_2	20	357926	111
Mock_P10_2	20	357926	104
Mock_P10_2	20	357926	60
Mock_P10_2	20	357926	85
Mock_P10_2	20	357926	102
Mock_P10_2	20	357926	164
Mock_P10_2	20	357926	81
Mock_P10_2	20	357926	70
Mock_P10_2	20	357926	253
Mock_P10_2	20	357926	13
Mock_P10_2	20	357926	184
Mock_P10_2	20	357926	59
Mock_P10_2	20	357926	128
Mock_P10_2	20	357926	75
Mock_P10_2	20	357926	47
Mock_P10_2	20	357926	31
Mock_P10_2	20	357926	127
Mock_P10_2	20	357926	42
Mock_P10_2	20	357926	62
Mock_P10_2	20	357926	91
Mock_P10_2	20	357926	91
Mock_P10_2	20	357926	83
Mock_P10_2	20	357926	94
Mock_P10_2	20	357926	115
Mock_P10_2	20	357926	34
Mock_P10_2	20	357926	136
Mock_P10_2	20	357926	85
Mock_P10_2	20	357926	68
Mock_P10_2	20	357926	84
Mock_P10_2	20	357926	64
Mock_P10_2	20	357926	48
Mock_P10_2	20	357926	63
Mock_P10_2	20	357926	95
Mock_P10_2	20	357926	132
Mock_P10_2	20	357926	19
Mock_P10_2	20	357926	64
Mock_P10_2	20	357926	140
Mock_P10_2	20	357926	91
Mock_P10_2	20	357926	11
Mock_P10_2	20	357926	68
Mock_P10_2	20	357926	113
Mock_P10_2	20	357926	209
Mock_P10_2	20	357926	51
Mock_P10_2	20	357926	63
Mock_P10_2	20	357926	36
Mock_P10_2	20	357926	163
Mock_P10_2	20	357926	94
Mock_P10_2	20	357926	85
Mock_P10_2	20	357926	67
Mock_P10_2	20	357926	80
Mock_P10_2	20	357926	47
Mock_P10_2	20	357926	99
Mock_P10_2	20	357926	57
Mock_P10_2	20	357926	116
Mock_P10_2	20	357926	66
Mock_P10_2	20	357926	65
Mock_P10_2	20	357926	245
Mock_P10_2	20	357926	73
Mock_P10_2	20	357926	53
Mock_P10_2	20	357926	41
Mock_P10_2	20	357926	76
Mock_P10_2	20	357926	60
Mock_P10_2	20	357926	91
Mock_P10_2	20	357926	75
Mock_P10_2	20	357926	92
Mock_P10_2	20	357926	65
Mock_P10_2	20	357926	58
Mock_P10_2	20	357926	48
Mock_P10_2	20	357926	53
Mock_P10_2	20	357926	90
Mock_P10_2	20	357926	71
Mock_P10_2	20	357926	127
Mock_P10_2	20	357926	129
Mock_P10_2	20	357926	54
Mock_P10_2	20	357926	58
Mock_P10_2	20	357926	66
Mock_P10_2	20	357926	90
Mock_P10_2	20	357926	66
Mock_P10_2	20	357926	84
Mock_P10_2	20	357926	72
Mock_P10_2	20	357926	131
Mock_P10_2	20	357926	159
Mock_P10_2	20	357926	78
Mock_P10_2	20	357926	103
Mock_P10_2	20	357926	36
Mock_P10_2	20	357926	127
Mock_P10_2	20	357926	80
Mock_P10_2	20	357926	116
Mock_P10_2	20	357926	63
Mock_P10_2	20	357926	106
Mock_P10_2	20	357926	127
Mock_P10_2	20	357926	121
Mock_P10_2	20	357926	76
Mock_P10_2	20	357926	106
Mock_P10_2	20	357926	64
Mock_P10_2	20	357926	177
Mock_P10_2	20	357926	81
Mock_P10_2	20	357926	78
Mock_P10_2	20	357926	151
Mock_P10_2	20	357926	152
Mock_P10_2	20	357926	58
Mock_P10_2	20	357926	121
Mock_P10_2	20	357926	78
Mock_P10_2	20	357926	68
Mock_P10_2	20	357926	172
Mock_P10_2	20	357926	184
Mock_P10_2	20	357926	138
Mock_P10_2	20	357926	102
Mock_P10_2	20	357926	206
Mock_P10_2	20	357926	127
Mock_P10_2	20	357926	223
Mock_P10_2	20	357926	31
Mock_P10_2	20	357926	112
Mock_P10_2	20	357926	101
Mock_P10_2	20	357926	262
Mock_P10_2	20	357926	71
Mock_P10_2	20	357926	42
Mock_P10_2	20	357926	91
Mock_P10_2	20	357926	81
Mock_P10_2	21	282660	132
Mock_P10_2	21	282660	77
Mock_P10_2	21	282660	70
Mock_P10_2	21	282660	120
Mock_P10_2	21	282660	165
Mock_P10_2	21	282660	89
Mock_P10_2	21	282660	117
Mock_P10_2	21	282660	67
Mock_P10_2	21	282660	75
Mock_P10_2	21	282660	108
Mock_P10_2	21	282660	87
Mock_P10_2	21	282660	55
Mock_P10_2	21	282660	120
Mock_P10_2	21	282660	105
Mock_P10_2	21	282660	105
Mock_P10_2	21	282660	299
Mock_P10_2	21	282660	90
Mock_P10_2	21	282660	105
Mock_P10_2	21	282660	84
Mock_P10_2	21	282660	83
Mock_P10_2	21	282660	129
Mock_P10_2	21	282660	140
Mock_P10_2	21	282660	150
Mock_P10_2	21	282660	109
Mock_P10_2	21	282660	121
Mock_P10_2	21	282660	168
Mock_P10_2	21	282660	134
Mock_P10_2	21	282660	93
Mock_P10_2	21	282660	139
Mock_P10_2	21	282660	112
Mock_P10_2	21	282660	139
Mock_P10_2	21	282660	139
Mock_P10_2	21	282660	88
Mock_P10_2	21	282660	245
Mock_P10_2	21	282660	118
Mock_P10_2	21	282660	111
Mock_P10_2	21	282660	144
Mock_P10_2	21	282660	90
Mock_P10_2	21	282660	123
Mock_P10_2	21	282660	115
Mock_P10_2	21	282660	279
Mock_P10_2	21	282660	50
Mock_P10_2	21	282660	121
Mock_P10_2	21	282660	114
Mock_P10_2	21	282660	129
Mock_P10_2	21	282660	227
Mock_P10_2	21	282660	101
Mock_P10_2	21	282660	135
Mock_P10_2	21	282660	111
Mock_P10_2	21	282660	164
Mock_P10_2	21	282660	86
Mock_P10_2	21	282660	108
Mock_P10_2	21	282660	110
Mock_P10_2	21	282660	138
Mock_P10_2	21	282660	99
Mock_P10_2	21	282660	117
Mock_P10_2	21	282660	121
Mock_P10_2	21	282660	179
Mock_P10_2	21	282660	112
Mock_P10_2	21	282660	81
Mock_P10_2	21	282660	332
Mock_P10_2	21	282660	83
Mock_P10_2	21	282660	146
Mock_P10_2	21	282660	91
Mock_P10_2	21	282660	103
Mock_P10_2	21	282660	122
Mock_P10_2	21	282660	132
Mock_P10_2	21	282660	93
Mock_P10_2	21	282660	204
Mock_P10_2	21	282660	150
Mock_P10_2	21	282660	281
Mock_P10_2	21	282660	132
Mock_P10_2	21	282660	135
Mock_P10_2	21	282660	95
Mock_P10_2	21	282660	84
Mock_P10_2	21	282660	83
Mock_P10_2	21	282660	279
Mock_P10_2	21	282660	133
Mock_P10_2	21	282660	142
Mock_P10_2	21	282660	156
Mock_P10_2	21	282660	65
Mock_P10_2	21	282660	142
Mock_P10_2	22	345903	87
Mock_P10_2	22	345903	47
Mock_P10_2	22	345903	101
Mock_P10_2	22	345903	136
Mock_P10_2	22	345903	106
Mock_P10_2	22	345903	102
Mock_P10_2	22	345903	73
Mock_P10_2	22	345903	168
Mock_P10_2	22	345903	89
Mock_P10_2	22	345903	91
Mock_P10_2	22	345903	125
Mock_P10_2	22	345903	79
Mock_P10_2	22	345903	196
Mock_P10_2	22	345903	73
Mock_P10_2	22	345903	87
Mock_P10_2	22	345903	160
Mock_P10_2	22	345903	59
Mock_P10_2	22	345903	100
Mock_P10_2	22	345903	158
Mock_P10_2	22	345903	92
Mock_P10_2	22	345903	87
Mock_P10_2	22	345903	111
Mock_P10_2	22	345903	145
Mock_P10_2	22	345903	76
Mock_P10_2	22	345903	133
Mock_P10_2	22	345903	110
Mock_P10_2	22	345903	76
Mock_P10_2	22	345903	244
Mock_P10_2	22	345903	83
Mock_P10_2	22	345903	96
Mock_P10_2	22	345903	180
Mock_P10_2	22	345903	17
Mock_P10_2	22	345903	162
Mock_P10_2	22	345903	146
Mock_P10_2	22	345903	113
Mock_P10_2	22	345903	114
Mock_P10_2	22	345903	85
Mock_P10_2	22	345903	117
Mock_P10_2	22	345903	107
Mock_P10_2	22	345903	141
Mock_P10_2	22	345903	196
Mock_P10_2	22	345903	102
Mock_P10_2	22	345903	149
Mock_P10_2	22	345903	65
Mock_P10_2	22	345903	111
Mock_P10_2	22	345903	110
Mock_P10_2	22	345903	327
Mock_P10_2	22	345903	160
Mock_P10_2	22	345903	48
Mock_P10_2	22	345903	236
Mock_P10_2	22	345903	58
Mock_P10_2	22	345903	45
Mock_P10_2	22	345903	181
Mock_P10_2	22	345903	82
Mock_P10_2	22	345903	140
Mock_P10_2	22	345903	31
Mock_P10_2	22	345903	149
Mock_P10_2	22	345903	99
Mock_P10_2	22	345903	103
Mock_P10_2	22	345903	140
Mock_P10_2	22	345903	184
Mock_P10_2	22	345903	108
Mock_P10_2	22	345903	137
Mock_P10_2	22	345903	324
Mock_P10_2	22	345903	137
Mock_P10_2	22	345903	120
Mock_P10_2	22	345903	159
Mock_P10_2	22	345903	103
Mock_P10_2	22	345903	175
Mock_P10_2	22	345903	106
Mock_P10_2	22	345903	231
Mock_P10_2	22	345903	281
Mock_P10_2	22	345903	91
Mock_P10_2	22	345903	220
Mock_P10_2	22	345903	99
Mock_P10_2	22	345903	455
Mock_P10_2	22	345903	140
Mock_P10_2	22	345903	42
Mock_P10_2	22	345903	101
Mock_P10_2	22	345903	72
Mock_P10_2	22	345903	135
Mock_P10_2	22	345903	115
Mock_P10_2	22	345903	227
Mock_P10_2	22	345903	1301
Mock_P10_2	22	345903	106
Mock_P10_2	22	345903	80
Mock_P10_2	22	345903	118
Mock_P10_2	22	345903	169
Mock_P10_2	22	345903	229
Mock_P10_2	22	345903	168
Mock_P10_2	22	345903	195
Mock_P10_2	22	345903	192
Mock_P10_2	22	345903	220
Mock_P10_2	22	345903	94
Mock_P10_2	22	345903	194
Mock_P10_2	22	345903	125
Mock_P10_2	22	345903	111
Mock_P10_2	22	345903	71
Mock_P10_2	22	345903	180
Mock_P10_2	22	345903	93
Mock_P10_2	22	345903	70
Mock_P10_2	22	345903	131
Mock_P10_2	22	345903	123
Mock_P10_2	22	345903	267
Mock_P10_2	22	345903	154
Mock_P10_2	22	345903	262
Mock_P10_2	22	345903	465
Mock_P10_2	22	345903	81
Mock_P10_2	22	345903	117
Mock_P10_2	22	345903	47
Mock_P10_2	23	345107	12
Mock_P10_2	23	345107	103
Mock_P10_2	23	345107	98
Mock_P10_2	23	345107	56
Mock_P10_2	23	345107	55
Mock_P10_2	23	345107	112
Mock_P10_2	23	345107	78
Mock_P10_2	23	345107	83
Mock_P10_2	23	345107	60
Mock_P10_2	23	345107	106
Mock_P10_2	23	345107	149
Mock_P10_2	23	345107	138
Mock_P10_2	23	345107	95
Mock_P10_2	23	345107	149
Mock_P10_2	23	345107	91
Mock_P10_2	23	345107	97
Mock_P10_2	23	345107	148
Mock_P10_2	23	345107	116
Mock_P10_2	23	345107	36
Mock_P10_2	23	345107	100
Mock_P10_2	23	345107	104
Mock_P10_2	23	345107	81
Mock_P10_2	23	345107	106
Mock_P10_2	23	345107	104
Mock_P10_2	23	345107	38
Mock_P10_2	23	345107	61
Mock_P10_2	23	345107	12
Mock_P10_2	23	345107	67
Mock_P10_2	23	345107	116
Mock_P10_2	23	345107	124
Mock_P10_2	23	345107	95
Mock_P10_2	23	345107	170
Mock_P10_2	23	345107	74
Mock_P10_2	23	345107	90
Mock_P10_2	23	345107	25
Mock_P10_2	23	345107	140
Mock_P10_2	23	345107	64
Mock_P10_2	23	345107	83
Mock_P10_2	23	345107	110
Mock_P10_2	23	345107	77
Mock_P10_2	23	345107	110
Mock_P10_2	23	345107	97
Mock_P10_2	23	345107	103
Mock_P10_2	23	345107	85
Mock_P10_2	23	345107	85
Mock_P10_2	23	345107	456
Mock_P10_2	23	345107	147
Mock_P10_2	23	345107	98
Mock_P10_2	23	345107	59
Mock_P10_2	23	345107	59
Mock_P10_2	23	345107	39
Mock_P10_2	23	345107	129
Mock_P10_2	23	345107	126
Mock_P10_2	23	345107	176
Mock_P10_2	23	345107	164
Mock_P10_2	23	345107	235
Mock_P10_2	23	345107	45
Mock_P10_2	23	345107	214
Mock_P10_2	23	345107	102
Mock_P10_2	23	345107	233
Mock_P10_2	23	345107	116
Mock_P10_2	23	345107	112
Mock_P10_2	23	345107	115
Mock_P10_2	23	345107	244
Mock_P10_2	23	345107	175
Mock_P10_2	23	345107	217
Mock_P10_2	23	345107	87
Mock_P10_2	23	345107	206
Mock_P10_2	23	345107	28
Mock_P10_2	23	345107	104
Mock_P10_2	23	345107	65
Mock_P10_2	23	345107	139
Mock_P10_2	23	345107	109
Mock_P10_2	23	345107	164
Mock_P10_2	23	345107	94
Mock_P10_2	23	345107	152
Mock_P10_2	23	345107	71
Mock_P10_2	23	345107	179
Mock_P10_2	23	345107	72
Mock_P10_2	23	345107	95
Mock_P10_2	23	345107	226
Mock_P10_2	23	345107	144
Mock_P10_2	23	345107	323
Mock_P10_2	23	345107	209
Mock_P10_2	23	345107	133
Mock_P10_2	23	345107	156
Mock_P10_2	23	345107	107
Mock_P10_2	23	345107	199
Mock_P10_2	23	345107	133
Mock_P10_2	23	345107	73
Mock_P10_2	23	345107	148
Mock_P10_2	23	345107	62
Mock_P10_2	23	345107	95
Mock_P10_2	23	345107	88
Mock_P10_2	23	345107	109
Mock_P10_2	23	345107	105
Mock_P10_2	23	345107	147
Mock_P10_2	23	345107	147
Mock_P10_2	23	345107	115
Mock_P10_2	23	345107	98
Mock_P10_2	23	345107	138
Mock_P10_2	23	345107	108
Mock_P10_2	23	345107	115
Mock_P10_2	23	345107	78
Mock_P10_2	23	345107	147
Mock_P10_2	23	345107	133
Mock_P10_2	23	345107	140
Mock_P10_2	23	345107	124
Mock_P10_2	23	345107	232
Mock_P10_2	23	345107	186
Mock_P10_2	23	345107	122
Mock_P10_2	23	345107	143
Mock_P10_2	23	345107	112
Mock_P10_2	23	345107	163
Mock_P10_2	23	345107	80
Mock_P10_2	23	345107	123
Mock_P10_2	23	345107	94
Mock_P10_2	23	345107	185
Mock_P10_2	23	345107	62
Mock_P10_2	23	345107	113
Mock_P10_2	23	345107	129
Mock_P10_2	23	345107	117
Mock_P10_2	23	345107	199
Mock_P10_2	23	345107	104
Mock_P10_2	23	345107	106
Mock_P10_2	23	345107	120
Mock_P10_2	23	345107	148
Mock_P10_2	23	345107	94
Mock_P10_2	23	345107	181
Mock_P10_2	23	345107	136
Mock_P10_2	23	345107	103
Mock_P10_2	23	345107	68
Mock_P10_2	23	345107	132
Mock_P10_2	23	345107	73
Mock_P10_2	23	345107	81
Mock_P10_2	23	345107	83
Mock_P10_2	23	345107	91
Mock_P10_2	23	345107	146
Mock_P10_2	23	345107	62
Mock_P10_2	23	345107	218
Mock_P10_2	23	345107	110
Mock_P10_2	23	345107	175
Mock_P10_2	23	345107	164
Mock_P10_2	23	345107	132
Mock_P10_2	23	345107	131
Mock_P10_2	23	345107	149
Mock_P10_2	23	345107	93
Mock_P10_2	23	345107	166
Mock_P10_2	23	345107	388
Mock_P10_2	23	345107	133
Mock_P10_2	23	345107	137
Mock_P10_2	23	345107	24
Mock_P10_2	23	345107	11
Mock_P10_2	23	345107	601
Mock_P10_2	23	345107	182
Mock_P10_2	24	270714	94
Mock_P10_2	24	270714	94
Mock_P10_2	24	270714	206
Mock_P10_2	24	270714	144
Mock_P10_2	24	270714	84
Mock_P10_2	24	270714	105
Mock_P10_2	24	270714	101
Mock_P10_2	24	270714	80
Mock_P10_2	24	270714	40
Mock_P10_2	24	270714	96
Mock_P10_2	24	270714	61
Mock_P10_2	24	270714	193
Mock_P10_2	24	270714	216
Mock_P10_2	24	270714	121
Mock_P10_2	24	270714	224
Mock_P10_2	24	270714	155
Mock_P10_2	24	270714	113
Mock_P10_2	24	270714	131
Mock_P10_2	24	270714	122
Mock_P10_2	24	270714	155
Mock_P10_2	24	270714	47
Mock_P10_2	24	270714	107
Mock_P10_2	24	270714	135
Mock_P10_2	24	270714	115
Mock_P10_2	24	270714	129
Mock_P10_2	24	270714	76
Mock_P10_2	24	270714	82
Mock_P10_2	24	270714	171
Mock_P10_2	24	270714	135
Mock_P10_2	24	270714	126
Mock_P10_2	24	270714	72
Mock_P10_2	24	270714	103
Mock_P10_2	24	270714	49
Mock_P10_2	24	270714	135
Mock_P10_2	24	270714	59
Mock_P10_2	24	270714	73
Mock_P10_2	24	270714	82
Mock_P10_2	24	270714	201
Mock_P10_2	24	270714	77
Mock_P10_2	24	270714	102
Mock_P10_2	24	270714	90
Mock_P10_2	24	270714	113
Mock_P10_2	24	270714	82
Mock_P10_2	24	270714	71
Mock_P10_2	24	270714	135
Mock_P10_2	24	270714	158
Mock_P10_2	24	270714	107
Mock_P10_2	24	270714	15
Mock_P10_2	24	270714	86
Mock_P10_2	24	270714	77
Mock_P10_2	24	270714	149
Mock_P10_2	24	270714	223
Mock_P10_2	24	270714	138
Mock_P10_2	24	270714	12
Mock_P10_2	24	270714	179
Mock_P10_2	24	270714	54
Mock_P10_2	24	270714	150
Mock_P10_2	24	270714	69
Mock_P10_2	24	270714	160
Mock_P10_2	24	270714	90
Mock_P10_2	24	270714	107
Mock_P10_2	24	270714	152
Mock_P10_2	24	270714	109
Mock_P10_2	24	270714	172
Mock_P10_2	24	270714	108
Mock_P10_2	24	270714	140
Mock_P10_2	24	270714	36
Mock_P10_2	24	270714	336
Mock_P10_2	24	270714	138
Mock_P10_2	24	270714	108
Mock_P10_2	24	270714	58
Mock_P10_2	24	270714	200
Mock_P10_2	24	270714	101
Mock_P10_2	24	270714	303
Mock_P10_2	24	270714	96
Mock_P10_2	24	270714	211
Mock_P10_2	24	270714	125
Mock_P10_2	24	270714	142
Mock_P10_2	24	270714	117
Mock_P10_2	24	270714	52
Mock_P10_2	24	270714	138
Mock_P10_2	24	270714	110
Mock_P10_2	24	270714	125
Mock_P10_2	24	270714	310
Mock_P10_2	24	270714	118
Mock_P10_2	24	270714	97
Mock_P10_2	24	270714	101
Mock_P10_2	24	270714	83
Mock_P10_2	24	270714	147
Mock_P10_2	24	270714	75
Mock_P10_2	24	270714	127
Mock_P10_2	24	270714	310
Mock_P10_2	24	270714	71
Mock_P10_2	24	270714	142
Mock_P10_2	24	270714	194
Mock_P10_2	24	270714	168
Mock_P10_2	24	270714	89
Mock_P10_2	24	270714	111
Mock_P10_2	24	270714	116
Mock_P10_2	24	270714	210
Mock_P10_2	24	270714	154
Mock_P10_2	24	270714	98
Mock_P10_2	24	270714	164
Mock_P10_2	24	270714	110
Mock_P10_2	24	270714	92
Mock_P10_2	24	270714	124
Mock_P10_2	24	270714	110
Mock_P10_2	24	270714	183
Mock_P10_2	24	270714	99
Mock_P10_2	24	270714	116
Mock_P10_2	24	270714	113
