fichier	leaf	surfaceLeaf	surfaceLesion
Mock_P11_2	1	264328	163
Mock_P11_2	1	264328	155
Mock_P11_2	1	264328	129
Mock_P11_2	1	264328	136
Mock_P11_2	1	264328	138
Mock_P11_2	1	264328	131
Mock_P11_2	1	264328	38
Mock_P11_2	1	264328	147
Mock_P11_2	1	264328	81
Mock_P11_2	1	264328	119
Mock_P11_2	1	264328	170
Mock_P11_2	1	264328	117
Mock_P11_2	1	264328	55
Mock_P11_2	1	264328	122
Mock_P11_2	1	264328	44
Mock_P11_2	1	264328	92
Mock_P11_2	1	264328	72
Mock_P11_2	1	264328	183
Mock_P11_2	1	264328	131
Mock_P11_2	1	264328	78
Mock_P11_2	1	264328	78
Mock_P11_2	1	264328	52
Mock_P11_2	1	264328	42
Mock_P11_2	1	264328	118
Mock_P11_2	1	264328	113
Mock_P11_2	1	264328	21
Mock_P11_2	1	264328	22
Mock_P11_2	1	264328	83
Mock_P11_2	1	264328	94
Mock_P11_2	1	264328	32
Mock_P11_2	1	264328	118
Mock_P11_2	1	264328	32
Mock_P11_2	1	264328	51
Mock_P11_2	1	264328	108
Mock_P11_2	1	264328	48
Mock_P11_2	1	264328	118
Mock_P11_2	1	264328	87
Mock_P11_2	1	264328	105
Mock_P11_2	1	264328	27
Mock_P11_2	1	264328	162
Mock_P11_2	1	264328	165
Mock_P11_2	1	264328	76
Mock_P11_2	1	264328	92
Mock_P11_2	1	264328	85
Mock_P11_2	1	264328	70
Mock_P11_2	1	264328	118
Mock_P11_2	1	264328	149
Mock_P11_2	1	264328	94
Mock_P11_2	1	264328	48
Mock_P11_2	1	264328	122
Mock_P11_2	1	264328	113
Mock_P11_2	1	264328	95
Mock_P11_2	1	264328	126
Mock_P11_2	1	264328	109
Mock_P11_2	1	264328	81
Mock_P11_2	1	264328	95
Mock_P11_2	1	264328	141
Mock_P11_2	2	222838	103
Mock_P11_2	2	222838	66
Mock_P11_2	2	222838	119
Mock_P11_2	2	222838	203
Mock_P11_2	2	222838	91
Mock_P11_2	2	222838	48
Mock_P11_2	2	222838	75
Mock_P11_2	2	222838	89
Mock_P11_2	2	222838	47
Mock_P11_2	2	222838	59
Mock_P11_2	2	222838	52
Mock_P11_2	2	222838	63
Mock_P11_2	2	222838	83
Mock_P11_2	2	222838	182
Mock_P11_2	2	222838	66
Mock_P11_2	2	222838	72
Mock_P11_2	2	222838	213
Mock_P11_2	2	222838	58
Mock_P11_2	2	222838	118
Mock_P11_2	2	222838	116
Mock_P11_2	2	222838	54
Mock_P11_2	2	222838	175
Mock_P11_2	2	222838	138
Mock_P11_2	2	222838	158
Mock_P11_2	2	222838	135
Mock_P11_2	2	222838	229
Mock_P11_2	2	222838	25
Mock_P11_2	2	222838	96
Mock_P11_2	2	222838	302
Mock_P11_2	2	222838	107
Mock_P11_2	2	222838	62
Mock_P11_2	2	222838	169
Mock_P11_2	2	222838	158
Mock_P11_2	2	222838	77
Mock_P11_2	2	222838	41
Mock_P11_2	2	222838	134
Mock_P11_2	2	222838	109
Mock_P11_2	2	222838	150
Mock_P11_2	2	222838	72
Mock_P11_2	2	222838	101
Mock_P11_2	2	222838	92
Mock_P11_2	2	222838	132
Mock_P11_2	2	222838	55
Mock_P11_2	2	222838	89
Mock_P11_2	2	222838	102
Mock_P11_2	3	281541	139
Mock_P11_2	3	281541	119
Mock_P11_2	3	281541	136
Mock_P11_2	3	281541	154
Mock_P11_2	3	281541	110
Mock_P11_2	3	281541	188
Mock_P11_2	3	281541	131
Mock_P11_2	3	281541	66
Mock_P11_2	3	281541	264
Mock_P11_2	3	281541	212
Mock_P11_2	3	281541	104
Mock_P11_2	3	281541	137
Mock_P11_2	3	281541	108
Mock_P11_2	3	281541	163
Mock_P11_2	3	281541	89
Mock_P11_2	3	281541	84
Mock_P11_2	3	281541	92
Mock_P11_2	3	281541	107
Mock_P11_2	3	281541	143
Mock_P11_2	3	281541	109
Mock_P11_2	3	281541	91
Mock_P11_2	3	281541	132
Mock_P11_2	3	281541	109
Mock_P11_2	3	281541	134
Mock_P11_2	3	281541	139
Mock_P11_2	3	281541	101
Mock_P11_2	3	281541	117
Mock_P11_2	3	281541	106
Mock_P11_2	3	281541	297
Mock_P11_2	3	281541	124
Mock_P11_2	3	281541	153
Mock_P11_2	3	281541	118
Mock_P11_2	3	281541	105
Mock_P11_2	3	281541	129
Mock_P11_2	3	281541	152
Mock_P11_2	3	281541	26
Mock_P11_2	3	281541	135
Mock_P11_2	3	281541	76
Mock_P11_2	3	281541	145
Mock_P11_2	3	281541	128
Mock_P11_2	3	281541	98
Mock_P11_2	3	281541	53
Mock_P11_2	3	281541	39
Mock_P11_2	3	281541	154
Mock_P11_2	3	281541	107
Mock_P11_2	3	281541	81
Mock_P11_2	3	281541	119
Mock_P11_2	3	281541	70
Mock_P11_2	3	281541	255
Mock_P11_2	3	281541	88
Mock_P11_2	3	281541	140
Mock_P11_2	3	281541	92
Mock_P11_2	3	281541	29
Mock_P11_2	3	281541	81
Mock_P11_2	3	281541	85
Mock_P11_2	3	281541	80
Mock_P11_2	3	281541	173
Mock_P11_2	3	281541	233
Mock_P11_2	3	281541	33
Mock_P11_2	3	281541	64
Mock_P11_2	3	281541	102
Mock_P11_2	3	281541	70
Mock_P11_2	3	281541	240
Mock_P11_2	3	281541	119
Mock_P11_2	3	281541	24
Mock_P11_2	3	281541	152
Mock_P11_2	3	281541	160
Mock_P11_2	3	281541	102
Mock_P11_2	3	281541	153
Mock_P11_2	3	281541	77
Mock_P11_2	3	281541	64
Mock_P11_2	3	281541	61
Mock_P11_2	3	281541	147
Mock_P11_2	3	281541	70
Mock_P11_2	4	268145	141
Mock_P11_2	4	268145	117
Mock_P11_2	4	268145	172
Mock_P11_2	4	268145	273
Mock_P11_2	4	268145	132
Mock_P11_2	4	268145	167
Mock_P11_2	4	268145	171
Mock_P11_2	4	268145	163
Mock_P11_2	4	268145	236
Mock_P11_2	4	268145	98
Mock_P11_2	4	268145	195
Mock_P11_2	4	268145	136
Mock_P11_2	4	268145	407
Mock_P11_2	4	268145	156
Mock_P11_2	4	268145	242
Mock_P11_2	4	268145	129
Mock_P11_2	4	268145	166
Mock_P11_2	4	268145	98
Mock_P11_2	4	268145	133
Mock_P11_2	4	268145	79
Mock_P11_2	4	268145	83
Mock_P11_2	4	268145	132
Mock_P11_2	4	268145	128
Mock_P11_2	4	268145	128
Mock_P11_2	4	268145	145
Mock_P11_2	4	268145	105
Mock_P11_2	4	268145	153
Mock_P11_2	4	268145	148
Mock_P11_2	4	268145	136
Mock_P11_2	4	268145	519
Mock_P11_2	4	268145	138
Mock_P11_2	4	268145	87
Mock_P11_2	4	268145	164
Mock_P11_2	4	268145	151
Mock_P11_2	4	268145	150
Mock_P11_2	4	268145	128
Mock_P11_2	4	268145	151
Mock_P11_2	4	268145	177
Mock_P11_2	4	268145	195
Mock_P11_2	4	268145	158
Mock_P11_2	4	268145	174
Mock_P11_2	4	268145	151
Mock_P11_2	4	268145	145
Mock_P11_2	4	268145	259
Mock_P11_2	4	268145	139
Mock_P11_2	4	268145	83
Mock_P11_2	4	268145	236
Mock_P11_2	4	268145	147
Mock_P11_2	4	268145	177
Mock_P11_2	4	268145	121
Mock_P11_2	4	268145	126
Mock_P11_2	4	268145	193
Mock_P11_2	4	268145	149
Mock_P11_2	4	268145	115
Mock_P11_2	4	268145	162
Mock_P11_2	4	268145	90
Mock_P11_2	4	268145	129
Mock_P11_2	4	268145	63
Mock_P11_2	4	268145	54
Mock_P11_2	4	268145	27
Mock_P11_2	4	268145	150
Mock_P11_2	4	268145	234
Mock_P11_2	4	268145	159
Mock_P11_2	4	268145	220
Mock_P11_2	4	268145	96
Mock_P11_2	4	268145	148
Mock_P11_2	4	268145	56
Mock_P11_2	4	268145	141
Mock_P11_2	4	268145	91
Mock_P11_2	4	268145	107
Mock_P11_2	4	268145	98
Mock_P11_2	4	268145	159
Mock_P11_2	4	268145	110
Mock_P11_2	4	268145	135
Mock_P11_2	4	268145	161
Mock_P11_2	4	268145	181
Mock_P11_2	4	268145	256
Mock_P11_2	4	268145	169
Mock_P11_2	4	268145	137
Mock_P11_2	4	268145	142
Mock_P11_2	4	268145	189
Mock_P11_2	4	268145	16
Mock_P11_2	4	268145	79
Mock_P11_2	4	268145	93
Mock_P11_2	5	242279	283
Mock_P11_2	5	242279	137
Mock_P11_2	5	242279	230
Mock_P11_2	5	242279	79
Mock_P11_2	5	242279	219
Mock_P11_2	5	242279	143
Mock_P11_2	5	242279	175
Mock_P11_2	5	242279	135
Mock_P11_2	5	242279	134
Mock_P11_2	5	242279	176
Mock_P11_2	5	242279	312
Mock_P11_2	5	242279	163
Mock_P11_2	5	242279	188
Mock_P11_2	5	242279	67
Mock_P11_2	5	242279	137
Mock_P11_2	5	242279	208
Mock_P11_2	5	242279	153
Mock_P11_2	5	242279	113
Mock_P11_2	5	242279	203
Mock_P11_2	5	242279	107
Mock_P11_2	5	242279	175
Mock_P11_2	5	242279	82
Mock_P11_2	5	242279	146
Mock_P11_2	5	242279	75
Mock_P11_2	5	242279	109
Mock_P11_2	5	242279	177
Mock_P11_2	5	242279	224
Mock_P11_2	5	242279	202
Mock_P11_2	5	242279	72
Mock_P11_2	5	242279	260
Mock_P11_2	5	242279	130
Mock_P11_2	5	242279	188
Mock_P11_2	5	242279	168
Mock_P11_2	5	242279	198
Mock_P11_2	5	242279	114
Mock_P11_2	5	242279	139
Mock_P11_2	5	242279	221
Mock_P11_2	5	242279	159
Mock_P11_2	5	242279	117
Mock_P11_2	5	242279	137
Mock_P11_2	5	242279	115
Mock_P11_2	5	242279	85
Mock_P11_2	5	242279	138
Mock_P11_2	5	242279	110
Mock_P11_2	5	242279	145
Mock_P11_2	5	242279	175
Mock_P11_2	5	242279	132
Mock_P11_2	5	242279	204
Mock_P11_2	5	242279	213
Mock_P11_2	5	242279	90
Mock_P11_2	5	242279	266
Mock_P11_2	5	242279	83
Mock_P11_2	5	242279	122
Mock_P11_2	5	242279	214
Mock_P11_2	5	242279	135
Mock_P11_2	5	242279	322
Mock_P11_2	5	242279	178
Mock_P11_2	5	242279	196
Mock_P11_2	5	242279	181
Mock_P11_2	5	242279	145
Mock_P11_2	5	242279	160
Mock_P11_2	5	242279	99
Mock_P11_2	5	242279	79
Mock_P11_2	5	242279	89
Mock_P11_2	5	242279	246
Mock_P11_2	5	242279	113
Mock_P11_2	5	242279	120
Mock_P11_2	5	242279	197
Mock_P11_2	5	242279	137
Mock_P11_2	5	242279	222
Mock_P11_2	5	242279	162
Mock_P11_2	5	242279	124
Mock_P11_2	5	242279	159
Mock_P11_2	5	242279	143
Mock_P11_2	5	242279	216
Mock_P11_2	5	242279	156
Mock_P11_2	5	242279	130
Mock_P11_2	5	242279	126
Mock_P11_2	5	242279	95
Mock_P11_2	5	242279	86
Mock_P11_2	5	242279	105
Mock_P11_2	5	242279	148
Mock_P11_2	5	242279	152
Mock_P11_2	5	242279	205
Mock_P11_2	5	242279	56
Mock_P11_2	6	267068	101
Mock_P11_2	6	267068	105
Mock_P11_2	6	267068	99
Mock_P11_2	6	267068	234
Mock_P11_2	6	267068	81
Mock_P11_2	6	267068	147
Mock_P11_2	6	267068	156
Mock_P11_2	6	267068	162
Mock_P11_2	6	267068	172
Mock_P11_2	6	267068	294
Mock_P11_2	6	267068	112
Mock_P11_2	6	267068	315
Mock_P11_2	6	267068	85
Mock_P11_2	6	267068	160
Mock_P11_2	6	267068	165
Mock_P11_2	6	267068	127
Mock_P11_2	6	267068	155
Mock_P11_2	6	267068	336
Mock_P11_2	6	267068	170
Mock_P11_2	6	267068	110
Mock_P11_2	6	267068	102
Mock_P11_2	6	267068	134
Mock_P11_2	6	267068	118
Mock_P11_2	6	267068	139
Mock_P11_2	6	267068	128
Mock_P11_2	6	267068	155
Mock_P11_2	6	267068	118
Mock_P11_2	6	267068	97
Mock_P11_2	6	267068	28
Mock_P11_2	6	267068	262
Mock_P11_2	6	267068	93
Mock_P11_2	6	267068	89
Mock_P11_2	6	267068	169
Mock_P11_2	6	267068	133
Mock_P11_2	6	267068	141
Mock_P11_2	6	267068	21
Mock_P11_2	6	267068	139
Mock_P11_2	6	267068	101
Mock_P11_2	6	267068	247
Mock_P11_2	6	267068	72
Mock_P11_2	6	267068	92
Mock_P11_2	6	267068	217
Mock_P11_2	6	267068	134
Mock_P11_2	6	267068	222
Mock_P11_2	6	267068	127
Mock_P11_2	6	267068	90
Mock_P11_2	6	267068	79
Mock_P11_2	6	267068	210
Mock_P11_2	6	267068	39
Mock_P11_2	6	267068	98
Mock_P11_2	6	267068	117
Mock_P11_2	6	267068	108
Mock_P11_2	6	267068	85
Mock_P11_2	6	267068	96
Mock_P11_2	6	267068	38
Mock_P11_2	6	267068	82
Mock_P11_2	6	267068	82
Mock_P11_2	6	267068	301
Mock_P11_2	6	267068	143
Mock_P11_2	6	267068	155
Mock_P11_2	6	267068	177
Mock_P11_2	6	267068	123
Mock_P11_2	6	267068	142
Mock_P11_2	6	267068	122
Mock_P11_2	6	267068	136
Mock_P11_2	6	267068	240
Mock_P11_2	6	267068	21
Mock_P11_2	6	267068	105
Mock_P11_2	6	267068	101
Mock_P11_2	6	267068	125
Mock_P11_2	6	267068	116
Mock_P11_2	6	267068	269
Mock_P11_2	6	267068	128
Mock_P11_2	6	267068	149
Mock_P11_2	6	267068	111
Mock_P11_2	6	267068	232
Mock_P11_2	6	267068	117
Mock_P11_2	6	267068	207
Mock_P11_2	6	267068	109
Mock_P11_2	6	267068	134
Mock_P11_2	6	267068	150
Mock_P11_2	6	267068	91
Mock_P11_2	6	267068	266
Mock_P11_2	6	267068	140
Mock_P11_2	6	267068	129
Mock_P11_2	6	267068	160
Mock_P11_2	6	267068	129
Mock_P11_2	6	267068	141
Mock_P11_2	6	267068	87
Mock_P11_2	6	267068	138
Mock_P11_2	6	267068	112
Mock_P11_2	6	267068	129
Mock_P11_2	6	267068	145
Mock_P11_2	6	267068	98
Mock_P11_2	6	267068	81
Mock_P11_2	6	267068	77
Mock_P11_2	6	267068	195
Mock_P11_2	6	267068	114
Mock_P11_2	6	267068	90
Mock_P11_2	6	267068	104
Mock_P11_2	6	267068	119
Mock_P11_2	6	267068	149
Mock_P11_2	6	267068	146
Mock_P11_2	6	267068	67
Mock_P11_2	7	252134	148
Mock_P11_2	7	252134	141
Mock_P11_2	7	252134	118
Mock_P11_2	7	252134	267
Mock_P11_2	7	252134	22
Mock_P11_2	7	252134	114
Mock_P11_2	7	252134	290
Mock_P11_2	7	252134	124
Mock_P11_2	7	252134	108
Mock_P11_2	7	252134	181
Mock_P11_2	7	252134	142
Mock_P11_2	7	252134	49
Mock_P11_2	7	252134	144
Mock_P11_2	7	252134	124
Mock_P11_2	7	252134	188
Mock_P11_2	7	252134	164
Mock_P11_2	7	252134	95
Mock_P11_2	7	252134	127
Mock_P11_2	7	252134	169
Mock_P11_2	7	252134	430
Mock_P11_2	7	252134	124
Mock_P11_2	7	252134	266
Mock_P11_2	7	252134	98
Mock_P11_2	7	252134	217
Mock_P11_2	7	252134	92
Mock_P11_2	7	252134	219
Mock_P11_2	7	252134	44
Mock_P11_2	7	252134	179
Mock_P11_2	7	252134	84
Mock_P11_2	7	252134	116
Mock_P11_2	7	252134	162
Mock_P11_2	7	252134	207
Mock_P11_2	7	252134	137
Mock_P11_2	7	252134	154
Mock_P11_2	7	252134	135
Mock_P11_2	7	252134	180
Mock_P11_2	7	252134	289
Mock_P11_2	7	252134	175
Mock_P11_2	7	252134	156
Mock_P11_2	7	252134	175
Mock_P11_2	7	252134	169
Mock_P11_2	7	252134	260
Mock_P11_2	7	252134	206
Mock_P11_2	7	252134	260
Mock_P11_2	7	252134	115
Mock_P11_2	7	252134	152
Mock_P11_2	7	252134	152
Mock_P11_2	7	252134	125
Mock_P11_2	7	252134	156
Mock_P11_2	7	252134	158
Mock_P11_2	7	252134	191
Mock_P11_2	7	252134	122
Mock_P11_2	7	252134	165
Mock_P11_2	7	252134	138
Mock_P11_2	7	252134	366
Mock_P11_2	7	252134	199
Mock_P11_2	7	252134	91
Mock_P11_2	7	252134	193
Mock_P11_2	7	252134	140
Mock_P11_2	7	252134	407
Mock_P11_2	7	252134	327
Mock_P11_2	7	252134	468
Mock_P11_2	7	252134	77
Mock_P11_2	7	252134	54
Mock_P11_2	7	252134	181
Mock_P11_2	7	252134	316
Mock_P11_2	7	252134	380
Mock_P11_2	7	252134	11
Mock_P11_2	7	252134	137
Mock_P11_2	7	252134	164
Mock_P11_2	7	252134	112
Mock_P11_2	7	252134	182
Mock_P11_2	7	252134	139
Mock_P11_2	7	252134	125
Mock_P11_2	7	252134	124
Mock_P11_2	7	252134	120
Mock_P11_2	7	252134	170
Mock_P11_2	7	252134	110
Mock_P11_2	7	252134	97
Mock_P11_2	7	252134	167
Mock_P11_2	7	252134	223
Mock_P11_2	7	252134	158
Mock_P11_2	7	252134	549
Mock_P11_2	7	252134	154
Mock_P11_2	7	252134	389
Mock_P11_2	7	252134	128
Mock_P11_2	7	252134	295
Mock_P11_2	7	252134	161
Mock_P11_2	7	252134	85
Mock_P11_2	7	252134	419
Mock_P11_2	7	252134	180
Mock_P11_2	7	252134	187
Mock_P11_2	7	252134	132
Mock_P11_2	7	252134	139
Mock_P11_2	7	252134	137
Mock_P11_2	7	252134	189
Mock_P11_2	7	252134	91
Mock_P11_2	7	252134	217
Mock_P11_2	7	252134	141
Mock_P11_2	8	287783	210
Mock_P11_2	8	287783	105
Mock_P11_2	8	287783	34
Mock_P11_2	8	287783	230
Mock_P11_2	8	287783	137
Mock_P11_2	8	287783	275
Mock_P11_2	8	287783	105
Mock_P11_2	8	287783	124
Mock_P11_2	8	287783	199
Mock_P11_2	8	287783	248
Mock_P11_2	8	287783	359
Mock_P11_2	8	287783	103
Mock_P11_2	8	287783	79
Mock_P11_2	8	287783	60
Mock_P11_2	8	287783	235
Mock_P11_2	8	287783	254
Mock_P11_2	8	287783	90
Mock_P11_2	8	287783	134
Mock_P11_2	8	287783	212
Mock_P11_2	8	287783	309
Mock_P11_2	8	287783	179
Mock_P11_2	8	287783	73
Mock_P11_2	8	287783	151
Mock_P11_2	8	287783	217
Mock_P11_2	8	287783	123
Mock_P11_2	8	287783	144
Mock_P11_2	8	287783	83
Mock_P11_2	8	287783	71
Mock_P11_2	8	287783	63
Mock_P11_2	8	287783	49
Mock_P11_2	8	287783	158
Mock_P11_2	8	287783	213
Mock_P11_2	8	287783	202
Mock_P11_2	8	287783	32
Mock_P11_2	8	287783	81
Mock_P11_2	8	287783	89
Mock_P11_2	8	287783	107
Mock_P11_2	8	287783	108
Mock_P11_2	8	287783	148
Mock_P11_2	8	287783	80
Mock_P11_2	8	287783	172
Mock_P11_2	8	287783	36
Mock_P11_2	8	287783	119
Mock_P11_2	8	287783	85
Mock_P11_2	8	287783	214
Mock_P11_2	8	287783	69
Mock_P11_2	8	287783	117
Mock_P11_2	8	287783	109
Mock_P11_2	8	287783	12
Mock_P11_2	8	287783	148
Mock_P11_2	8	287783	133
Mock_P11_2	8	287783	109
Mock_P11_2	8	287783	106
Mock_P11_2	8	287783	225
Mock_P11_2	8	287783	213
Mock_P11_2	8	287783	155
Mock_P11_2	8	287783	489
Mock_P11_2	8	287783	134
Mock_P11_2	8	287783	105
Mock_P11_2	8	287783	130
Mock_P11_2	8	287783	134
Mock_P11_2	8	287783	185
Mock_P11_2	8	287783	379
Mock_P11_2	8	287783	137
Mock_P11_2	8	287783	79
Mock_P11_2	8	287783	193
Mock_P11_2	8	287783	238
Mock_P11_2	8	287783	144
Mock_P11_2	8	287783	176
Mock_P11_2	8	287783	156
Mock_P11_2	8	287783	203
Mock_P11_2	8	287783	120
Mock_P11_2	8	287783	168
Mock_P11_2	8	287783	124
Mock_P11_2	8	287783	211
Mock_P11_2	8	287783	174
Mock_P11_2	8	287783	192
Mock_P11_2	8	287783	173
Mock_P11_2	8	287783	167
Mock_P11_2	8	287783	74
Mock_P11_2	8	287783	172
Mock_P11_2	8	287783	909
Mock_P11_2	8	287783	218
Mock_P11_2	8	287783	175
Mock_P11_2	8	287783	121
Mock_P11_2	8	287783	101
Mock_P11_2	8	287783	326
Mock_P11_2	8	287783	155
Mock_P11_2	8	287783	117
Mock_P11_2	8	287783	191
Mock_P11_2	8	287783	171
Mock_P11_2	8	287783	295
Mock_P11_2	8	287783	111
Mock_P11_2	8	287783	350
Mock_P11_2	8	287783	192
Mock_P11_2	8	287783	139
Mock_P11_2	8	287783	108
Mock_P11_2	8	287783	188
Mock_P11_2	8	287783	158
Mock_P11_2	8	287783	349
Mock_P11_2	8	287783	260
Mock_P11_2	8	287783	215
Mock_P11_2	8	287783	152
Mock_P11_2	8	287783	147
Mock_P11_2	8	287783	230
Mock_P11_2	8	287783	157
Mock_P11_2	8	287783	158
Mock_P11_2	8	287783	152
Mock_P11_2	8	287783	192
Mock_P11_2	8	287783	134
Mock_P11_2	8	287783	271
Mock_P11_2	8	287783	177
Mock_P11_2	8	287783	136
Mock_P11_2	8	287783	137
Mock_P11_2	8	287783	162
Mock_P11_2	8	287783	153
Mock_P11_2	8	287783	200
Mock_P11_2	8	287783	164
Mock_P11_2	8	287783	52
Mock_P11_2	8	287783	20
Mock_P11_2	9	264096	147
Mock_P11_2	9	264096	181
Mock_P11_2	9	264096	202
Mock_P11_2	9	264096	234
Mock_P11_2	9	264096	123
Mock_P11_2	9	264096	115
Mock_P11_2	9	264096	164
Mock_P11_2	9	264096	224
Mock_P11_2	9	264096	112
Mock_P11_2	9	264096	117
Mock_P11_2	9	264096	149
Mock_P11_2	9	264096	176
Mock_P11_2	9	264096	136
Mock_P11_2	9	264096	61
Mock_P11_2	9	264096	59
Mock_P11_2	9	264096	259
Mock_P11_2	9	264096	53
Mock_P11_2	9	264096	265
Mock_P11_2	9	264096	132
Mock_P11_2	9	264096	145
Mock_P11_2	9	264096	57
Mock_P11_2	9	264096	175
Mock_P11_2	9	264096	179
Mock_P11_2	9	264096	125
Mock_P11_2	9	264096	140
Mock_P11_2	9	264096	225
Mock_P11_2	9	264096	137
Mock_P11_2	9	264096	206
Mock_P11_2	9	264096	163
Mock_P11_2	9	264096	173
Mock_P11_2	9	264096	177
Mock_P11_2	9	264096	240
Mock_P11_2	9	264096	58
Mock_P11_2	9	264096	137
Mock_P11_2	9	264096	386
Mock_P11_2	9	264096	178
Mock_P11_2	9	264096	133
Mock_P11_2	9	264096	115
Mock_P11_2	9	264096	210
Mock_P11_2	9	264096	116
Mock_P11_2	9	264096	175
Mock_P11_2	9	264096	135
Mock_P11_2	9	264096	119
Mock_P11_2	9	264096	138
Mock_P11_2	9	264096	200
Mock_P11_2	9	264096	189
Mock_P11_2	9	264096	145
Mock_P11_2	9	264096	135
Mock_P11_2	9	264096	245
Mock_P11_2	9	264096	174
Mock_P11_2	9	264096	270
Mock_P11_2	9	264096	305
Mock_P11_2	9	264096	135
Mock_P11_2	9	264096	147
Mock_P11_2	9	264096	103
Mock_P11_2	9	264096	339
Mock_P11_2	9	264096	60
Mock_P11_2	9	264096	90
Mock_P11_2	9	264096	156
Mock_P11_2	9	264096	102
Mock_P11_2	9	264096	100
Mock_P11_2	9	264096	125
Mock_P11_2	9	264096	127
Mock_P11_2	9	264096	119
Mock_P11_2	9	264096	315
Mock_P11_2	9	264096	94
Mock_P11_2	9	264096	223
Mock_P11_2	9	264096	369
Mock_P11_2	9	264096	81
Mock_P11_2	9	264096	192
Mock_P11_2	9	264096	84
Mock_P11_2	9	264096	513
Mock_P11_2	9	264096	150
Mock_P11_2	9	264096	68
Mock_P11_2	9	264096	154
Mock_P11_2	9	264096	144
Mock_P11_2	9	264096	338
Mock_P11_2	9	264096	165
Mock_P11_2	9	264096	129
Mock_P11_2	9	264096	181
Mock_P11_2	9	264096	210
Mock_P11_2	9	264096	180
Mock_P11_2	9	264096	126
Mock_P11_2	9	264096	137
Mock_P11_2	9	264096	161
Mock_P11_2	9	264096	341
Mock_P11_2	9	264096	122
Mock_P11_2	9	264096	87
Mock_P11_2	9	264096	80
Mock_P11_2	9	264096	117
Mock_P11_2	9	264096	110
Mock_P11_2	9	264096	205
Mock_P11_2	9	264096	39
Mock_P11_2	10	240724	63
Mock_P11_2	10	240724	157
Mock_P11_2	10	240724	135
Mock_P11_2	10	240724	116
Mock_P11_2	10	240724	165
Mock_P11_2	10	240724	92
Mock_P11_2	10	240724	77
Mock_P11_2	10	240724	200
Mock_P11_2	10	240724	146
Mock_P11_2	10	240724	98
Mock_P11_2	10	240724	133
Mock_P11_2	10	240724	174
Mock_P11_2	10	240724	108
Mock_P11_2	10	240724	128
Mock_P11_2	10	240724	182
Mock_P11_2	10	240724	138
Mock_P11_2	10	240724	104
Mock_P11_2	10	240724	131
Mock_P11_2	10	240724	176
Mock_P11_2	10	240724	155
Mock_P11_2	10	240724	151
Mock_P11_2	10	240724	245
Mock_P11_2	10	240724	301
Mock_P11_2	10	240724	150
Mock_P11_2	10	240724	118
Mock_P11_2	10	240724	166
Mock_P11_2	10	240724	128
Mock_P11_2	10	240724	85
Mock_P11_2	10	240724	113
Mock_P11_2	10	240724	140
Mock_P11_2	10	240724	92
Mock_P11_2	10	240724	234
Mock_P11_2	10	240724	152
Mock_P11_2	10	240724	140
Mock_P11_2	10	240724	308
Mock_P11_2	10	240724	188
Mock_P11_2	10	240724	96
Mock_P11_2	10	240724	75
Mock_P11_2	10	240724	189
Mock_P11_2	10	240724	59
Mock_P11_2	10	240724	49
Mock_P11_2	10	240724	155
Mock_P11_2	10	240724	163
Mock_P11_2	10	240724	124
Mock_P11_2	10	240724	493
Mock_P11_2	10	240724	148
Mock_P11_2	10	240724	152
Mock_P11_2	10	240724	120
Mock_P11_2	10	240724	284
Mock_P11_2	10	240724	208
Mock_P11_2	10	240724	361
Mock_P11_2	10	240724	163
Mock_P11_2	10	240724	128
Mock_P11_2	10	240724	76
Mock_P11_2	10	240724	120
Mock_P11_2	10	240724	78
Mock_P11_2	10	240724	129
Mock_P11_2	10	240724	183
Mock_P11_2	10	240724	142
Mock_P11_2	10	240724	105
Mock_P11_2	10	240724	384
Mock_P11_2	10	240724	110
Mock_P11_2	10	240724	167
Mock_P11_2	10	240724	124
Mock_P11_2	10	240724	357
Mock_P11_2	10	240724	175
Mock_P11_2	10	240724	116
Mock_P11_2	10	240724	81
Mock_P11_2	10	240724	153
Mock_P11_2	10	240724	257
Mock_P11_2	10	240724	113
Mock_P11_2	10	240724	205
Mock_P11_2	10	240724	176
Mock_P11_2	10	240724	159
Mock_P11_2	10	240724	543
Mock_P11_2	10	240724	157
Mock_P11_2	10	240724	13
Mock_P11_2	10	240724	95
Mock_P11_2	10	240724	230
Mock_P11_2	10	240724	133
Mock_P11_2	10	240724	227
Mock_P11_2	11	355045	165
Mock_P11_2	11	355045	183
Mock_P11_2	11	355045	144
Mock_P11_2	11	355045	93
Mock_P11_2	11	355045	240
Mock_P11_2	11	355045	211
Mock_P11_2	11	355045	136
Mock_P11_2	11	355045	133
Mock_P11_2	11	355045	215
Mock_P11_2	11	355045	120
Mock_P11_2	11	355045	47
Mock_P11_2	11	355045	135
Mock_P11_2	11	355045	140
Mock_P11_2	11	355045	175
Mock_P11_2	11	355045	124
Mock_P11_2	11	355045	69
Mock_P11_2	11	355045	284
Mock_P11_2	11	355045	106
Mock_P11_2	11	355045	73
Mock_P11_2	11	355045	97
Mock_P11_2	11	355045	123
Mock_P11_2	11	355045	122
Mock_P11_2	11	355045	23
Mock_P11_2	11	355045	104
Mock_P11_2	11	355045	110
Mock_P11_2	11	355045	83
Mock_P11_2	11	355045	236
Mock_P11_2	11	355045	234
Mock_P11_2	11	355045	88
Mock_P11_2	11	355045	124
Mock_P11_2	11	355045	124
Mock_P11_2	11	355045	105
Mock_P11_2	11	355045	63
Mock_P11_2	11	355045	79
Mock_P11_2	11	355045	42
Mock_P11_2	11	355045	95
Mock_P11_2	11	355045	184
Mock_P11_2	11	355045	66
Mock_P11_2	11	355045	92
Mock_P11_2	11	355045	110
Mock_P11_2	11	355045	68
Mock_P11_2	11	355045	235
Mock_P11_2	11	355045	116
Mock_P11_2	11	355045	168
Mock_P11_2	11	355045	103
Mock_P11_2	11	355045	70
Mock_P11_2	11	355045	89
Mock_P11_2	11	355045	119
Mock_P11_2	11	355045	124
Mock_P11_2	11	355045	117
Mock_P11_2	11	355045	162
Mock_P11_2	11	355045	93
Mock_P11_2	11	355045	150
Mock_P11_2	11	355045	127
Mock_P11_2	11	355045	136
Mock_P11_2	11	355045	125
Mock_P11_2	11	355045	311
Mock_P11_2	11	355045	127
Mock_P11_2	11	355045	59
Mock_P11_2	11	355045	136
Mock_P11_2	11	355045	88
Mock_P11_2	11	355045	232
Mock_P11_2	11	355045	87
Mock_P11_2	11	355045	110
Mock_P11_2	11	355045	58
Mock_P11_2	11	355045	143
Mock_P11_2	11	355045	43
Mock_P11_2	11	355045	136
Mock_P11_2	11	355045	94
Mock_P11_2	11	355045	135
Mock_P11_2	11	355045	128
Mock_P11_2	11	355045	136
Mock_P11_2	11	355045	90
Mock_P11_2	11	355045	73
Mock_P11_2	11	355045	119
Mock_P11_2	11	355045	80
Mock_P11_2	11	355045	131
Mock_P11_2	11	355045	153
Mock_P11_2	11	355045	175
Mock_P11_2	11	355045	143
Mock_P11_2	11	355045	32
Mock_P11_2	11	355045	27
Mock_P11_2	11	355045	156
Mock_P11_2	11	355045	93
Mock_P11_2	11	355045	101
Mock_P11_2	11	355045	124
Mock_P11_2	11	355045	82
Mock_P11_2	11	355045	108
Mock_P11_2	11	355045	182
Mock_P11_2	11	355045	61
Mock_P11_2	11	355045	144
Mock_P11_2	11	355045	89
Mock_P11_2	11	355045	143
Mock_P11_2	11	355045	57
Mock_P11_2	11	355045	98
Mock_P11_2	11	355045	139
Mock_P11_2	11	355045	196
Mock_P11_2	11	355045	651
Mock_P11_2	11	355045	152
Mock_P11_2	11	355045	129
Mock_P11_2	11	355045	63
Mock_P11_2	11	355045	52
Mock_P11_2	11	355045	275
Mock_P11_2	11	355045	108
Mock_P11_2	11	355045	92
Mock_P11_2	11	355045	133
Mock_P11_2	11	355045	329
Mock_P11_2	11	355045	115
Mock_P11_2	11	355045	102
Mock_P11_2	11	355045	104
Mock_P11_2	11	355045	82
Mock_P11_2	11	355045	46
Mock_P11_2	11	355045	77
Mock_P11_2	11	355045	93
Mock_P11_2	11	355045	164
Mock_P11_2	11	355045	105
Mock_P11_2	11	355045	87
Mock_P11_2	11	355045	134
Mock_P11_2	11	355045	125
Mock_P11_2	11	355045	159
Mock_P11_2	11	355045	145
Mock_P11_2	11	355045	107
Mock_P11_2	11	355045	108
Mock_P11_2	11	355045	89
Mock_P11_2	11	355045	12
Mock_P11_2	11	355045	122
Mock_P11_2	11	355045	99
Mock_P11_2	11	355045	149
Mock_P11_2	11	355045	150
Mock_P11_2	11	355045	115
Mock_P11_2	11	355045	69
Mock_P11_2	11	355045	87
Mock_P11_2	11	355045	76
Mock_P11_2	11	355045	161
Mock_P11_2	11	355045	76
Mock_P11_2	11	355045	63
Mock_P11_2	11	355045	163
Mock_P11_2	11	355045	215
Mock_P11_2	11	355045	471
Mock_P11_2	11	355045	132
Mock_P11_2	11	355045	170
Mock_P11_2	11	355045	110
Mock_P11_2	11	355045	159
Mock_P11_2	11	355045	93
Mock_P11_2	11	355045	29
Mock_P11_2	11	355045	76
Mock_P11_2	11	355045	87
Mock_P11_2	11	355045	107
Mock_P11_2	11	355045	116
Mock_P11_2	11	355045	67
Mock_P11_2	11	355045	179
Mock_P11_2	11	355045	145
Mock_P11_2	11	355045	99
Mock_P11_2	11	355045	89
Mock_P11_2	11	355045	54
Mock_P11_2	11	355045	316
Mock_P11_2	11	355045	100
Mock_P11_2	12	372482	373
Mock_P11_2	12	372482	118
Mock_P11_2	12	372482	197
Mock_P11_2	12	372482	129
Mock_P11_2	12	372482	159
Mock_P11_2	12	372482	176
Mock_P11_2	12	372482	330
Mock_P11_2	12	372482	105
Mock_P11_2	12	372482	231
Mock_P11_2	12	372482	125
Mock_P11_2	12	372482	228
Mock_P11_2	12	372482	206
Mock_P11_2	12	372482	172
Mock_P11_2	12	372482	164
Mock_P11_2	12	372482	500
Mock_P11_2	12	372482	101
Mock_P11_2	12	372482	87
Mock_P11_2	12	372482	22
Mock_P11_2	12	372482	77
Mock_P11_2	12	372482	462
Mock_P11_2	12	372482	105
Mock_P11_2	12	372482	116
Mock_P11_2	12	372482	145
Mock_P11_2	12	372482	123
Mock_P11_2	12	372482	46
Mock_P11_2	12	372482	93
Mock_P11_2	12	372482	478
Mock_P11_2	12	372482	172
Mock_P11_2	12	372482	180
Mock_P11_2	12	372482	265
Mock_P11_2	12	372482	194
Mock_P11_2	12	372482	112
Mock_P11_2	12	372482	234
Mock_P11_2	12	372482	158
Mock_P11_2	12	372482	145
Mock_P11_2	12	372482	124
Mock_P11_2	12	372482	229
Mock_P11_2	12	372482	99
Mock_P11_2	12	372482	196
Mock_P11_2	12	372482	122
Mock_P11_2	12	372482	104
Mock_P11_2	12	372482	106
Mock_P11_2	12	372482	93
Mock_P11_2	12	372482	144
Mock_P11_2	12	372482	183
Mock_P11_2	12	372482	125
Mock_P11_2	12	372482	295
Mock_P11_2	12	372482	334
Mock_P11_2	12	372482	147
Mock_P11_2	12	372482	284
Mock_P11_2	12	372482	122
Mock_P11_2	12	372482	128
Mock_P11_2	12	372482	212
Mock_P11_2	12	372482	115
Mock_P11_2	12	372482	106
Mock_P11_2	12	372482	432
Mock_P11_2	12	372482	193
Mock_P11_2	12	372482	158
Mock_P11_2	12	372482	74
Mock_P11_2	12	372482	267
Mock_P11_2	12	372482	201
Mock_P11_2	12	372482	114
Mock_P11_2	12	372482	148
Mock_P11_2	12	372482	121
Mock_P11_2	12	372482	137
Mock_P11_2	12	372482	125
Mock_P11_2	12	372482	104
Mock_P11_2	12	372482	127
Mock_P11_2	12	372482	132
Mock_P11_2	12	372482	192
Mock_P11_2	12	372482	93
Mock_P11_2	12	372482	220
Mock_P11_2	12	372482	131
Mock_P11_2	12	372482	148
Mock_P11_2	12	372482	212
Mock_P11_2	12	372482	218
Mock_P11_2	12	372482	185
Mock_P11_2	12	372482	121
Mock_P11_2	12	372482	280
Mock_P11_2	12	372482	136
Mock_P11_2	12	372482	80
Mock_P11_2	12	372482	79
Mock_P11_2	12	372482	260
Mock_P11_2	12	372482	432
Mock_P11_2	12	372482	488
Mock_P11_2	12	372482	109
Mock_P11_2	12	372482	95
Mock_P11_2	12	372482	115
Mock_P11_2	12	372482	150
Mock_P11_2	12	372482	310
Mock_P11_2	12	372482	190
Mock_P11_2	12	372482	141
Mock_P11_2	12	372482	96
Mock_P11_2	12	372482	224
Mock_P11_2	12	372482	152
Mock_P11_2	12	372482	123
Mock_P11_2	12	372482	295
Mock_P11_2	12	372482	167
Mock_P11_2	12	372482	183
Mock_P11_2	12	372482	170
Mock_P11_2	12	372482	98
Mock_P11_2	12	372482	165
Mock_P11_2	12	372482	249
Mock_P11_2	12	372482	148
Mock_P11_2	12	372482	45
Mock_P11_2	12	372482	233
Mock_P11_2	12	372482	94
Mock_P11_2	12	372482	73
Mock_P11_2	12	372482	90
Mock_P11_2	12	372482	16
Mock_P11_2	12	372482	145
Mock_P11_2	12	372482	124
Mock_P11_2	12	372482	92
Mock_P11_2	12	372482	46
Mock_P11_2	12	372482	146
Mock_P11_2	12	372482	645
Mock_P11_2	12	372482	198
Mock_P11_2	12	372482	78
Mock_P11_2	12	372482	104
Mock_P11_2	12	372482	133
Mock_P11_2	12	372482	85
Mock_P11_2	12	372482	131
Mock_P11_2	12	372482	192
Mock_P11_2	12	372482	102
Mock_P11_2	12	372482	30
Mock_P11_2	12	372482	74
Mock_P11_2	12	372482	274
Mock_P11_2	12	372482	202
Mock_P11_2	12	372482	90
Mock_P11_2	12	372482	130
Mock_P11_2	12	372482	128
Mock_P11_2	12	372482	38
Mock_P11_2	12	372482	170
Mock_P11_2	12	372482	69
Mock_P11_2	12	372482	104
Mock_P11_2	12	372482	59
Mock_P11_2	12	372482	123
Mock_P11_2	12	372482	124
Mock_P11_2	12	372482	126
Mock_P11_2	12	372482	165
Mock_P11_2	12	372482	163
Mock_P11_2	12	372482	130
Mock_P11_2	12	372482	141
Mock_P11_2	12	372482	114
Mock_P11_2	12	372482	117
Mock_P11_2	12	372482	110
Mock_P11_2	12	372482	94
Mock_P11_2	12	372482	123
Mock_P11_2	12	372482	123
Mock_P11_2	12	372482	77
Mock_P11_2	12	372482	123
Mock_P11_2	12	372482	75
Mock_P11_2	12	372482	121
Mock_P11_2	12	372482	64
Mock_P11_2	12	372482	100
Mock_P11_2	12	372482	118
Mock_P11_2	12	372482	108
Mock_P11_2	12	372482	130
Mock_P11_2	12	372482	269
Mock_P11_2	12	372482	119
Mock_P11_2	12	372482	133
Mock_P11_2	12	372482	126
Mock_P11_2	12	372482	94
Mock_P11_2	12	372482	75
Mock_P11_2	12	372482	10
Mock_P11_2	12	372482	78
Mock_P11_2	12	372482	282
Mock_P11_2	12	372482	133
Mock_P11_2	12	372482	58
Mock_P11_2	12	372482	48
Mock_P11_2	12	372482	60
Mock_P11_2	12	372482	95
Mock_P11_2	12	372482	71
Mock_P11_2	12	372482	105
Mock_P11_2	12	372482	107
Mock_P11_2	12	372482	111
Mock_P11_2	12	372482	78
Mock_P11_2	12	372482	41
Mock_P11_2	13	257341	64
Mock_P11_2	13	257341	121
Mock_P11_2	13	257341	104
Mock_P11_2	13	257341	141
Mock_P11_2	13	257341	96
Mock_P11_2	13	257341	149
Mock_P11_2	13	257341	68
Mock_P11_2	13	257341	102
Mock_P11_2	13	257341	159
Mock_P11_2	13	257341	170
Mock_P11_2	13	257341	90
Mock_P11_2	13	257341	132
Mock_P11_2	13	257341	86
Mock_P11_2	13	257341	98
Mock_P11_2	13	257341	120
Mock_P11_2	13	257341	146
Mock_P11_2	13	257341	63
Mock_P11_2	13	257341	108
Mock_P11_2	13	257341	105
Mock_P11_2	13	257341	118
Mock_P11_2	13	257341	118
Mock_P11_2	13	257341	97
Mock_P11_2	13	257341	169
Mock_P11_2	13	257341	91
Mock_P11_2	13	257341	110
Mock_P11_2	13	257341	113
Mock_P11_2	13	257341	242
Mock_P11_2	13	257341	60
Mock_P11_2	13	257341	90
Mock_P11_2	13	257341	130
Mock_P11_2	13	257341	109
Mock_P11_2	13	257341	138
Mock_P11_2	13	257341	157
Mock_P11_2	13	257341	108
Mock_P11_2	13	257341	97
Mock_P11_2	13	257341	163
Mock_P11_2	13	257341	138
Mock_P11_2	13	257341	202
Mock_P11_2	13	257341	114
Mock_P11_2	13	257341	46
Mock_P11_2	13	257341	241
Mock_P11_2	13	257341	57
Mock_P11_2	13	257341	15
Mock_P11_2	13	257341	42
Mock_P11_2	13	257341	192
Mock_P11_2	13	257341	79
Mock_P11_2	13	257341	118
Mock_P11_2	13	257341	163
Mock_P11_2	13	257341	89
Mock_P11_2	13	257341	100
Mock_P11_2	13	257341	77
Mock_P11_2	13	257341	208
Mock_P11_2	13	257341	142
Mock_P11_2	13	257341	76
Mock_P11_2	13	257341	66
Mock_P11_2	13	257341	172
Mock_P11_2	13	257341	207
Mock_P11_2	13	257341	70
Mock_P11_2	13	257341	77
Mock_P11_2	13	257341	143
Mock_P11_2	13	257341	114
Mock_P11_2	13	257341	98
Mock_P11_2	13	257341	104
Mock_P11_2	13	257341	26
Mock_P11_2	13	257341	103
Mock_P11_2	13	257341	57
Mock_P11_2	13	257341	102
Mock_P11_2	13	257341	60
Mock_P11_2	13	257341	66
Mock_P11_2	13	257341	76
Mock_P11_2	13	257341	91
Mock_P11_2	13	257341	107
Mock_P11_2	13	257341	69
Mock_P11_2	13	257341	185
Mock_P11_2	13	257341	90
Mock_P11_2	13	257341	33
Mock_P11_2	14	333735	50
Mock_P11_2	14	333735	51
Mock_P11_2	14	333735	270
Mock_P11_2	14	333735	90
Mock_P11_2	14	333735	177
Mock_P11_2	14	333735	235
Mock_P11_2	14	333735	146
Mock_P11_2	14	333735	125
Mock_P11_2	14	333735	114
Mock_P11_2	14	333735	156
Mock_P11_2	14	333735	160
Mock_P11_2	14	333735	151
Mock_P11_2	14	333735	396
Mock_P11_2	14	333735	108
Mock_P11_2	14	333735	260
Mock_P11_2	14	333735	463
Mock_P11_2	14	333735	392
Mock_P11_2	14	333735	125
Mock_P11_2	14	333735	154
Mock_P11_2	14	333735	110
Mock_P11_2	14	333735	103
Mock_P11_2	14	333735	91
Mock_P11_2	14	333735	186
Mock_P11_2	14	333735	137
Mock_P11_2	14	333735	101
Mock_P11_2	14	333735	116
Mock_P11_2	14	333735	91
Mock_P11_2	14	333735	147
Mock_P11_2	14	333735	103
Mock_P11_2	14	333735	173
Mock_P11_2	14	333735	308
Mock_P11_2	14	333735	121
Mock_P11_2	14	333735	126
Mock_P11_2	14	333735	222
Mock_P11_2	14	333735	157
Mock_P11_2	14	333735	133
Mock_P11_2	14	333735	245
Mock_P11_2	14	333735	136
Mock_P11_2	14	333735	121
Mock_P11_2	14	333735	121
Mock_P11_2	14	333735	86
Mock_P11_2	14	333735	64
Mock_P11_2	14	333735	78
Mock_P11_2	14	333735	129
Mock_P11_2	14	333735	57
Mock_P11_2	14	333735	74
Mock_P11_2	14	333735	130
Mock_P11_2	14	333735	114
Mock_P11_2	14	333735	141
Mock_P11_2	14	333735	189
Mock_P11_2	14	333735	136
Mock_P11_2	14	333735	79
Mock_P11_2	14	333735	89
Mock_P11_2	14	333735	198
Mock_P11_2	14	333735	98
Mock_P11_2	14	333735	103
Mock_P11_2	14	333735	50
Mock_P11_2	14	333735	156
Mock_P11_2	14	333735	121
Mock_P11_2	14	333735	117
Mock_P11_2	14	333735	267
Mock_P11_2	14	333735	49
Mock_P11_2	14	333735	86
Mock_P11_2	14	333735	55
Mock_P11_2	14	333735	105
Mock_P11_2	14	333735	140
Mock_P11_2	14	333735	62
Mock_P11_2	14	333735	140
Mock_P11_2	14	333735	66
Mock_P11_2	14	333735	92
Mock_P11_2	14	333735	326
Mock_P11_2	14	333735	70
Mock_P11_2	14	333735	114
Mock_P11_2	14	333735	191
Mock_P11_2	14	333735	167
Mock_P11_2	14	333735	159
Mock_P11_2	14	333735	16
Mock_P11_2	14	333735	95
Mock_P11_2	14	333735	101
Mock_P11_2	14	333735	108
Mock_P11_2	14	333735	162
Mock_P11_2	14	333735	103
Mock_P11_2	14	333735	263
Mock_P11_2	14	333735	161
Mock_P11_2	14	333735	125
Mock_P11_2	14	333735	100
Mock_P11_2	14	333735	157
Mock_P11_2	14	333735	108
Mock_P11_2	14	333735	98
Mock_P11_2	14	333735	38
Mock_P11_2	14	333735	195
Mock_P11_2	14	333735	23
Mock_P11_2	14	333735	75
Mock_P11_2	14	333735	118
Mock_P11_2	14	333735	54
Mock_P11_2	14	333735	118
Mock_P11_2	14	333735	150
Mock_P11_2	14	333735	97
Mock_P11_2	14	333735	53
Mock_P11_2	14	333735	124
Mock_P11_2	14	333735	125
Mock_P11_2	14	333735	113
Mock_P11_2	14	333735	52
Mock_P11_2	14	333735	60
Mock_P11_2	14	333735	121
Mock_P11_2	14	333735	115
Mock_P11_2	14	333735	64
Mock_P11_2	14	333735	103
Mock_P11_2	14	333735	91
Mock_P11_2	14	333735	73
Mock_P11_2	14	333735	88
Mock_P11_2	14	333735	58
Mock_P11_2	14	333735	145
Mock_P11_2	14	333735	111
Mock_P11_2	14	333735	48
Mock_P11_2	14	333735	131
Mock_P11_2	14	333735	104
Mock_P11_2	14	333735	91
Mock_P11_2	14	333735	119
Mock_P11_2	14	333735	95
Mock_P11_2	14	333735	133
Mock_P11_2	14	333735	273
Mock_P11_2	14	333735	119
Mock_P11_2	14	333735	138
Mock_P11_2	14	333735	56
Mock_P11_2	14	333735	74
Mock_P11_2	14	333735	101
Mock_P11_2	14	333735	55
Mock_P11_2	14	333735	173
Mock_P11_2	14	333735	53
Mock_P11_2	14	333735	33
Mock_P11_2	14	333735	79
Mock_P11_2	14	333735	157
Mock_P11_2	14	333735	90
Mock_P11_2	14	333735	167
Mock_P11_2	14	333735	117
Mock_P11_2	14	333735	107
Mock_P11_2	14	333735	109
Mock_P11_2	14	333735	176
Mock_P11_2	15	271398	86
Mock_P11_2	15	271398	106
Mock_P11_2	15	271398	129
Mock_P11_2	15	271398	194
Mock_P11_2	15	271398	36
Mock_P11_2	15	271398	54
Mock_P11_2	15	271398	118
Mock_P11_2	15	271398	114
Mock_P11_2	15	271398	121
Mock_P11_2	15	271398	148
Mock_P11_2	15	271398	159
Mock_P11_2	15	271398	112
Mock_P11_2	15	271398	140
Mock_P11_2	15	271398	190
Mock_P11_2	15	271398	122
Mock_P11_2	15	271398	133
Mock_P11_2	15	271398	96
Mock_P11_2	15	271398	134
Mock_P11_2	15	271398	99
Mock_P11_2	15	271398	261
Mock_P11_2	15	271398	41
Mock_P11_2	15	271398	66
Mock_P11_2	15	271398	108
Mock_P11_2	15	271398	155
Mock_P11_2	15	271398	192
Mock_P11_2	15	271398	145
Mock_P11_2	15	271398	293
Mock_P11_2	15	271398	139
Mock_P11_2	15	271398	119
Mock_P11_2	15	271398	128
Mock_P11_2	15	271398	110
Mock_P11_2	15	271398	128
Mock_P11_2	15	271398	31
Mock_P11_2	15	271398	105
Mock_P11_2	15	271398	241
Mock_P11_2	15	271398	134
Mock_P11_2	15	271398	74
Mock_P11_2	15	271398	73
Mock_P11_2	15	271398	104
Mock_P11_2	15	271398	68
Mock_P11_2	15	271398	85
Mock_P11_2	15	271398	44
Mock_P11_2	15	271398	101
Mock_P11_2	15	271398	202
Mock_P11_2	15	271398	51
Mock_P11_2	15	271398	135
Mock_P11_2	15	271398	275
Mock_P11_2	15	271398	204
Mock_P11_2	15	271398	175
Mock_P11_2	15	271398	52
Mock_P11_2	15	271398	85
Mock_P11_2	15	271398	103
Mock_P11_2	15	271398	93
Mock_P11_2	15	271398	83
Mock_P11_2	15	271398	76
Mock_P11_2	15	271398	72
Mock_P11_2	15	271398	60
Mock_P11_2	15	271398	91
Mock_P11_2	15	271398	92
Mock_P11_2	15	271398	99
Mock_P11_2	15	271398	112
Mock_P11_2	15	271398	145
Mock_P11_2	15	271398	177
Mock_P11_2	15	271398	106
Mock_P11_2	15	271398	100
Mock_P11_2	15	271398	99
Mock_P11_2	15	271398	73
Mock_P11_2	15	271398	138
Mock_P11_2	15	271398	79
Mock_P11_2	15	271398	136
Mock_P11_2	15	271398	32
Mock_P11_2	15	271398	65
Mock_P11_2	15	271398	93
Mock_P11_2	15	271398	46
Mock_P11_2	15	271398	66
Mock_P11_2	15	271398	94
Mock_P11_2	15	271398	123
Mock_P11_2	15	271398	117
Mock_P11_2	15	271398	152
Mock_P11_2	15	271398	92
Mock_P11_2	15	271398	96
Mock_P11_2	15	271398	112
Mock_P11_2	15	271398	77
Mock_P11_2	15	271398	127
Mock_P11_2	15	271398	204
Mock_P11_2	15	271398	205
Mock_P11_2	15	271398	153
Mock_P11_2	15	271398	88
Mock_P11_2	15	271398	112
Mock_P11_2	15	271398	200
Mock_P11_2	15	271398	105
Mock_P11_2	15	271398	104
Mock_P11_2	15	271398	60
Mock_P11_2	15	271398	70
Mock_P11_2	15	271398	11
Mock_P11_2	15	271398	96
Mock_P11_2	15	271398	196
Mock_P11_2	15	271398	147
Mock_P11_2	15	271398	116
Mock_P11_2	15	271398	101
Mock_P11_2	15	271398	76
Mock_P11_2	15	271398	302
Mock_P11_2	15	271398	259
Mock_P11_2	15	271398	145
Mock_P11_2	15	271398	294
Mock_P11_2	15	271398	156
Mock_P11_2	15	271398	112
Mock_P11_2	15	271398	164
Mock_P11_2	15	271398	139
Mock_P11_2	15	271398	87
Mock_P11_2	15	271398	79
Mock_P11_2	15	271398	115
Mock_P11_2	15	271398	97
Mock_P11_2	15	271398	115
Mock_P11_2	15	271398	69
Mock_P11_2	15	271398	45
Mock_P11_2	15	271398	134
Mock_P11_2	15	271398	137
Mock_P11_2	15	271398	73
Mock_P11_2	15	271398	119
Mock_P11_2	15	271398	95
Mock_P11_2	15	271398	83
