fichier	leaf	surfaceLeaf	surfaceLesion
Mock_P04_1	1	331584	24
Mock_P04_1	1	331584	116
Mock_P04_1	1	331584	141
Mock_P04_1	2	357822	65
Mock_P04_1	2	357822	357
Mock_P04_1	3	335165	152
Mock_P04_1	3	335165	313
Mock_P04_1	4	267103	237
Mock_P04_1	5	246810	299
Mock_P04_1	6	364005	12
Mock_P04_1	6	364005	98
Mock_P04_1	6	364005	202
Mock_P04_1	6	364005	65
Mock_P04_1	6	364005	64
Mock_P04_1	6	364005	56
Mock_P04_1	6	364005	149
Mock_P04_1	6	364005	58
Mock_P04_1	6	364005	70
Mock_P04_1	6	364005	124
Mock_P04_1	6	364005	120
Mock_P04_1	6	364005	157
Mock_P04_1	6	364005	66
Mock_P04_1	6	364005	172
Mock_P04_1	6	364005	56
Mock_P04_1	6	364005	15
Mock_P04_1	6	364005	90
Mock_P04_1	6	364005	160
Mock_P04_1	6	364005	65
Mock_P04_1	6	364005	87
Mock_P04_1	6	364005	86
Mock_P04_1	6	364005	145
Mock_P04_1	6	364005	75
Mock_P04_1	6	364005	79
Mock_P04_1	6	364005	72
Mock_P04_1	6	364005	29
Mock_P04_1	6	364005	30
Mock_P04_1	6	364005	22
Mock_P04_1	6	364005	79
Mock_P04_1	6	364005	43
Mock_P04_1	6	364005	22
Mock_P04_1	6	364005	52
Mock_P04_1	6	364005	84
Mock_P04_1	6	364005	155
Mock_P04_1	6	364005	73
Mock_P04_1	6	364005	59
Mock_P04_1	6	364005	115
Mock_P04_1	6	364005	64
Mock_P04_1	6	364005	74
Mock_P04_1	6	364005	58
Mock_P04_1	6	364005	90
Mock_P04_1	6	364005	93
Mock_P04_1	6	364005	159
Mock_P04_1	6	364005	99
Mock_P04_1	6	364005	79
Mock_P04_1	6	364005	71
Mock_P04_1	6	364005	110
Mock_P04_1	6	364005	69
Mock_P04_1	6	364005	61
Mock_P04_1	6	364005	44
Mock_P04_1	6	364005	11
Mock_P04_1	6	364005	60
Mock_P04_1	6	364005	35
Mock_P04_1	6	364005	146
Mock_P04_1	6	364005	69
Mock_P04_1	6	364005	54
Mock_P04_1	6	364005	88
Mock_P04_1	6	364005	27
Mock_P04_1	6	364005	75
Mock_P04_1	6	364005	27
Mock_P04_1	6	364005	148
Mock_P04_1	6	364005	74
Mock_P04_1	6	364005	50
Mock_P04_1	6	364005	60
Mock_P04_1	6	364005	91
Mock_P04_1	6	364005	105
Mock_P04_1	6	364005	34
Mock_P04_1	6	364005	90
Mock_P04_1	6	364005	53
Mock_P04_1	6	364005	71
Mock_P04_1	6	364005	68
Mock_P04_1	6	364005	81
Mock_P04_1	6	364005	68
Mock_P04_1	6	364005	59
Mock_P04_1	6	364005	58
Mock_P04_1	6	364005	46
Mock_P04_1	6	364005	16
Mock_P04_1	6	364005	73
Mock_P04_1	6	364005	99
Mock_P04_1	6	364005	107
Mock_P04_1	6	364005	52
Mock_P04_1	6	364005	60
Mock_P04_1	6	364005	52
Mock_P04_1	6	364005	18
Mock_P04_1	6	364005	85
Mock_P04_1	6	364005	54
Mock_P04_1	6	364005	26
Mock_P04_1	6	364005	98
Mock_P04_1	6	364005	226
Mock_P04_1	6	364005	76
Mock_P04_1	6	364005	70
Mock_P04_1	6	364005	75
Mock_P04_1	6	364005	80
Mock_P04_1	6	364005	53
Mock_P04_1	6	364005	130
Mock_P04_1	6	364005	71
Mock_P04_1	6	364005	54
Mock_P04_1	6	364005	61
Mock_P04_1	6	364005	93
Mock_P04_1	6	364005	81
Mock_P04_1	6	364005	83
Mock_P04_1	6	364005	141
Mock_P04_1	6	364005	125
Mock_P04_1	6	364005	108
Mock_P04_1	6	364005	21
Mock_P04_1	6	364005	67
Mock_P04_1	6	364005	85
Mock_P04_1	6	364005	106
Mock_P04_1	6	364005	40
Mock_P04_1	6	364005	98
Mock_P04_1	6	364005	50
Mock_P04_1	6	364005	128
Mock_P04_1	6	364005	78
Mock_P04_1	6	364005	74
Mock_P04_1	6	364005	29
Mock_P04_1	6	364005	73
Mock_P04_1	6	364005	105
Mock_P04_1	6	364005	75
Mock_P04_1	6	364005	62
Mock_P04_1	6	364005	88
Mock_P04_1	6	364005	68
Mock_P04_1	6	364005	35
Mock_P04_1	6	364005	72
Mock_P04_1	6	364005	13
Mock_P04_1	6	364005	37
Mock_P04_1	6	364005	74
Mock_P04_1	6	364005	80
Mock_P04_1	6	364005	89
Mock_P04_1	6	364005	53
Mock_P04_1	6	364005	77
Mock_P04_1	6	364005	36
Mock_P04_1	6	364005	79
Mock_P04_1	6	364005	80
Mock_P04_1	6	364005	41
Mock_P04_1	6	364005	89
Mock_P04_1	6	364005	66
Mock_P04_1	6	364005	61
Mock_P04_1	6	364005	144
Mock_P04_1	6	364005	85
Mock_P04_1	6	364005	42
Mock_P04_1	6	364005	55
Mock_P04_1	6	364005	61
Mock_P04_1	6	364005	113
Mock_P04_1	6	364005	124
Mock_P04_1	6	364005	65
Mock_P04_1	6	364005	74
Mock_P04_1	6	364005	102
Mock_P04_1	6	364005	56
Mock_P04_1	6	364005	108
Mock_P04_1	6	364005	497
Mock_P04_1	6	364005	79
Mock_P04_1	6	364005	81
Mock_P04_1	6	364005	59
Mock_P04_1	6	364005	83
Mock_P04_1	6	364005	66
Mock_P04_1	6	364005	72
Mock_P04_1	6	364005	47
Mock_P04_1	6	364005	59
Mock_P04_1	6	364005	121
Mock_P04_1	6	364005	77
Mock_P04_1	6	364005	72
Mock_P04_1	6	364005	116
Mock_P04_1	6	364005	77
Mock_P04_1	6	364005	91
Mock_P04_1	6	364005	58
Mock_P04_1	6	364005	74
Mock_P04_1	6	364005	48
Mock_P04_1	6	364005	75
Mock_P04_1	6	364005	74
Mock_P04_1	6	364005	60
Mock_P04_1	6	364005	780
Mock_P04_1	6	364005	38
Mock_P04_1	6	364005	65
Mock_P04_1	6	364005	81
Mock_P04_1	6	364005	40
Mock_P04_1	6	364005	52
Mock_P04_1	6	364005	36
Mock_P04_1	6	364005	47
Mock_P04_1	6	364005	70
Mock_P04_1	6	364005	162
Mock_P04_1	6	364005	34
Mock_P04_1	6	364005	63
Mock_P04_1	6	364005	29
Mock_P04_1	6	364005	48
Mock_P04_1	6	364005	16
Mock_P04_1	6	364005	110
Mock_P04_1	6	364005	249
Mock_P04_1	6	364005	42
Mock_P04_1	6	364005	54
Mock_P04_1	6	364005	79
Mock_P04_1	6	364005	142
Mock_P04_1	6	364005	78
Mock_P04_1	6	364005	52
Mock_P04_1	6	364005	41
Mock_P04_1	6	364005	91
Mock_P04_1	6	364005	27
Mock_P04_1	6	364005	76
Mock_P04_1	6	364005	63
Mock_P04_1	6	364005	27
Mock_P04_1	6	364005	61
Mock_P04_1	6	364005	50
Mock_P04_1	6	364005	78
Mock_P04_1	6	364005	82
Mock_P04_1	6	364005	35
Mock_P04_1	6	364005	18
Mock_P04_1	6	364005	76
Mock_P04_1	6	364005	70
Mock_P04_1	6	364005	19
Mock_P04_1	6	364005	47
Mock_P04_1	6	364005	108
Mock_P04_1	6	364005	150
Mock_P04_1	6	364005	37
Mock_P04_1	6	364005	104
Mock_P04_1	6	364005	40
Mock_P04_1	6	364005	69
Mock_P04_1	6	364005	80
Mock_P04_1	6	364005	104
Mock_P04_1	6	364005	97
Mock_P04_1	6	364005	101
Mock_P04_1	6	364005	78
Mock_P04_1	6	364005	17
Mock_P04_1	6	364005	112
Mock_P04_1	6	364005	67
Mock_P04_1	7	381084	157
Mock_P04_1	7	381084	113
Mock_P04_1	7	381084	111
Mock_P04_1	7	381084	115
Mock_P04_1	7	381084	97
Mock_P04_1	7	381084	126
Mock_P04_1	7	381084	114
Mock_P04_1	7	381084	12
Mock_P04_1	7	381084	113
Mock_P04_1	7	381084	102
Mock_P04_1	7	381084	308
Mock_P04_1	7	381084	140
Mock_P04_1	7	381084	63
Mock_P04_1	7	381084	126
Mock_P04_1	7	381084	102
Mock_P04_1	7	381084	109
Mock_P04_1	7	381084	124
Mock_P04_1	7	381084	102
Mock_P04_1	7	381084	152
Mock_P04_1	7	381084	57
Mock_P04_1	7	381084	140
Mock_P04_1	7	381084	49
Mock_P04_1	7	381084	166
Mock_P04_1	7	381084	61
Mock_P04_1	7	381084	85
Mock_P04_1	7	381084	97
Mock_P04_1	7	381084	88
Mock_P04_1	7	381084	81
Mock_P04_1	7	381084	70
Mock_P04_1	7	381084	128
Mock_P04_1	7	381084	89
Mock_P04_1	7	381084	81
Mock_P04_1	7	381084	185
Mock_P04_1	7	381084	77
Mock_P04_1	7	381084	114
Mock_P04_1	7	381084	96
Mock_P04_1	7	381084	66
Mock_P04_1	7	381084	140
Mock_P04_1	7	381084	89
Mock_P04_1	7	381084	44
Mock_P04_1	7	381084	238
Mock_P04_1	7	381084	169
Mock_P04_1	7	381084	126
Mock_P04_1	7	381084	96
Mock_P04_1	7	381084	121
Mock_P04_1	7	381084	110
Mock_P04_1	7	381084	160
Mock_P04_1	7	381084	78
Mock_P04_1	7	381084	102
Mock_P04_1	7	381084	53
Mock_P04_1	7	381084	143
Mock_P04_1	7	381084	63
Mock_P04_1	7	381084	131
Mock_P04_1	7	381084	124
Mock_P04_1	7	381084	176
Mock_P04_1	7	381084	160
Mock_P04_1	7	381084	89
Mock_P04_1	7	381084	110
Mock_P04_1	7	381084	82
Mock_P04_1	7	381084	145
Mock_P04_1	7	381084	109
Mock_P04_1	7	381084	92
Mock_P04_1	7	381084	66
Mock_P04_1	7	381084	143
Mock_P04_1	7	381084	110
Mock_P04_1	7	381084	92
Mock_P04_1	7	381084	106
Mock_P04_1	7	381084	105
Mock_P04_1	7	381084	143
Mock_P04_1	7	381084	89
Mock_P04_1	7	381084	137
Mock_P04_1	7	381084	140
Mock_P04_1	7	381084	69
Mock_P04_1	7	381084	131
Mock_P04_1	7	381084	152
Mock_P04_1	7	381084	147
Mock_P04_1	7	381084	202
Mock_P04_1	7	381084	97
Mock_P04_1	7	381084	163
Mock_P04_1	7	381084	56
Mock_P04_1	7	381084	200
Mock_P04_1	7	381084	98
Mock_P04_1	7	381084	114
Mock_P04_1	7	381084	130
Mock_P04_1	7	381084	157
Mock_P04_1	7	381084	79
Mock_P04_1	7	381084	92
Mock_P04_1	7	381084	243
Mock_P04_1	7	381084	207
Mock_P04_1	7	381084	109
Mock_P04_1	7	381084	95
Mock_P04_1	7	381084	121
Mock_P04_1	7	381084	140
Mock_P04_1	7	381084	347
Mock_P04_1	7	381084	208
Mock_P04_1	7	381084	129
Mock_P04_1	7	381084	128
Mock_P04_1	7	381084	101
Mock_P04_1	7	381084	97
Mock_P04_1	7	381084	115
Mock_P04_1	7	381084	30
Mock_P04_1	7	381084	109
Mock_P04_1	7	381084	41
Mock_P04_1	7	381084	93
Mock_P04_1	7	381084	85
Mock_P04_1	7	381084	63
Mock_P04_1	7	381084	95
Mock_P04_1	7	381084	162
Mock_P04_1	7	381084	15
Mock_P04_1	7	381084	44
Mock_P04_1	7	381084	87
Mock_P04_1	7	381084	141
Mock_P04_1	7	381084	83
Mock_P04_1	7	381084	162
Mock_P04_1	7	381084	33
Mock_P04_1	7	381084	106
Mock_P04_1	7	381084	112
Mock_P04_1	7	381084	60
Mock_P04_1	7	381084	106
Mock_P04_1	7	381084	83
Mock_P04_1	7	381084	78
Mock_P04_1	7	381084	219
Mock_P04_1	7	381084	10
Mock_P04_1	7	381084	105
Mock_P04_1	7	381084	99
Mock_P04_1	7	381084	65
Mock_P04_1	7	381084	35
Mock_P04_1	7	381084	116
Mock_P04_1	7	381084	91
Mock_P04_1	7	381084	100
Mock_P04_1	7	381084	127
Mock_P04_1	7	381084	82
Mock_P04_1	7	381084	127
Mock_P04_1	7	381084	104
Mock_P04_1	7	381084	42
Mock_P04_1	7	381084	92
Mock_P04_1	7	381084	628
Mock_P04_1	7	381084	59
Mock_P04_1	7	381084	51
Mock_P04_1	7	381084	65
Mock_P04_1	7	381084	16
Mock_P04_1	7	381084	82
Mock_P04_1	7	381084	189
Mock_P04_1	7	381084	93
Mock_P04_1	7	381084	139
Mock_P04_1	7	381084	11
Mock_P04_1	7	381084	46
Mock_P04_1	7	381084	90
Mock_P04_1	7	381084	63
Mock_P04_1	7	381084	17
Mock_P04_1	7	381084	11
Mock_P04_1	7	381084	56
Mock_P04_1	7	381084	52
Mock_P04_1	7	381084	20
Mock_P04_1	7	381084	55
Mock_P04_1	7	381084	28
Mock_P04_1	7	381084	79
Mock_P04_1	7	381084	18
Mock_P04_1	7	381084	87
Mock_P04_1	7	381084	22
Mock_P04_1	7	381084	74
Mock_P04_1	7	381084	38
Mock_P04_1	7	381084	119
Mock_P04_1	7	381084	211
Mock_P04_1	7	381084	49
Mock_P04_1	7	381084	38
Mock_P04_1	7	381084	66
Mock_P04_1	7	381084	59
Mock_P04_1	7	381084	62
Mock_P04_1	7	381084	89
Mock_P04_1	7	381084	73
Mock_P04_1	7	381084	115
Mock_P04_1	7	381084	63
Mock_P04_1	7	381084	103
Mock_P04_1	7	381084	33
Mock_P04_1	7	381084	86
Mock_P04_1	7	381084	261
Mock_P04_1	7	381084	19
Mock_P04_1	7	381084	166
Mock_P04_1	7	381084	47
Mock_P04_1	7	381084	12
Mock_P04_1	7	381084	81
Mock_P04_1	7	381084	222
Mock_P04_1	7	381084	56
Mock_P04_1	7	381084	85
Mock_P04_1	7	381084	64
Mock_P04_1	8	379550	74
Mock_P04_1	8	379550	167
Mock_P04_1	8	379550	97
Mock_P04_1	8	379550	156
Mock_P04_1	8	379550	98
Mock_P04_1	8	379550	69
Mock_P04_1	8	379550	70
Mock_P04_1	8	379550	62
Mock_P04_1	8	379550	187
Mock_P04_1	8	379550	166
Mock_P04_1	8	379550	117
Mock_P04_1	8	379550	134
Mock_P04_1	8	379550	245
Mock_P04_1	8	379550	61
Mock_P04_1	8	379550	160
Mock_P04_1	8	379550	46
Mock_P04_1	8	379550	69
Mock_P04_1	8	379550	149
Mock_P04_1	8	379550	115
Mock_P04_1	8	379550	248
Mock_P04_1	8	379550	99
Mock_P04_1	8	379550	145
Mock_P04_1	8	379550	216
Mock_P04_1	8	379550	63
Mock_P04_1	8	379550	208
Mock_P04_1	8	379550	168
Mock_P04_1	8	379550	51
Mock_P04_1	8	379550	65
Mock_P04_1	8	379550	32
Mock_P04_1	8	379550	141
Mock_P04_1	8	379550	162
Mock_P04_1	8	379550	57
Mock_P04_1	8	379550	128
Mock_P04_1	8	379550	64
Mock_P04_1	8	379550	90
Mock_P04_1	8	379550	20
Mock_P04_1	8	379550	27
Mock_P04_1	8	379550	52
Mock_P04_1	8	379550	40
Mock_P04_1	8	379550	57
Mock_P04_1	8	379550	135
Mock_P04_1	8	379550	106
Mock_P04_1	8	379550	119
Mock_P04_1	8	379550	82
Mock_P04_1	8	379550	72
Mock_P04_1	8	379550	99
Mock_P04_1	8	379550	121
Mock_P04_1	8	379550	132
Mock_P04_1	8	379550	78
Mock_P04_1	8	379550	66
Mock_P04_1	8	379550	206
Mock_P04_1	8	379550	146
Mock_P04_1	8	379550	108
Mock_P04_1	8	379550	119
Mock_P04_1	8	379550	142
Mock_P04_1	8	379550	121
Mock_P04_1	8	379550	71
Mock_P04_1	8	379550	96
Mock_P04_1	8	379550	96
Mock_P04_1	8	379550	130
Mock_P04_1	8	379550	133
Mock_P04_1	8	379550	22
Mock_P04_1	8	379550	74
Mock_P04_1	8	379550	109
Mock_P04_1	8	379550	158
Mock_P04_1	8	379550	221
Mock_P04_1	8	379550	83
Mock_P04_1	8	379550	206
Mock_P04_1	8	379550	30
Mock_P04_1	8	379550	87
Mock_P04_1	8	379550	55
Mock_P04_1	8	379550	420
Mock_P04_1	8	379550	46
Mock_P04_1	8	379550	140
Mock_P04_1	8	379550	112
Mock_P04_1	8	379550	48
Mock_P04_1	8	379550	64
Mock_P04_1	8	379550	77
Mock_P04_1	8	379550	85
Mock_P04_1	8	379550	87
Mock_P04_1	8	379550	96
Mock_P04_1	8	379550	113
Mock_P04_1	8	379550	116
Mock_P04_1	8	379550	113
Mock_P04_1	8	379550	94
Mock_P04_1	8	379550	178
Mock_P04_1	8	379550	116
Mock_P04_1	8	379550	211
Mock_P04_1	8	379550	126
Mock_P04_1	8	379550	114
Mock_P04_1	8	379550	99
Mock_P04_1	8	379550	189
Mock_P04_1	8	379550	12
Mock_P04_1	8	379550	99
Mock_P04_1	8	379550	95
Mock_P04_1	8	379550	90
Mock_P04_1	8	379550	159
Mock_P04_1	8	379550	66
Mock_P04_1	8	379550	67
Mock_P04_1	8	379550	106
Mock_P04_1	8	379550	219
Mock_P04_1	8	379550	174
Mock_P04_1	8	379550	278
Mock_P04_1	8	379550	127
Mock_P04_1	8	379550	78
Mock_P04_1	8	379550	165
Mock_P04_1	8	379550	60
Mock_P04_1	8	379550	105
Mock_P04_1	8	379550	104
Mock_P04_1	8	379550	153
Mock_P04_1	8	379550	291
Mock_P04_1	8	379550	61
Mock_P04_1	8	379550	364
Mock_P04_1	8	379550	104
Mock_P04_1	8	379550	59
Mock_P04_1	8	379550	129
Mock_P04_1	8	379550	118
Mock_P04_1	8	379550	82
Mock_P04_1	8	379550	113
Mock_P04_1	8	379550	92
Mock_P04_1	8	379550	90
Mock_P04_1	8	379550	109
Mock_P04_1	8	379550	70
Mock_P04_1	8	379550	182
Mock_P04_1	8	379550	95
Mock_P04_1	8	379550	91
Mock_P04_1	8	379550	102
Mock_P04_1	8	379550	85
Mock_P04_1	8	379550	98
Mock_P04_1	8	379550	115
Mock_P04_1	8	379550	75
Mock_P04_1	8	379550	78
Mock_P04_1	8	379550	80
Mock_P04_1	8	379550	59
Mock_P04_1	8	379550	191
Mock_P04_1	8	379550	98
Mock_P04_1	8	379550	82
Mock_P04_1	8	379550	57
Mock_P04_1	8	379550	171
Mock_P04_1	8	379550	66
Mock_P04_1	8	379550	98
Mock_P04_1	8	379550	95
Mock_P04_1	8	379550	83
Mock_P04_1	8	379550	48
Mock_P04_1	8	379550	64
Mock_P04_1	8	379550	32
Mock_P04_1	8	379550	130
Mock_P04_1	8	379550	190
Mock_P04_1	8	379550	95
Mock_P04_1	8	379550	101
Mock_P04_1	8	379550	74
Mock_P04_1	8	379550	88
Mock_P04_1	8	379550	42
Mock_P04_1	8	379550	73
Mock_P04_1	8	379550	36
Mock_P04_1	8	379550	322
Mock_P04_1	8	379550	98
Mock_P04_1	8	379550	327
Mock_P04_1	8	379550	54
Mock_P04_1	8	379550	43
Mock_P04_1	8	379550	171
Mock_P04_1	8	379550	108
Mock_P04_1	8	379550	65
Mock_P04_1	8	379550	57
Mock_P04_1	8	379550	159
Mock_P04_1	8	379550	137
Mock_P04_1	8	379550	54
Mock_P04_1	8	379550	102
Mock_P04_1	8	379550	106
Mock_P04_1	8	379550	49
Mock_P04_1	8	379550	340
Mock_P04_1	8	379550	133
Mock_P04_1	8	379550	58
Mock_P04_1	8	379550	72
Mock_P04_1	8	379550	229
Mock_P04_1	8	379550	106
Mock_P04_1	8	379550	437
Mock_P04_1	8	379550	142
Mock_P04_1	8	379550	133
Mock_P04_1	8	379550	77
Mock_P04_1	8	379550	115
Mock_P04_1	8	379550	104
Mock_P04_1	8	379550	86
Mock_P04_1	8	379550	83
Mock_P04_1	8	379550	59
Mock_P04_1	8	379550	83
Mock_P04_1	8	379550	119
Mock_P04_1	8	379550	167
Mock_P04_1	8	379550	64
Mock_P04_1	8	379550	53
Mock_P04_1	8	379550	94
Mock_P04_1	8	379550	177
Mock_P04_1	8	379550	34
Mock_P04_1	8	379550	65
Mock_P04_1	8	379550	202
Mock_P04_1	8	379550	90
Mock_P04_1	8	379550	260
Mock_P04_1	8	379550	67
Mock_P04_1	8	379550	74
Mock_P04_1	8	379550	52
Mock_P04_1	8	379550	64
Mock_P04_1	8	379550	61
Mock_P04_1	8	379550	59
Mock_P04_1	8	379550	125
Mock_P04_1	8	379550	39
Mock_P04_1	8	379550	83
Mock_P04_1	8	379550	58
Mock_P04_1	8	379550	86
Mock_P04_1	8	379550	46
Mock_P04_1	8	379550	82
Mock_P04_1	8	379550	23
Mock_P04_1	8	379550	72
Mock_P04_1	8	379550	39
Mock_P04_1	8	379550	43
Mock_P04_1	8	379550	55
Mock_P04_1	8	379550	45
Mock_P04_1	8	379550	50
Mock_P04_1	8	379550	59
Mock_P04_1	8	379550	33
Mock_P04_1	8	379550	89
Mock_P04_1	8	379550	100
Mock_P04_1	8	379550	46
Mock_P04_1	8	379550	61
Mock_P04_1	8	379550	58
Mock_P04_1	8	379550	35
Mock_P04_1	8	379550	31
Mock_P04_1	8	379550	76
Mock_P04_1	8	379550	11
Mock_P04_1	8	379550	79
Mock_P04_1	8	379550	195
Mock_P04_1	8	379550	76
Mock_P04_1	8	379550	53
Mock_P04_1	8	379550	69
Mock_P04_1	8	379550	41
Mock_P04_1	8	379550	14
Mock_P04_1	8	379550	78
Mock_P04_1	8	379550	145
Mock_P04_1	8	379550	69
Mock_P04_1	8	379550	80
Mock_P04_1	8	379550	60
Mock_P04_1	9	372906	200
Mock_P04_1	9	372906	176
Mock_P04_1	9	372906	87
Mock_P04_1	9	372906	97
Mock_P04_1	9	372906	87
Mock_P04_1	9	372906	134
Mock_P04_1	9	372906	105
Mock_P04_1	9	372906	65
Mock_P04_1	9	372906	105
Mock_P04_1	9	372906	134
Mock_P04_1	9	372906	138
Mock_P04_1	9	372906	385
Mock_P04_1	9	372906	109
Mock_P04_1	9	372906	73
Mock_P04_1	9	372906	216
Mock_P04_1	9	372906	254
Mock_P04_1	9	372906	143
Mock_P04_1	9	372906	90
Mock_P04_1	9	372906	626
Mock_P04_1	9	372906	108
Mock_P04_1	9	372906	663
Mock_P04_1	9	372906	206
Mock_P04_1	9	372906	82
Mock_P04_1	9	372906	80
Mock_P04_1	9	372906	101
Mock_P04_1	9	372906	82
Mock_P04_1	9	372906	130
Mock_P04_1	9	372906	68
Mock_P04_1	9	372906	48
Mock_P04_1	9	372906	91
Mock_P04_1	9	372906	104
Mock_P04_1	9	372906	127
Mock_P04_1	9	372906	202
Mock_P04_1	9	372906	135
Mock_P04_1	9	372906	250
Mock_P04_1	9	372906	94
Mock_P04_1	9	372906	68
Mock_P04_1	9	372906	11
Mock_P04_1	9	372906	104
Mock_P04_1	9	372906	155
Mock_P04_1	9	372906	33
Mock_P04_1	9	372906	143
Mock_P04_1	9	372906	121
Mock_P04_1	9	372906	128
Mock_P04_1	9	372906	80
Mock_P04_1	9	372906	118
Mock_P04_1	9	372906	171
Mock_P04_1	9	372906	89
Mock_P04_1	9	372906	104
Mock_P04_1	9	372906	80
Mock_P04_1	9	372906	133
Mock_P04_1	9	372906	294
Mock_P04_1	9	372906	123
Mock_P04_1	9	372906	167
Mock_P04_1	9	372906	120
Mock_P04_1	9	372906	98
Mock_P04_1	9	372906	148
Mock_P04_1	9	372906	91
Mock_P04_1	9	372906	218
Mock_P04_1	9	372906	71
Mock_P04_1	9	372906	114
Mock_P04_1	9	372906	37
Mock_P04_1	9	372906	107
Mock_P04_1	9	372906	79
Mock_P04_1	9	372906	93
Mock_P04_1	9	372906	136
Mock_P04_1	9	372906	112
Mock_P04_1	9	372906	205
Mock_P04_1	9	372906	90
Mock_P04_1	9	372906	102
Mock_P04_1	9	372906	68
Mock_P04_1	9	372906	74
Mock_P04_1	9	372906	104
Mock_P04_1	9	372906	87
Mock_P04_1	9	372906	201
Mock_P04_1	9	372906	117
Mock_P04_1	9	372906	73
Mock_P04_1	9	372906	152
Mock_P04_1	9	372906	106
Mock_P04_1	9	372906	239
Mock_P04_1	9	372906	111
Mock_P04_1	9	372906	79
Mock_P04_1	9	372906	101
Mock_P04_1	9	372906	103
Mock_P04_1	9	372906	66
Mock_P04_1	9	372906	209
Mock_P04_1	9	372906	93
Mock_P04_1	9	372906	37
Mock_P04_1	9	372906	93
Mock_P04_1	9	372906	64
Mock_P04_1	9	372906	33
Mock_P04_1	9	372906	87
Mock_P04_1	9	372906	145
Mock_P04_1	9	372906	32
Mock_P04_1	9	372906	52
Mock_P04_1	9	372906	61
Mock_P04_1	9	372906	179
Mock_P04_1	9	372906	88
Mock_P04_1	9	372906	39
Mock_P04_1	9	372906	56
Mock_P04_1	9	372906	49
Mock_P04_1	9	372906	39
Mock_P04_1	9	372906	230
Mock_P04_1	9	372906	94
Mock_P04_1	9	372906	135
Mock_P04_1	9	372906	57
Mock_P04_1	9	372906	62
Mock_P04_1	9	372906	120
Mock_P04_1	9	372906	81
Mock_P04_1	9	372906	85
Mock_P04_1	9	372906	46
Mock_P04_1	9	372906	66
Mock_P04_1	9	372906	84
Mock_P04_1	9	372906	96
Mock_P04_1	9	372906	103
Mock_P04_1	9	372906	74
Mock_P04_1	9	372906	59
Mock_P04_1	9	372906	279
Mock_P04_1	9	372906	88
Mock_P04_1	9	372906	41
Mock_P04_1	9	372906	68
Mock_P04_1	9	372906	356
Mock_P04_1	9	372906	103
Mock_P04_1	9	372906	64
Mock_P04_1	9	372906	87
Mock_P04_1	9	372906	77
Mock_P04_1	9	372906	43
Mock_P04_1	9	372906	51
Mock_P04_1	9	372906	78
Mock_P04_1	9	372906	100
Mock_P04_1	9	372906	77
Mock_P04_1	9	372906	32
Mock_P04_1	9	372906	68
Mock_P04_1	9	372906	150
Mock_P04_1	9	372906	83
Mock_P04_1	9	372906	70
Mock_P04_1	9	372906	52
Mock_P04_1	9	372906	56
Mock_P04_1	9	372906	35
Mock_P04_1	9	372906	20
Mock_P04_1	9	372906	50
Mock_P04_1	9	372906	93
Mock_P04_1	9	372906	80
Mock_P04_1	9	372906	74
Mock_P04_1	9	372906	37
Mock_P04_1	9	372906	49
Mock_P04_1	9	372906	56
Mock_P04_1	9	372906	32
Mock_P04_1	9	372906	16
Mock_P04_1	9	372906	577
Mock_P04_1	9	372906	62
Mock_P04_1	9	372906	46
Mock_P04_1	9	372906	105
Mock_P04_1	9	372906	101
Mock_P04_1	9	372906	60
Mock_P04_1	9	372906	60
Mock_P04_1	9	372906	140
Mock_P04_1	9	372906	51
Mock_P04_1	9	372906	58
Mock_P04_1	9	372906	87
Mock_P04_1	9	372906	62
Mock_P04_1	9	372906	79
Mock_P04_1	9	372906	61
Mock_P04_1	9	372906	52
Mock_P04_1	9	372906	69
Mock_P04_1	9	372906	67
Mock_P04_1	9	372906	169
Mock_P04_1	9	372906	27
Mock_P04_1	9	372906	156
Mock_P04_1	9	372906	63
Mock_P04_1	9	372906	25
Mock_P04_1	9	372906	72
Mock_P04_1	9	372906	93
Mock_P04_1	9	372906	38
Mock_P04_1	9	372906	44
Mock_P04_1	9	372906	61
Mock_P04_1	9	372906	88
Mock_P04_1	9	372906	43
Mock_P04_1	9	372906	122
Mock_P04_1	9	372906	20
Mock_P04_1	9	372906	61
Mock_P04_1	9	372906	62
Mock_P04_1	9	372906	118
Mock_P04_1	9	372906	122
Mock_P04_1	9	372906	65
Mock_P04_1	9	372906	30
Mock_P04_1	9	372906	128
Mock_P04_1	9	372906	29
Mock_P04_1	9	372906	69
Mock_P04_1	9	372906	71
Mock_P04_1	9	372906	25
Mock_P04_1	9	372906	61
Mock_P04_1	9	372906	90
Mock_P04_1	9	372906	39
Mock_P04_1	9	372906	80
Mock_P04_1	9	372906	38
Mock_P04_1	9	372906	159
Mock_P04_1	9	372906	106
Mock_P04_1	9	372906	77
Mock_P04_1	9	372906	76
Mock_P04_1	9	372906	39
Mock_P04_1	9	372906	55
Mock_P04_1	9	372906	176
Mock_P04_1	9	372906	103
Mock_P04_1	9	372906	145
Mock_P04_1	9	372906	77
Mock_P04_1	10	399881	10
Mock_P04_1	10	399881	45
Mock_P04_1	10	399881	47
Mock_P04_1	10	399881	69
Mock_P04_1	10	399881	100
Mock_P04_1	10	399881	94
Mock_P04_1	10	399881	104
Mock_P04_1	10	399881	19
Mock_P04_1	10	399881	71
Mock_P04_1	10	399881	137
Mock_P04_1	10	399881	154
Mock_P04_1	10	399881	66
Mock_P04_1	10	399881	134
Mock_P04_1	10	399881	108
Mock_P04_1	10	399881	89
Mock_P04_1	10	399881	27
Mock_P04_1	10	399881	45
Mock_P04_1	10	399881	152
Mock_P04_1	10	399881	72
Mock_P04_1	10	399881	54
Mock_P04_1	10	399881	37
Mock_P04_1	10	399881	67
Mock_P04_1	10	399881	91
Mock_P04_1	10	399881	60
Mock_P04_1	10	399881	40
Mock_P04_1	10	399881	54
Mock_P04_1	10	399881	78
Mock_P04_1	10	399881	53
Mock_P04_1	10	399881	39
Mock_P04_1	10	399881	85
Mock_P04_1	10	399881	121
Mock_P04_1	10	399881	156
Mock_P04_1	10	399881	109
Mock_P04_1	10	399881	11
Mock_P04_1	10	399881	89
Mock_P04_1	10	399881	112
Mock_P04_1	10	399881	140
Mock_P04_1	10	399881	123
Mock_P04_1	10	399881	242
Mock_P04_1	10	399881	192
Mock_P04_1	10	399881	80
Mock_P04_1	10	399881	273
Mock_P04_1	10	399881	77
Mock_P04_1	10	399881	72
Mock_P04_1	10	399881	143
Mock_P04_1	10	399881	40
Mock_P04_1	10	399881	76
Mock_P04_1	10	399881	101
Mock_P04_1	10	399881	46
Mock_P04_1	10	399881	58
Mock_P04_1	10	399881	14
Mock_P04_1	10	399881	103
Mock_P04_1	10	399881	119
Mock_P04_1	10	399881	376
Mock_P04_1	10	399881	85
Mock_P04_1	10	399881	137
Mock_P04_1	10	399881	60
Mock_P04_1	10	399881	200
Mock_P04_1	10	399881	80
Mock_P04_1	10	399881	70
Mock_P04_1	10	399881	84
Mock_P04_1	10	399881	121
Mock_P04_1	10	399881	177
Mock_P04_1	10	399881	13
Mock_P04_1	10	399881	88
Mock_P04_1	10	399881	87
Mock_P04_1	10	399881	121
Mock_P04_1	10	399881	124
Mock_P04_1	10	399881	114
Mock_P04_1	10	399881	28
Mock_P04_1	10	399881	113
Mock_P04_1	10	399881	57
Mock_P04_1	10	399881	61
Mock_P04_1	10	399881	121
Mock_P04_1	10	399881	81
Mock_P04_1	10	399881	95
Mock_P04_1	10	399881	120
Mock_P04_1	10	399881	136
Mock_P04_1	10	399881	147
Mock_P04_1	10	399881	98
Mock_P04_1	10	399881	119
Mock_P04_1	10	399881	191
Mock_P04_1	10	399881	267
Mock_P04_1	10	399881	49
Mock_P04_1	10	399881	296
Mock_P04_1	10	399881	89
Mock_P04_1	10	399881	119
Mock_P04_1	10	399881	66
Mock_P04_1	10	399881	69
Mock_P04_1	10	399881	56
Mock_P04_1	10	399881	92
Mock_P04_1	10	399881	103
Mock_P04_1	10	399881	93
Mock_P04_1	10	399881	65
Mock_P04_1	10	399881	74
Mock_P04_1	10	399881	144
Mock_P04_1	10	399881	71
Mock_P04_1	10	399881	153
Mock_P04_1	10	399881	71
Mock_P04_1	10	399881	61
Mock_P04_1	10	399881	97
Mock_P04_1	10	399881	100
Mock_P04_1	10	399881	70
Mock_P04_1	10	399881	82
Mock_P04_1	10	399881	98
Mock_P04_1	10	399881	64
Mock_P04_1	10	399881	98
Mock_P04_1	10	399881	83
Mock_P04_1	10	399881	112
Mock_P04_1	10	399881	85
Mock_P04_1	10	399881	41
Mock_P04_1	10	399881	99
Mock_P04_1	10	399881	17
Mock_P04_1	10	399881	91
Mock_P04_1	10	399881	90
Mock_P04_1	10	399881	84
Mock_P04_1	10	399881	64
Mock_P04_1	10	399881	93
Mock_P04_1	10	399881	64
Mock_P04_1	10	399881	78
Mock_P04_1	10	399881	271
Mock_P04_1	10	399881	67
Mock_P04_1	10	399881	57
Mock_P04_1	10	399881	48
Mock_P04_1	10	399881	67
Mock_P04_1	10	399881	78
Mock_P04_1	10	399881	132
Mock_P04_1	10	399881	139
Mock_P04_1	10	399881	129
Mock_P04_1	10	399881	55
Mock_P04_1	10	399881	76
Mock_P04_1	10	399881	105
Mock_P04_1	10	399881	153
Mock_P04_1	10	399881	118
Mock_P04_1	10	399881	108
Mock_P04_1	10	399881	101
Mock_P04_1	10	399881	50
Mock_P04_1	10	399881	90
Mock_P04_1	10	399881	79
Mock_P04_1	10	399881	98
Mock_P04_1	10	399881	190
Mock_P04_1	10	399881	58
Mock_P04_1	10	399881	62
Mock_P04_1	10	399881	33
Mock_P04_1	10	399881	75
Mock_P04_1	10	399881	101
Mock_P04_1	10	399881	83
Mock_P04_1	10	399881	112
Mock_P04_1	10	399881	107
Mock_P04_1	10	399881	56
Mock_P04_1	10	399881	108
Mock_P04_1	10	399881	74
Mock_P04_1	10	399881	653
Mock_P04_1	10	399881	87
Mock_P04_1	10	399881	16
Mock_P04_1	10	399881	56
Mock_P04_1	10	399881	202
Mock_P04_1	10	399881	68
Mock_P04_1	10	399881	237
Mock_P04_1	10	399881	77
Mock_P04_1	10	399881	143
Mock_P04_1	10	399881	64
Mock_P04_1	10	399881	75
Mock_P04_1	10	399881	71
Mock_P04_1	10	399881	89
Mock_P04_1	10	399881	122
Mock_P04_1	10	399881	71
Mock_P04_1	10	399881	75
Mock_P04_1	10	399881	240
Mock_P04_1	10	399881	26
Mock_P04_1	10	399881	55
Mock_P04_1	10	399881	60
Mock_P04_1	10	399881	74
Mock_P04_1	10	399881	53
Mock_P04_1	10	399881	90
Mock_P04_1	10	399881	82
Mock_P04_1	10	399881	65
Mock_P04_1	10	399881	83
Mock_P04_1	10	399881	161
Mock_P04_1	10	399881	86
Mock_P04_1	10	399881	71
Mock_P04_1	10	399881	86
Mock_P04_1	10	399881	62
Mock_P04_1	10	399881	217
Mock_P04_1	10	399881	85
Mock_P04_1	10	399881	97
Mock_P04_1	10	399881	115
Mock_P04_1	10	399881	50
Mock_P04_1	10	399881	51
Mock_P04_1	10	399881	238
Mock_P04_1	10	399881	53
Mock_P04_1	10	399881	124
Mock_P04_1	10	399881	126
Mock_P04_1	10	399881	63
Mock_P04_1	10	399881	83
Mock_P04_1	10	399881	89
Mock_P04_1	10	399881	70
Mock_P04_1	10	399881	61
Mock_P04_1	10	399881	40
Mock_P04_1	10	399881	114
Mock_P04_1	10	399881	120
Mock_P04_1	10	399881	123
Mock_P04_1	10	399881	77
Mock_P04_1	10	399881	68
Mock_P04_1	10	399881	53
Mock_P04_1	11	375348	27
Mock_P04_1	11	375348	65
Mock_P04_1	11	375348	85
Mock_P04_1	11	375348	54
Mock_P04_1	11	375348	87
Mock_P04_1	11	375348	99
Mock_P04_1	11	375348	160
Mock_P04_1	11	375348	101
Mock_P04_1	11	375348	146
Mock_P04_1	11	375348	67
Mock_P04_1	11	375348	252
Mock_P04_1	11	375348	81
Mock_P04_1	11	375348	67
Mock_P04_1	11	375348	32
Mock_P04_1	11	375348	49
Mock_P04_1	11	375348	16
Mock_P04_1	11	375348	62
Mock_P04_1	11	375348	185
Mock_P04_1	11	375348	87
Mock_P04_1	11	375348	77
Mock_P04_1	11	375348	72
Mock_P04_1	11	375348	197
Mock_P04_1	11	375348	137
Mock_P04_1	11	375348	250
Mock_P04_1	11	375348	45
Mock_P04_1	11	375348	75
Mock_P04_1	11	375348	63
Mock_P04_1	11	375348	65
Mock_P04_1	11	375348	51
Mock_P04_1	11	375348	166
Mock_P04_1	11	375348	62
Mock_P04_1	11	375348	93
Mock_P04_1	11	375348	125
Mock_P04_1	11	375348	13
Mock_P04_1	11	375348	231
Mock_P04_1	11	375348	108
Mock_P04_1	11	375348	26
Mock_P04_1	11	375348	82
Mock_P04_1	11	375348	69
Mock_P04_1	11	375348	92
Mock_P04_1	11	375348	76
Mock_P04_1	11	375348	65
Mock_P04_1	11	375348	65
Mock_P04_1	11	375348	62
Mock_P04_1	11	375348	36
Mock_P04_1	11	375348	57
Mock_P04_1	11	375348	106
Mock_P04_1	11	375348	98
Mock_P04_1	11	375348	72
Mock_P04_1	11	375348	133
Mock_P04_1	11	375348	86
Mock_P04_1	11	375348	54
Mock_P04_1	11	375348	75
Mock_P04_1	11	375348	127
Mock_P04_1	11	375348	30
Mock_P04_1	11	375348	84
Mock_P04_1	11	375348	48
Mock_P04_1	11	375348	95
Mock_P04_1	11	375348	84
Mock_P04_1	11	375348	84
Mock_P04_1	11	375348	46
Mock_P04_1	11	375348	57
Mock_P04_1	11	375348	59
Mock_P04_1	11	375348	69
Mock_P04_1	11	375348	105
Mock_P04_1	11	375348	118
Mock_P04_1	11	375348	102
Mock_P04_1	11	375348	52
Mock_P04_1	11	375348	34
Mock_P04_1	11	375348	27
Mock_P04_1	11	375348	82
Mock_P04_1	11	375348	11
Mock_P04_1	11	375348	62
Mock_P04_1	11	375348	80
Mock_P04_1	11	375348	96
Mock_P04_1	11	375348	33
Mock_P04_1	11	375348	161
Mock_P04_1	11	375348	74
Mock_P04_1	11	375348	62
Mock_P04_1	11	375348	68
Mock_P04_1	11	375348	419
Mock_P04_1	11	375348	105
Mock_P04_1	11	375348	86
Mock_P04_1	11	375348	143
Mock_P04_1	11	375348	67
Mock_P04_1	11	375348	84
Mock_P04_1	11	375348	127
Mock_P04_1	11	375348	126
Mock_P04_1	11	375348	133
Mock_P04_1	11	375348	59
Mock_P04_1	11	375348	216
Mock_P04_1	11	375348	128
Mock_P04_1	11	375348	121
Mock_P04_1	11	375348	94
Mock_P04_1	11	375348	12
Mock_P04_1	11	375348	152
Mock_P04_1	11	375348	185
Mock_P04_1	11	375348	101
Mock_P04_1	11	375348	95
Mock_P04_1	11	375348	76
Mock_P04_1	11	375348	89
Mock_P04_1	11	375348	106
Mock_P04_1	11	375348	54
Mock_P04_1	11	375348	26
Mock_P04_1	11	375348	82
Mock_P04_1	11	375348	72
Mock_P04_1	11	375348	95
Mock_P04_1	11	375348	83
Mock_P04_1	11	375348	177
Mock_P04_1	11	375348	69
Mock_P04_1	11	375348	41
Mock_P04_1	11	375348	57
Mock_P04_1	11	375348	75
Mock_P04_1	11	375348	67
Mock_P04_1	11	375348	105
Mock_P04_1	11	375348	78
Mock_P04_1	11	375348	36
Mock_P04_1	11	375348	116
Mock_P04_1	11	375348	82
Mock_P04_1	11	375348	97
Mock_P04_1	11	375348	123
Mock_P04_1	11	375348	99
Mock_P04_1	11	375348	52
Mock_P04_1	11	375348	52
Mock_P04_1	11	375348	127
Mock_P04_1	11	375348	48
Mock_P04_1	11	375348	26
Mock_P04_1	11	375348	16
Mock_P04_1	11	375348	59
Mock_P04_1	11	375348	77
Mock_P04_1	11	375348	79
Mock_P04_1	11	375348	38
Mock_P04_1	11	375348	47
Mock_P04_1	11	375348	39
Mock_P04_1	11	375348	67
Mock_P04_1	11	375348	52
Mock_P04_1	11	375348	58
Mock_P04_1	11	375348	26
Mock_P04_1	11	375348	53
Mock_P04_1	11	375348	52
Mock_P04_1	11	375348	39
Mock_P04_1	11	375348	44
Mock_P04_1	11	375348	42
Mock_P04_1	11	375348	25
Mock_P04_1	11	375348	68
Mock_P04_1	11	375348	117
Mock_P04_1	11	375348	10
Mock_P04_1	11	375348	32
Mock_P04_1	11	375348	93
Mock_P04_1	11	375348	65
Mock_P04_1	11	375348	66
Mock_P04_1	11	375348	78
Mock_P04_1	11	375348	57
Mock_P04_1	11	375348	26
Mock_P04_1	11	375348	21
Mock_P04_1	11	375348	11
Mock_P04_1	11	375348	89
Mock_P04_1	11	375348	50
Mock_P04_1	11	375348	48
Mock_P04_1	11	375348	50
Mock_P04_1	11	375348	88
Mock_P04_1	11	375348	63
Mock_P04_1	11	375348	55
Mock_P04_1	11	375348	118
Mock_P04_1	11	375348	87
Mock_P04_1	11	375348	90
Mock_P04_1	11	375348	97
Mock_P04_1	11	375348	56
Mock_P04_1	11	375348	115
Mock_P04_1	11	375348	92
Mock_P04_1	11	375348	102
Mock_P04_1	11	375348	103
Mock_P04_1	11	375348	99
Mock_P04_1	11	375348	103
Mock_P04_1	11	375348	108
Mock_P04_1	11	375348	157
Mock_P04_1	11	375348	130
Mock_P04_1	11	375348	34
Mock_P04_1	11	375348	88
Mock_P04_1	11	375348	171
Mock_P04_1	11	375348	56
Mock_P04_1	11	375348	97
Mock_P04_1	11	375348	139
Mock_P04_1	11	375348	132
Mock_P04_1	11	375348	154
Mock_P04_1	11	375348	98
Mock_P04_1	11	375348	48
Mock_P04_1	11	375348	39
Mock_P04_1	11	375348	72
Mock_P04_1	11	375348	656
Mock_P04_1	11	375348	111
Mock_P04_1	11	375348	92
Mock_P04_1	11	375348	26
Mock_P04_1	11	375348	58
Mock_P04_1	11	375348	61
Mock_P04_1	11	375348	152
Mock_P04_1	11	375348	55
Mock_P04_1	11	375348	67
Mock_P04_1	11	375348	62
Mock_P04_1	11	375348	81
Mock_P04_1	11	375348	67
Mock_P04_1	11	375348	79
Mock_P04_1	11	375348	165
Mock_P04_1	11	375348	52
Mock_P04_1	11	375348	109
Mock_P04_1	11	375348	38
Mock_P04_1	11	375348	110
Mock_P04_1	11	375348	41
Mock_P04_1	11	375348	72
Mock_P04_1	11	375348	127
Mock_P04_1	11	375348	84
Mock_P04_1	11	375348	96
Mock_P04_1	11	375348	62
Mock_P04_1	11	375348	162
Mock_P04_1	11	375348	83
Mock_P04_1	11	375348	50
Mock_P04_1	11	375348	62
Mock_P04_1	11	375348	77
Mock_P04_1	11	375348	91
Mock_P04_1	11	375348	72
Mock_P04_1	11	375348	79
Mock_P04_1	11	375348	75
Mock_P04_1	11	375348	83
Mock_P04_1	11	375348	60
Mock_P04_1	11	375348	60
Mock_P04_1	11	375348	23
Mock_P04_1	11	375348	90
Mock_P04_1	11	375348	77
Mock_P04_1	11	375348	117
Mock_P04_1	11	375348	31
Mock_P04_1	11	375348	24
Mock_P04_1	11	375348	48
Mock_P04_1	11	375348	45
Mock_P04_1	11	375348	98
Mock_P04_1	11	375348	147
Mock_P04_1	11	375348	58
Mock_P04_1	11	375348	115
Mock_P04_1	11	375348	78
Mock_P04_1	11	375348	116
Mock_P04_1	11	375348	76
Mock_P04_1	11	375348	53
Mock_P04_1	11	375348	40
Mock_P04_1	11	375348	94
Mock_P04_1	11	375348	31
Mock_P04_1	11	375348	124
Mock_P04_1	11	375348	12
Mock_P04_1	11	375348	84
Mock_P04_1	12	383055	30
Mock_P04_1	12	383055	387
Mock_P04_1	13	332760	354
Mock_P04_1	14	312282	24
Mock_P04_1	14	312282	164
Mock_P04_1	14	312282	107
Mock_P04_1	15	344650	125
Mock_P04_1	15	344650	189
Mock_P04_1	16	336804	13
Mock_P04_1	16	336804	324
Mock_P04_1	17	336630	52
Mock_P04_1	17	336630	300
Mock_P04_1	18	245139	37
Mock_P04_1	18	245139	70
Mock_P04_1	18	245139	93
Mock_P04_1	18	245139	42
Mock_P04_1	18	245139	82
Mock_P04_1	18	245139	37
Mock_P04_1	18	245139	88
Mock_P04_1	18	245139	54
Mock_P04_1	18	245139	103
Mock_P04_1	18	245139	68
Mock_P04_1	18	245139	126
Mock_P04_1	18	245139	59
Mock_P04_1	18	245139	58
Mock_P04_1	18	245139	45
Mock_P04_1	18	245139	93
Mock_P04_1	18	245139	90
Mock_P04_1	18	245139	140
Mock_P04_1	18	245139	149
Mock_P04_1	18	245139	290
Mock_P04_1	18	245139	78
Mock_P04_1	18	245139	34
Mock_P04_1	18	245139	41
Mock_P04_1	18	245139	108
Mock_P04_1	18	245139	82
Mock_P04_1	18	245139	84
Mock_P04_1	18	245139	152
Mock_P04_1	18	245139	129
Mock_P04_1	18	245139	93
Mock_P04_1	18	245139	69
Mock_P04_1	18	245139	19
Mock_P04_1	18	245139	69
Mock_P04_1	18	245139	118
Mock_P04_1	18	245139	111
Mock_P04_1	18	245139	87
Mock_P04_1	18	245139	108
Mock_P04_1	18	245139	37
Mock_P04_1	18	245139	87
Mock_P04_1	18	245139	79
Mock_P04_1	18	245139	77
Mock_P04_1	18	245139	104
Mock_P04_1	18	245139	24
Mock_P04_1	18	245139	23
Mock_P04_1	18	245139	61
Mock_P04_1	18	245139	80
Mock_P04_1	18	245139	64
Mock_P04_1	18	245139	181
Mock_P04_1	18	245139	167
Mock_P04_1	18	245139	15
Mock_P04_1	18	245139	19
Mock_P04_1	18	245139	39
Mock_P04_1	18	245139	70
Mock_P04_1	18	245139	42
Mock_P04_1	18	245139	23
Mock_P04_1	18	245139	74
Mock_P04_1	18	245139	37
Mock_P04_1	18	245139	113
Mock_P04_1	18	245139	90
Mock_P04_1	18	245139	137
Mock_P04_1	18	245139	83
Mock_P04_1	18	245139	43
Mock_P04_1	18	245139	139
Mock_P04_1	18	245139	16
Mock_P04_1	18	245139	26
Mock_P04_1	18	245139	71
Mock_P04_1	18	245139	85
Mock_P04_1	18	245139	31
Mock_P04_1	18	245139	19
Mock_P04_1	18	245139	55
Mock_P04_1	18	245139	84
Mock_P04_1	18	245139	42
Mock_P04_1	18	245139	50
Mock_P04_1	18	245139	17
Mock_P04_1	18	245139	73
Mock_P04_1	18	245139	105
Mock_P04_1	18	245139	34
Mock_P04_1	18	245139	25
Mock_P04_1	18	245139	14
Mock_P04_1	18	245139	35
Mock_P04_1	18	245139	103
Mock_P04_1	18	245139	23
Mock_P04_1	18	245139	67
Mock_P04_1	18	245139	19
Mock_P04_1	18	245139	76
Mock_P04_1	18	245139	37
Mock_P04_1	18	245139	15
Mock_P04_1	18	245139	52
Mock_P04_1	18	245139	64
Mock_P04_1	18	245139	11
Mock_P04_1	18	245139	150
Mock_P04_1	18	245139	394
Mock_P04_1	18	245139	36
Mock_P04_1	18	245139	145
Mock_P04_1	18	245139	48
Mock_P04_1	18	245139	112
Mock_P04_1	18	245139	21
Mock_P04_1	18	245139	22
Mock_P04_1	18	245139	77
Mock_P04_1	18	245139	32
Mock_P04_1	18	245139	79
Mock_P04_1	18	245139	121
Mock_P04_1	18	245139	106
Mock_P04_1	18	245139	175
Mock_P04_1	18	245139	19
Mock_P04_1	18	245139	41
Mock_P04_1	18	245139	93
Mock_P04_1	18	245139	56
Mock_P04_1	18	245139	15
Mock_P04_1	18	245139	134
Mock_P04_1	18	245139	68
Mock_P04_1	18	245139	101
Mock_P04_1	18	245139	93
Mock_P04_1	18	245139	63
Mock_P04_1	18	245139	25
Mock_P04_1	18	245139	86
Mock_P04_1	18	245139	169
Mock_P04_1	18	245139	59
Mock_P04_1	18	245139	38
Mock_P04_1	18	245139	55
Mock_P04_1	18	245139	49
Mock_P04_1	18	245139	42
Mock_P04_1	18	245139	34
Mock_P04_1	18	245139	22
Mock_P04_1	19	208294	34
Mock_P04_1	19	208294	21
Mock_P04_1	19	208294	49
Mock_P04_1	19	208294	49
Mock_P04_1	19	208294	60
Mock_P04_1	19	208294	40
Mock_P04_1	19	208294	80
Mock_P04_1	19	208294	82
Mock_P04_1	19	208294	73
Mock_P04_1	19	208294	90
Mock_P04_1	19	208294	100
Mock_P04_1	19	208294	134
Mock_P04_1	19	208294	16
Mock_P04_1	19	208294	95
Mock_P04_1	19	208294	107
Mock_P04_1	19	208294	78
Mock_P04_1	19	208294	58
Mock_P04_1	19	208294	217
Mock_P04_1	19	208294	102
Mock_P04_1	19	208294	81
Mock_P04_1	19	208294	84
Mock_P04_1	19	208294	81
Mock_P04_1	19	208294	92
Mock_P04_1	19	208294	103
Mock_P04_1	19	208294	85
Mock_P04_1	19	208294	72
Mock_P04_1	19	208294	200
Mock_P04_1	19	208294	57
Mock_P04_1	19	208294	80
Mock_P04_1	19	208294	113
Mock_P04_1	19	208294	74
Mock_P04_1	19	208294	81
Mock_P04_1	19	208294	17
Mock_P04_1	19	208294	15
Mock_P04_1	19	208294	96
Mock_P04_1	19	208294	47
Mock_P04_1	19	208294	70
Mock_P04_1	19	208294	100
Mock_P04_1	19	208294	71
Mock_P04_1	19	208294	105
Mock_P04_1	19	208294	14
Mock_P04_1	19	208294	44
Mock_P04_1	19	208294	68
Mock_P04_1	19	208294	44
Mock_P04_1	19	208294	208
Mock_P04_1	19	208294	123
Mock_P04_1	19	208294	163
Mock_P04_1	19	208294	52
Mock_P04_1	19	208294	65
Mock_P04_1	19	208294	123
Mock_P04_1	19	208294	219
Mock_P04_1	19	208294	153
Mock_P04_1	19	208294	85
Mock_P04_1	19	208294	182
Mock_P04_1	19	208294	177
Mock_P04_1	19	208294	128
Mock_P04_1	19	208294	80
Mock_P04_1	19	208294	153
Mock_P04_1	19	208294	75
Mock_P04_1	19	208294	60
Mock_P04_1	19	208294	132
Mock_P04_1	19	208294	80
Mock_P04_1	19	208294	100
Mock_P04_1	19	208294	78
Mock_P04_1	19	208294	19
Mock_P04_1	19	208294	100
Mock_P04_1	19	208294	46
Mock_P04_1	19	208294	43
Mock_P04_1	19	208294	33
Mock_P04_1	19	208294	98
Mock_P04_1	19	208294	60
Mock_P04_1	19	208294	19
Mock_P04_1	19	208294	42
Mock_P04_1	19	208294	81
Mock_P04_1	19	208294	73
Mock_P04_1	19	208294	72
Mock_P04_1	19	208294	108
Mock_P04_1	19	208294	34
Mock_P04_1	19	208294	78
Mock_P04_1	19	208294	111
Mock_P04_1	19	208294	75
Mock_P04_1	19	208294	109
Mock_P04_1	19	208294	99
Mock_P04_1	19	208294	100
Mock_P04_1	19	208294	52
Mock_P04_1	19	208294	107
Mock_P04_1	19	208294	46
Mock_P04_1	20	267206	31
Mock_P04_1	20	267206	23
Mock_P04_1	20	267206	69
Mock_P04_1	20	267206	83
Mock_P04_1	20	267206	28
Mock_P04_1	20	267206	37
Mock_P04_1	20	267206	38
Mock_P04_1	20	267206	47
Mock_P04_1	20	267206	27
Mock_P04_1	20	267206	39
Mock_P04_1	20	267206	12
Mock_P04_1	20	267206	21
Mock_P04_1	20	267206	35
Mock_P04_1	20	267206	86
Mock_P04_1	20	267206	85
Mock_P04_1	20	267206	29
Mock_P04_1	20	267206	40
Mock_P04_1	20	267206	105
Mock_P04_1	20	267206	99
Mock_P04_1	20	267206	47
Mock_P04_1	20	267206	61
Mock_P04_1	20	267206	68
Mock_P04_1	20	267206	36
Mock_P04_1	20	267206	66
Mock_P04_1	20	267206	61
Mock_P04_1	20	267206	124
Mock_P04_1	20	267206	65
Mock_P04_1	20	267206	28
Mock_P04_1	20	267206	100
Mock_P04_1	20	267206	96
Mock_P04_1	20	267206	10
Mock_P04_1	20	267206	98
Mock_P04_1	20	267206	24
Mock_P04_1	20	267206	59
Mock_P04_1	20	267206	59
Mock_P04_1	20	267206	130
Mock_P04_1	20	267206	45
Mock_P04_1	20	267206	40
Mock_P04_1	20	267206	96
Mock_P04_1	20	267206	86
Mock_P04_1	20	267206	53
Mock_P04_1	20	267206	100
Mock_P04_1	20	267206	139
Mock_P04_1	20	267206	41
Mock_P04_1	20	267206	65
Mock_P04_1	20	267206	10
Mock_P04_1	20	267206	49
Mock_P04_1	20	267206	46
Mock_P04_1	20	267206	38
Mock_P04_1	20	267206	28
Mock_P04_1	20	267206	133
Mock_P04_1	20	267206	51
Mock_P04_1	20	267206	56
Mock_P04_1	20	267206	63
Mock_P04_1	20	267206	48
Mock_P04_1	20	267206	77
Mock_P04_1	20	267206	74
Mock_P04_1	20	267206	40
Mock_P04_1	20	267206	74
Mock_P04_1	20	267206	28
Mock_P04_1	20	267206	91
Mock_P04_1	20	267206	50
Mock_P04_1	20	267206	70
Mock_P04_1	20	267206	17
Mock_P04_1	20	267206	105
Mock_P04_1	20	267206	75
Mock_P04_1	20	267206	335
Mock_P04_1	20	267206	67
Mock_P04_1	20	267206	52
Mock_P04_1	20	267206	21
Mock_P04_1	20	267206	92
Mock_P04_1	20	267206	19
Mock_P04_1	20	267206	11
Mock_P04_1	20	267206	24
Mock_P04_1	20	267206	66
Mock_P04_1	20	267206	63
Mock_P04_1	20	267206	53
Mock_P04_1	20	267206	85
Mock_P04_1	20	267206	35
Mock_P04_1	20	267206	75
Mock_P04_1	20	267206	51
Mock_P04_1	20	267206	11
Mock_P04_1	20	267206	46
Mock_P04_1	20	267206	34
Mock_P04_1	20	267206	10
Mock_P04_1	20	267206	65
Mock_P04_1	20	267206	18
Mock_P04_1	20	267206	46
Mock_P04_1	20	267206	29
Mock_P04_1	20	267206	100
Mock_P04_1	20	267206	51
Mock_P04_1	20	267206	49
Mock_P04_1	20	267206	55
Mock_P04_1	20	267206	65
Mock_P04_1	21	309516	106
Mock_P04_1	21	309516	122
Mock_P04_1	21	309516	101
Mock_P04_1	21	309516	76
Mock_P04_1	21	309516	103
Mock_P04_1	21	309516	104
Mock_P04_1	21	309516	199
Mock_P04_1	21	309516	74
Mock_P04_1	21	309516	31
Mock_P04_1	21	309516	87
Mock_P04_1	21	309516	47
Mock_P04_1	21	309516	75
Mock_P04_1	21	309516	86
Mock_P04_1	21	309516	195
Mock_P04_1	21	309516	32
Mock_P04_1	21	309516	120
Mock_P04_1	21	309516	100
Mock_P04_1	21	309516	87
Mock_P04_1	21	309516	101
Mock_P04_1	21	309516	100
Mock_P04_1	21	309516	62
Mock_P04_1	21	309516	113
Mock_P04_1	21	309516	98
Mock_P04_1	21	309516	92
Mock_P04_1	21	309516	78
Mock_P04_1	21	309516	84
Mock_P04_1	21	309516	34
Mock_P04_1	21	309516	72
Mock_P04_1	21	309516	75
Mock_P04_1	21	309516	131
Mock_P04_1	21	309516	72
Mock_P04_1	21	309516	159
Mock_P04_1	21	309516	91
Mock_P04_1	21	309516	53
Mock_P04_1	21	309516	85
Mock_P04_1	21	309516	11
Mock_P04_1	21	309516	89
Mock_P04_1	21	309516	81
Mock_P04_1	21	309516	74
Mock_P04_1	21	309516	156
Mock_P04_1	21	309516	49
Mock_P04_1	21	309516	99
Mock_P04_1	21	309516	106
Mock_P04_1	21	309516	48
Mock_P04_1	21	309516	83
Mock_P04_1	21	309516	92
Mock_P04_1	21	309516	100
Mock_P04_1	21	309516	59
Mock_P04_1	21	309516	91
Mock_P04_1	21	309516	92
Mock_P04_1	21	309516	181
Mock_P04_1	21	309516	90
Mock_P04_1	21	309516	83
Mock_P04_1	21	309516	220
Mock_P04_1	21	309516	81
Mock_P04_1	21	309516	74
Mock_P04_1	21	309516	126
Mock_P04_1	21	309516	113
Mock_P04_1	21	309516	152
Mock_P04_1	21	309516	43
Mock_P04_1	21	309516	77
Mock_P04_1	21	309516	71
Mock_P04_1	21	309516	137
Mock_P04_1	21	309516	219
Mock_P04_1	21	309516	68
Mock_P04_1	21	309516	171
Mock_P04_1	21	309516	110
Mock_P04_1	21	309516	104
Mock_P04_1	21	309516	149
Mock_P04_1	21	309516	67
Mock_P04_1	21	309516	48
Mock_P04_1	21	309516	170
Mock_P04_1	21	309516	130
Mock_P04_1	21	309516	84
Mock_P04_1	21	309516	105
Mock_P04_1	21	309516	62
Mock_P04_1	21	309516	89
Mock_P04_1	21	309516	107
Mock_P04_1	21	309516	90
Mock_P04_1	21	309516	106
Mock_P04_1	21	309516	102
Mock_P04_1	21	309516	23
Mock_P04_1	21	309516	58
Mock_P04_1	21	309516	122
Mock_P04_1	21	309516	80
Mock_P04_1	21	309516	87
Mock_P04_1	21	309516	47
Mock_P04_1	21	309516	83
Mock_P04_1	21	309516	10
Mock_P04_1	21	309516	111
Mock_P04_1	21	309516	108
Mock_P04_1	21	309516	33
Mock_P04_1	21	309516	96
Mock_P04_1	21	309516	263
Mock_P04_1	21	309516	14
Mock_P04_1	21	309516	83
Mock_P04_1	21	309516	236
Mock_P04_1	21	309516	30
Mock_P04_1	21	309516	80
Mock_P04_1	21	309516	85
Mock_P04_1	21	309516	96
Mock_P04_1	21	309516	28
Mock_P04_1	21	309516	103
Mock_P04_1	21	309516	43
Mock_P04_1	21	309516	70
Mock_P04_1	21	309516	62
Mock_P04_1	21	309516	113
Mock_P04_1	21	309516	119
Mock_P04_1	21	309516	86
Mock_P04_1	21	309516	117
Mock_P04_1	21	309516	145
Mock_P04_1	21	309516	76
Mock_P04_1	21	309516	183
Mock_P04_1	21	309516	70
Mock_P04_1	21	309516	36
Mock_P04_1	21	309516	86
Mock_P04_1	21	309516	46
Mock_P04_1	21	309516	81
Mock_P04_1	21	309516	82
Mock_P04_1	21	309516	71
Mock_P04_1	21	309516	53
Mock_P04_1	21	309516	69
Mock_P04_1	21	309516	67
Mock_P04_1	21	309516	64
Mock_P04_1	21	309516	74
Mock_P04_1	21	309516	222
Mock_P04_1	21	309516	126
Mock_P04_1	21	309516	89
Mock_P04_1	21	309516	69
Mock_P04_1	21	309516	102
Mock_P04_1	21	309516	52
Mock_P04_1	21	309516	69
Mock_P04_1	21	309516	121
Mock_P04_1	21	309516	64
Mock_P04_1	21	309516	84
Mock_P04_1	21	309516	40
Mock_P04_1	21	309516	32
Mock_P04_1	21	309516	55
Mock_P04_1	21	309516	99
Mock_P04_1	21	309516	103
Mock_P04_1	21	309516	160
Mock_P04_1	21	309516	48
Mock_P04_1	21	309516	10
Mock_P04_1	21	309516	87
Mock_P04_1	21	309516	621
Mock_P04_1	21	309516	66
Mock_P04_1	21	309516	77
Mock_P04_1	21	309516	102
Mock_P04_1	21	309516	81
Mock_P04_1	21	309516	142
Mock_P04_1	21	309516	16
Mock_P04_1	21	309516	65
Mock_P04_1	21	309516	73
Mock_P04_1	21	309516	146
Mock_P04_1	21	309516	20
Mock_P04_1	21	309516	85
Mock_P04_1	21	309516	207
Mock_P04_1	21	309516	28
Mock_P04_1	21	309516	82
Mock_P04_1	21	309516	114
Mock_P04_1	21	309516	53
Mock_P04_1	21	309516	176
Mock_P04_1	21	309516	103
Mock_P04_1	21	309516	62
Mock_P04_1	21	309516	56
Mock_P04_1	21	309516	129
Mock_P04_1	21	309516	41
Mock_P04_1	21	309516	89
Mock_P04_1	21	309516	13
Mock_P04_1	21	309516	83
Mock_P04_1	21	309516	139
Mock_P04_1	21	309516	48
Mock_P04_1	21	309516	101
Mock_P04_1	21	309516	54
Mock_P04_1	21	309516	92
Mock_P04_1	21	309516	55
Mock_P04_1	21	309516	64
Mock_P04_1	21	309516	78
Mock_P04_1	21	309516	79
Mock_P04_1	21	309516	26
Mock_P04_1	21	309516	89
Mock_P04_1	21	309516	98
Mock_P04_1	21	309516	106
Mock_P04_1	21	309516	106
Mock_P04_1	21	309516	17
Mock_P04_1	21	309516	11
Mock_P04_1	21	309516	111
Mock_P04_1	21	309516	63
Mock_P04_1	21	309516	70
Mock_P04_1	22	284004	36
Mock_P04_1	22	284004	93
Mock_P04_1	22	284004	55
Mock_P04_1	22	284004	89
Mock_P04_1	22	284004	48
Mock_P04_1	22	284004	10
Mock_P04_1	22	284004	13
Mock_P04_1	22	284004	44
Mock_P04_1	22	284004	17
Mock_P04_1	22	284004	66
Mock_P04_1	22	284004	33
Mock_P04_1	22	284004	59
Mock_P04_1	22	284004	64
Mock_P04_1	22	284004	33
Mock_P04_1	22	284004	10
Mock_P04_1	22	284004	108
Mock_P04_1	22	284004	17
Mock_P04_1	22	284004	55
Mock_P04_1	22	284004	83
Mock_P04_1	22	284004	41
Mock_P04_1	22	284004	68
Mock_P04_1	22	284004	111
Mock_P04_1	22	284004	140
Mock_P04_1	22	284004	119
Mock_P04_1	22	284004	27
Mock_P04_1	22	284004	73
Mock_P04_1	22	284004	121
Mock_P04_1	22	284004	113
Mock_P04_1	22	284004	152
Mock_P04_1	22	284004	70
Mock_P04_1	22	284004	153
Mock_P04_1	22	284004	82
Mock_P04_1	22	284004	111
Mock_P04_1	22	284004	85
Mock_P04_1	22	284004	91
Mock_P04_1	22	284004	168
Mock_P04_1	22	284004	67
Mock_P04_1	22	284004	102
Mock_P04_1	22	284004	131
Mock_P04_1	22	284004	157
Mock_P04_1	22	284004	88
Mock_P04_1	22	284004	235
Mock_P04_1	22	284004	102
Mock_P04_1	22	284004	113
Mock_P04_1	22	284004	115
Mock_P04_1	22	284004	100
Mock_P04_1	22	284004	80
Mock_P04_1	22	284004	72
Mock_P04_1	22	284004	149
Mock_P04_1	22	284004	119
Mock_P04_1	22	284004	164
Mock_P04_1	22	284004	123
Mock_P04_1	22	284004	173
Mock_P04_1	22	284004	471
Mock_P04_1	22	284004	159
Mock_P04_1	22	284004	259
Mock_P04_1	22	284004	134
Mock_P04_1	22	284004	76
Mock_P04_1	22	284004	104
Mock_P04_1	22	284004	94
Mock_P04_1	22	284004	58
Mock_P04_1	22	284004	41
Mock_P04_1	22	284004	73
Mock_P04_1	22	284004	99
Mock_P04_1	22	284004	251
Mock_P04_1	22	284004	151
Mock_P04_1	22	284004	135
Mock_P04_1	22	284004	112
Mock_P04_1	22	284004	31
Mock_P04_1	22	284004	49
Mock_P04_1	22	284004	92
Mock_P04_1	22	284004	59
Mock_P04_1	22	284004	107
Mock_P04_1	22	284004	110
Mock_P04_1	22	284004	22
Mock_P04_1	22	284004	72
Mock_P04_1	22	284004	24
Mock_P04_1	22	284004	138
Mock_P04_1	22	284004	87
Mock_P04_1	22	284004	28
Mock_P04_1	22	284004	68
Mock_P04_1	22	284004	164
Mock_P04_1	22	284004	73
Mock_P04_1	22	284004	19
Mock_P04_1	23	326854	10
Mock_P04_1	23	326854	53
Mock_P04_1	23	326854	203
Mock_P04_1	23	326854	101
Mock_P04_1	23	326854	230
Mock_P04_1	23	326854	151
Mock_P04_1	23	326854	22
Mock_P04_1	23	326854	88
Mock_P04_1	23	326854	89
Mock_P04_1	23	326854	25
Mock_P04_1	23	326854	162
Mock_P04_1	23	326854	91
Mock_P04_1	23	326854	103
Mock_P04_1	23	326854	113
Mock_P04_1	23	326854	70
Mock_P04_1	23	326854	66
Mock_P04_1	23	326854	102
Mock_P04_1	23	326854	50
Mock_P04_1	23	326854	129
Mock_P04_1	23	326854	48
Mock_P04_1	23	326854	74
Mock_P04_1	23	326854	95
Mock_P04_1	23	326854	121
Mock_P04_1	23	326854	100
Mock_P04_1	23	326854	153
Mock_P04_1	23	326854	67
Mock_P04_1	23	326854	94
Mock_P04_1	23	326854	420
Mock_P04_1	23	326854	124
Mock_P04_1	23	326854	174
Mock_P04_1	23	326854	124
Mock_P04_1	23	326854	16
Mock_P04_1	23	326854	141
Mock_P04_1	23	326854	149
Mock_P04_1	23	326854	148
Mock_P04_1	23	326854	15
Mock_P04_1	23	326854	88
Mock_P04_1	23	326854	107
Mock_P04_1	23	326854	49
Mock_P04_1	23	326854	24
Mock_P04_1	23	326854	76
Mock_P04_1	23	326854	90
Mock_P04_1	23	326854	43
Mock_P04_1	23	326854	73
Mock_P04_1	23	326854	76
Mock_P04_1	23	326854	81
Mock_P04_1	23	326854	30
Mock_P04_1	23	326854	153
Mock_P04_1	23	326854	61
Mock_P04_1	23	326854	44
Mock_P04_1	23	326854	51
Mock_P04_1	23	326854	148
Mock_P04_1	23	326854	59
Mock_P04_1	23	326854	105
Mock_P04_1	23	326854	123
Mock_P04_1	23	326854	134
Mock_P04_1	23	326854	113
Mock_P04_1	23	326854	149
Mock_P04_1	23	326854	128
Mock_P04_1	23	326854	66
Mock_P04_1	23	326854	96
Mock_P04_1	23	326854	171
Mock_P04_1	23	326854	120
Mock_P04_1	23	326854	12
Mock_P04_1	23	326854	82
Mock_P04_1	23	326854	149
Mock_P04_1	23	326854	91
Mock_P04_1	23	326854	259
Mock_P04_1	23	326854	74
Mock_P04_1	23	326854	36
Mock_P04_1	23	326854	80
Mock_P04_1	23	326854	185
Mock_P04_1	23	326854	98
Mock_P04_1	23	326854	118
Mock_P04_1	23	326854	29
Mock_P04_1	23	326854	120
Mock_P04_1	23	326854	151
Mock_P04_1	23	326854	38
Mock_P04_1	23	326854	60
Mock_P04_1	23	326854	89
Mock_P04_1	23	326854	89
Mock_P04_1	23	326854	80
Mock_P04_1	23	326854	86
Mock_P04_1	23	326854	60
Mock_P04_1	23	326854	36
Mock_P04_1	23	326854	76
Mock_P04_1	23	326854	44
Mock_P04_1	23	326854	132
Mock_P04_1	23	326854	92
Mock_P04_1	23	326854	170
Mock_P04_1	23	326854	61
Mock_P04_1	23	326854	63
Mock_P04_1	23	326854	131
Mock_P04_1	23	326854	102
Mock_P04_1	23	326854	93
Mock_P04_1	23	326854	138
Mock_P04_1	23	326854	53
Mock_P04_1	23	326854	90
Mock_P04_1	23	326854	77
Mock_P04_1	23	326854	119
Mock_P04_1	23	326854	175
Mock_P04_1	23	326854	76
Mock_P04_1	23	326854	107
Mock_P04_1	23	326854	47
Mock_P04_1	23	326854	70
Mock_P04_1	23	326854	28
Mock_P04_1	23	326854	75
Mock_P04_1	23	326854	78
Mock_P04_1	23	326854	93
Mock_P04_1	23	326854	142
Mock_P04_1	23	326854	85
Mock_P04_1	23	326854	487
Mock_P04_1	23	326854	34
Mock_P04_1	23	326854	43
Mock_P04_1	23	326854	52
Mock_P04_1	23	326854	64
Mock_P04_1	23	326854	61
Mock_P04_1	23	326854	44
Mock_P04_1	23	326854	95
Mock_P04_1	23	326854	127
Mock_P04_1	23	326854	42
Mock_P04_1	23	326854	41
Mock_P04_1	23	326854	40
Mock_P04_1	23	326854	70
Mock_P04_1	23	326854	22
Mock_P04_1	23	326854	62
Mock_P04_1	23	326854	55
Mock_P04_1	23	326854	23
Mock_P04_1	23	326854	86
Mock_P04_1	23	326854	146
Mock_P04_1	23	326854	16
Mock_P04_1	23	326854	112
Mock_P04_1	23	326854	254
Mock_P04_1	23	326854	104
Mock_P04_1	23	326854	135
Mock_P04_1	23	326854	11
Mock_P04_1	23	326854	15
Mock_P04_1	23	326854	104
Mock_P04_1	23	326854	97
Mock_P04_1	23	326854	93
Mock_P04_1	23	326854	106
Mock_P04_1	23	326854	25
Mock_P04_1	23	326854	11
Mock_P04_1	23	326854	52
Mock_P04_1	23	326854	256
Mock_P04_1	23	326854	85
Mock_P04_1	23	326854	11
