fichier	leaf	surfaceLeaf	surfaceLesion
Mock_P07_1	1	310379	47
Mock_P07_1	1	310379	61
Mock_P07_1	1	310379	40
Mock_P07_1	1	310379	52
Mock_P07_1	1	310379	58
Mock_P07_1	1	310379	54
Mock_P07_1	1	310379	37
Mock_P07_1	1	310379	79
Mock_P07_1	1	310379	96
Mock_P07_1	1	310379	49
Mock_P07_1	1	310379	77
Mock_P07_1	1	310379	74
Mock_P07_1	1	310379	126
Mock_P07_1	1	310379	56
Mock_P07_1	1	310379	75
Mock_P07_1	1	310379	61
Mock_P07_1	1	310379	75
Mock_P07_1	1	310379	179
Mock_P07_1	1	310379	100
Mock_P07_1	1	310379	100
Mock_P07_1	1	310379	120
Mock_P07_1	1	310379	116
Mock_P07_1	1	310379	81
Mock_P07_1	1	310379	81
Mock_P07_1	1	310379	121
Mock_P07_1	1	310379	34
Mock_P07_1	1	310379	151
Mock_P07_1	1	310379	113
Mock_P07_1	1	310379	104
Mock_P07_1	1	310379	114
Mock_P07_1	1	310379	40
Mock_P07_1	1	310379	71
Mock_P07_1	1	310379	92
Mock_P07_1	1	310379	105
Mock_P07_1	1	310379	54
Mock_P07_1	1	310379	21
Mock_P07_1	1	310379	67
Mock_P07_1	1	310379	113
Mock_P07_1	1	310379	82
Mock_P07_1	1	310379	55
Mock_P07_1	1	310379	210
Mock_P07_1	1	310379	174
Mock_P07_1	1	310379	75
Mock_P07_1	1	310379	33
Mock_P07_1	1	310379	111
Mock_P07_1	1	310379	10
Mock_P07_1	1	310379	98
Mock_P07_1	1	310379	127
Mock_P07_1	1	310379	79
Mock_P07_1	1	310379	71
Mock_P07_1	1	310379	47
Mock_P07_1	1	310379	97
Mock_P07_1	1	310379	156
Mock_P07_1	1	310379	79
Mock_P07_1	1	310379	56
Mock_P07_1	1	310379	76
Mock_P07_1	1	310379	106
Mock_P07_1	1	310379	52
Mock_P07_1	1	310379	17
Mock_P07_1	1	310379	60
Mock_P07_1	1	310379	112
Mock_P07_1	1	310379	55
Mock_P07_1	1	310379	126
Mock_P07_1	1	310379	118
Mock_P07_1	1	310379	125
Mock_P07_1	1	310379	92
Mock_P07_1	1	310379	30
Mock_P07_1	1	310379	58
Mock_P07_1	1	310379	42
Mock_P07_1	1	310379	44
Mock_P07_1	1	310379	103
Mock_P07_1	1	310379	72
Mock_P07_1	1	310379	56
Mock_P07_1	1	310379	100
Mock_P07_1	1	310379	43
Mock_P07_1	1	310379	146
Mock_P07_1	1	310379	112
Mock_P07_1	1	310379	74
Mock_P07_1	1	310379	99
Mock_P07_1	1	310379	58
Mock_P07_1	1	310379	54
Mock_P07_1	1	310379	108
Mock_P07_1	1	310379	111
Mock_P07_1	1	310379	95
Mock_P07_1	1	310379	86
Mock_P07_1	1	310379	78
Mock_P07_1	1	310379	52
Mock_P07_1	2	366832	86
Mock_P07_1	2	366832	86
Mock_P07_1	2	366832	52
Mock_P07_1	2	366832	94
Mock_P07_1	2	366832	49
Mock_P07_1	2	366832	110
Mock_P07_1	2	366832	78
Mock_P07_1	2	366832	98
Mock_P07_1	2	366832	35
Mock_P07_1	2	366832	120
Mock_P07_1	2	366832	72
Mock_P07_1	2	366832	87
Mock_P07_1	2	366832	73
Mock_P07_1	2	366832	73
Mock_P07_1	2	366832	69
Mock_P07_1	2	366832	56
Mock_P07_1	2	366832	70
Mock_P07_1	2	366832	96
Mock_P07_1	2	366832	116
Mock_P07_1	2	366832	94
Mock_P07_1	2	366832	75
Mock_P07_1	2	366832	184
Mock_P07_1	2	366832	256
Mock_P07_1	2	366832	68
Mock_P07_1	2	366832	103
Mock_P07_1	2	366832	77
Mock_P07_1	2	366832	181
Mock_P07_1	2	366832	145
Mock_P07_1	2	366832	61
Mock_P07_1	2	366832	21
Mock_P07_1	2	366832	101
Mock_P07_1	2	366832	74
Mock_P07_1	2	366832	139
Mock_P07_1	2	366832	88
Mock_P07_1	2	366832	103
Mock_P07_1	2	366832	181
Mock_P07_1	2	366832	56
Mock_P07_1	2	366832	152
Mock_P07_1	2	366832	152
Mock_P07_1	2	366832	70
Mock_P07_1	2	366832	81
Mock_P07_1	2	366832	95
Mock_P07_1	2	366832	71
Mock_P07_1	2	366832	116
Mock_P07_1	2	366832	93
Mock_P07_1	2	366832	70
Mock_P07_1	2	366832	124
Mock_P07_1	2	366832	53
Mock_P07_1	2	366832	92
Mock_P07_1	2	366832	131
Mock_P07_1	2	366832	55
Mock_P07_1	2	366832	82
Mock_P07_1	2	366832	132
Mock_P07_1	2	366832	84
Mock_P07_1	2	366832	115
Mock_P07_1	2	366832	90
Mock_P07_1	2	366832	68
Mock_P07_1	2	366832	76
Mock_P07_1	2	366832	40
Mock_P07_1	2	366832	175
Mock_P07_1	2	366832	81
Mock_P07_1	2	366832	130
Mock_P07_1	2	366832	150
Mock_P07_1	2	366832	80
Mock_P07_1	2	366832	55
Mock_P07_1	2	366832	85
Mock_P07_1	2	366832	67
Mock_P07_1	2	366832	61
Mock_P07_1	2	366832	73
Mock_P07_1	2	366832	99
Mock_P07_1	2	366832	160
Mock_P07_1	2	366832	23
Mock_P07_1	2	366832	158
Mock_P07_1	2	366832	113
Mock_P07_1	2	366832	81
Mock_P07_1	2	366832	124
Mock_P07_1	2	366832	73
Mock_P07_1	2	366832	62
Mock_P07_1	2	366832	14
Mock_P07_1	2	366832	41
Mock_P07_1	2	366832	87
Mock_P07_1	2	366832	96
Mock_P07_1	2	366832	86
Mock_P07_1	2	366832	118
Mock_P07_1	2	366832	83
Mock_P07_1	2	366832	82
Mock_P07_1	2	366832	56
Mock_P07_1	2	366832	31
Mock_P07_1	2	366832	58
Mock_P07_1	2	366832	56
Mock_P07_1	2	366832	49
Mock_P07_1	2	366832	83
Mock_P07_1	2	366832	145
Mock_P07_1	2	366832	64
Mock_P07_1	2	366832	75
Mock_P07_1	2	366832	148
Mock_P07_1	2	366832	74
Mock_P07_1	2	366832	74
Mock_P07_1	2	366832	65
Mock_P07_1	2	366832	43
Mock_P07_1	2	366832	78
Mock_P07_1	2	366832	68
Mock_P07_1	2	366832	23
Mock_P07_1	2	366832	37
Mock_P07_1	2	366832	54
Mock_P07_1	2	366832	114
Mock_P07_1	2	366832	73
Mock_P07_1	2	366832	101
Mock_P07_1	2	366832	58
Mock_P07_1	2	366832	53
Mock_P07_1	2	366832	372
Mock_P07_1	2	366832	143
Mock_P07_1	2	366832	85
Mock_P07_1	2	366832	50
Mock_P07_1	2	366832	109
Mock_P07_1	2	366832	91
Mock_P07_1	2	366832	54
Mock_P07_1	2	366832	127
Mock_P07_1	2	366832	29
Mock_P07_1	2	366832	39
Mock_P07_1	2	366832	33
Mock_P07_1	2	366832	15
Mock_P07_1	2	366832	87
Mock_P07_1	2	366832	38
Mock_P07_1	2	366832	49
Mock_P07_1	2	366832	32
Mock_P07_1	2	366832	48
Mock_P07_1	2	366832	46
Mock_P07_1	2	366832	54
Mock_P07_1	2	366832	12
Mock_P07_1	2	366832	63
Mock_P07_1	2	366832	172
Mock_P07_1	2	366832	61
Mock_P07_1	2	366832	63
Mock_P07_1	2	366832	68
Mock_P07_1	2	366832	131
Mock_P07_1	2	366832	95
Mock_P07_1	2	366832	104
Mock_P07_1	2	366832	71
Mock_P07_1	2	366832	86
Mock_P07_1	2	366832	116
Mock_P07_1	2	366832	32
Mock_P07_1	2	366832	91
Mock_P07_1	2	366832	88
Mock_P07_1	2	366832	78
Mock_P07_1	2	366832	53
Mock_P07_1	2	366832	119
Mock_P07_1	2	366832	78
Mock_P07_1	2	366832	117
Mock_P07_1	2	366832	35
Mock_P07_1	2	366832	56
Mock_P07_1	2	366832	40
Mock_P07_1	2	366832	153
Mock_P07_1	2	366832	94
Mock_P07_1	2	366832	83
Mock_P07_1	2	366832	160
Mock_P07_1	2	366832	61
Mock_P07_1	2	366832	83
Mock_P07_1	2	366832	108
Mock_P07_1	2	366832	68
Mock_P07_1	2	366832	42
Mock_P07_1	2	366832	31
Mock_P07_1	2	366832	15
Mock_P07_1	2	366832	40
Mock_P07_1	2	366832	44
Mock_P07_1	2	366832	80
Mock_P07_1	2	366832	44
Mock_P07_1	2	366832	227
Mock_P07_1	2	366832	206
Mock_P07_1	2	366832	79
Mock_P07_1	2	366832	28
Mock_P07_1	2	366832	97
Mock_P07_1	2	366832	170
Mock_P07_1	2	366832	42
Mock_P07_1	2	366832	68
Mock_P07_1	2	366832	28
Mock_P07_1	2	366832	69
Mock_P07_1	2	366832	20
Mock_P07_1	3	326425	56
Mock_P07_1	3	326425	64
Mock_P07_1	3	326425	76
Mock_P07_1	3	326425	26
Mock_P07_1	3	326425	110
Mock_P07_1	3	326425	141
Mock_P07_1	3	326425	100
Mock_P07_1	3	326425	101
Mock_P07_1	3	326425	84
Mock_P07_1	3	326425	79
Mock_P07_1	3	326425	87
Mock_P07_1	3	326425	150
Mock_P07_1	3	326425	92
Mock_P07_1	3	326425	137
Mock_P07_1	3	326425	90
Mock_P07_1	3	326425	176
Mock_P07_1	3	326425	83
Mock_P07_1	3	326425	114
Mock_P07_1	3	326425	92
Mock_P07_1	3	326425	68
Mock_P07_1	3	326425	139
Mock_P07_1	3	326425	96
Mock_P07_1	3	326425	184
Mock_P07_1	3	326425	106
Mock_P07_1	3	326425	148
Mock_P07_1	3	326425	132
Mock_P07_1	3	326425	68
Mock_P07_1	3	326425	100
Mock_P07_1	3	326425	78
Mock_P07_1	3	326425	312
Mock_P07_1	3	326425	70
Mock_P07_1	3	326425	72
Mock_P07_1	3	326425	99
Mock_P07_1	3	326425	137
Mock_P07_1	3	326425	99
Mock_P07_1	3	326425	14
Mock_P07_1	3	326425	131
Mock_P07_1	3	326425	96
Mock_P07_1	3	326425	88
Mock_P07_1	3	326425	135
Mock_P07_1	3	326425	108
Mock_P07_1	3	326425	83
Mock_P07_1	3	326425	83
Mock_P07_1	3	326425	95
Mock_P07_1	3	326425	95
Mock_P07_1	3	326425	142
Mock_P07_1	3	326425	67
Mock_P07_1	3	326425	171
Mock_P07_1	3	326425	133
Mock_P07_1	3	326425	128
Mock_P07_1	3	326425	87
Mock_P07_1	3	326425	67
Mock_P07_1	3	326425	96
Mock_P07_1	3	326425	89
Mock_P07_1	3	326425	95
Mock_P07_1	3	326425	75
Mock_P07_1	3	326425	83
Mock_P07_1	3	326425	200
Mock_P07_1	3	326425	101
Mock_P07_1	3	326425	195
Mock_P07_1	3	326425	183
Mock_P07_1	3	326425	25
Mock_P07_1	3	326425	69
Mock_P07_1	3	326425	144
Mock_P07_1	3	326425	236
Mock_P07_1	3	326425	57
Mock_P07_1	3	326425	92
Mock_P07_1	3	326425	189
Mock_P07_1	3	326425	134
Mock_P07_1	3	326425	113
Mock_P07_1	3	326425	82
Mock_P07_1	3	326425	15
Mock_P07_1	3	326425	111
Mock_P07_1	3	326425	125
Mock_P07_1	3	326425	74
Mock_P07_1	3	326425	96
Mock_P07_1	3	326425	101
Mock_P07_1	3	326425	56
Mock_P07_1	3	326425	51
Mock_P07_1	3	326425	25
Mock_P07_1	3	326425	89
Mock_P07_1	3	326425	125
Mock_P07_1	3	326425	129
Mock_P07_1	3	326425	43
Mock_P07_1	3	326425	52
Mock_P07_1	3	326425	82
Mock_P07_1	3	326425	68
Mock_P07_1	3	326425	263
Mock_P07_1	3	326425	69
Mock_P07_1	3	326425	61
Mock_P07_1	3	326425	101
Mock_P07_1	3	326425	78
Mock_P07_1	3	326425	119
Mock_P07_1	3	326425	149
Mock_P07_1	3	326425	113
Mock_P07_1	3	326425	140
Mock_P07_1	3	326425	67
Mock_P07_1	3	326425	177
Mock_P07_1	3	326425	103
Mock_P07_1	3	326425	15
Mock_P07_1	3	326425	81
Mock_P07_1	3	326425	293
Mock_P07_1	3	326425	52
Mock_P07_1	3	326425	139
Mock_P07_1	3	326425	98
Mock_P07_1	3	326425	94
Mock_P07_1	3	326425	81
Mock_P07_1	3	326425	43
Mock_P07_1	3	326425	112
Mock_P07_1	3	326425	146
Mock_P07_1	3	326425	190
Mock_P07_1	3	326425	112
Mock_P07_1	3	326425	103
Mock_P07_1	3	326425	123
Mock_P07_1	3	326425	103
Mock_P07_1	3	326425	73
Mock_P07_1	3	326425	90
Mock_P07_1	3	326425	131
Mock_P07_1	3	326425	111
Mock_P07_1	3	326425	93
Mock_P07_1	3	326425	52
Mock_P07_1	3	326425	146
Mock_P07_1	3	326425	55
Mock_P07_1	3	326425	60
Mock_P07_1	3	326425	122
Mock_P07_1	3	326425	46
Mock_P07_1	3	326425	57
Mock_P07_1	3	326425	52
Mock_P07_1	3	326425	202
Mock_P07_1	3	326425	128
Mock_P07_1	3	326425	92
Mock_P07_1	3	326425	17
Mock_P07_1	3	326425	124
Mock_P07_1	3	326425	58
Mock_P07_1	3	326425	132
Mock_P07_1	3	326425	128
Mock_P07_1	3	326425	76
Mock_P07_1	3	326425	46
Mock_P07_1	3	326425	70
Mock_P07_1	3	326425	91
Mock_P07_1	3	326425	26
Mock_P07_1	3	326425	95
Mock_P07_1	3	326425	59
Mock_P07_1	3	326425	64
Mock_P07_1	3	326425	97
Mock_P07_1	3	326425	74
Mock_P07_1	3	326425	95
Mock_P07_1	3	326425	86
Mock_P07_1	3	326425	126
Mock_P07_1	3	326425	99
Mock_P07_1	4	322181	21
Mock_P07_1	4	322181	94
Mock_P07_1	4	322181	142
Mock_P07_1	4	322181	104
Mock_P07_1	4	322181	139
Mock_P07_1	4	322181	13
Mock_P07_1	4	322181	25
Mock_P07_1	4	322181	166
Mock_P07_1	4	322181	130
Mock_P07_1	4	322181	137
Mock_P07_1	4	322181	63
Mock_P07_1	4	322181	71
Mock_P07_1	4	322181	149
Mock_P07_1	4	322181	91
Mock_P07_1	4	322181	73
Mock_P07_1	4	322181	113
Mock_P07_1	4	322181	94
Mock_P07_1	4	322181	213
Mock_P07_1	4	322181	89
Mock_P07_1	4	322181	200
Mock_P07_1	4	322181	52
Mock_P07_1	4	322181	161
Mock_P07_1	4	322181	192
Mock_P07_1	4	322181	120
Mock_P07_1	4	322181	124
Mock_P07_1	4	322181	102
Mock_P07_1	4	322181	206
Mock_P07_1	4	322181	135
Mock_P07_1	4	322181	156
Mock_P07_1	4	322181	154
Mock_P07_1	4	322181	194
Mock_P07_1	4	322181	86
Mock_P07_1	4	322181	61
Mock_P07_1	4	322181	106
Mock_P07_1	4	322181	73
Mock_P07_1	4	322181	82
Mock_P07_1	4	322181	216
Mock_P07_1	4	322181	146
Mock_P07_1	4	322181	41
Mock_P07_1	4	322181	224
Mock_P07_1	4	322181	111
Mock_P07_1	4	322181	27
Mock_P07_1	4	322181	119
Mock_P07_1	4	322181	44
Mock_P07_1	4	322181	299
Mock_P07_1	4	322181	109
Mock_P07_1	4	322181	96
Mock_P07_1	4	322181	286
Mock_P07_1	4	322181	101
Mock_P07_1	4	322181	129
Mock_P07_1	4	322181	90
Mock_P07_1	4	322181	146
Mock_P07_1	4	322181	109
Mock_P07_1	4	322181	157
Mock_P07_1	4	322181	127
Mock_P07_1	4	322181	210
Mock_P07_1	4	322181	125
Mock_P07_1	4	322181	98
Mock_P07_1	4	322181	181
Mock_P07_1	4	322181	72
Mock_P07_1	4	322181	112
Mock_P07_1	4	322181	87
Mock_P07_1	4	322181	162
Mock_P07_1	4	322181	77
Mock_P07_1	4	322181	225
Mock_P07_1	4	322181	52
Mock_P07_1	4	322181	69
Mock_P07_1	4	322181	55
Mock_P07_1	4	322181	126
Mock_P07_1	4	322181	168
Mock_P07_1	4	322181	88
Mock_P07_1	4	322181	154
Mock_P07_1	4	322181	111
Mock_P07_1	4	322181	27
Mock_P07_1	4	322181	199
Mock_P07_1	4	322181	31
Mock_P07_1	4	322181	28
Mock_P07_1	4	322181	62
Mock_P07_1	4	322181	96
Mock_P07_1	4	322181	81
Mock_P07_1	4	322181	175
Mock_P07_1	4	322181	119
Mock_P07_1	4	322181	164
Mock_P07_1	4	322181	111
Mock_P07_1	4	322181	157
Mock_P07_1	4	322181	148
Mock_P07_1	4	322181	79
Mock_P07_1	4	322181	95
Mock_P07_1	4	322181	50
Mock_P07_1	4	322181	82
Mock_P07_1	4	322181	92
Mock_P07_1	4	322181	115
Mock_P07_1	4	322181	139
Mock_P07_1	4	322181	124
Mock_P07_1	4	322181	92
Mock_P07_1	4	322181	147
Mock_P07_1	4	322181	220
Mock_P07_1	4	322181	146
Mock_P07_1	4	322181	87
Mock_P07_1	4	322181	287
Mock_P07_1	4	322181	173
Mock_P07_1	4	322181	38
Mock_P07_1	4	322181	119
Mock_P07_1	4	322181	108
Mock_P07_1	4	322181	125
Mock_P07_1	4	322181	85
Mock_P07_1	4	322181	48
Mock_P07_1	4	322181	65
Mock_P07_1	4	322181	169
Mock_P07_1	4	322181	140
Mock_P07_1	4	322181	96
Mock_P07_1	4	322181	102
Mock_P07_1	4	322181	95
Mock_P07_1	4	322181	53
Mock_P07_1	4	322181	73
Mock_P07_1	4	322181	79
Mock_P07_1	4	322181	24
Mock_P07_1	4	322181	146
Mock_P07_1	4	322181	179
Mock_P07_1	4	322181	34
Mock_P07_1	4	322181	193
Mock_P07_1	4	322181	33
Mock_P07_1	4	322181	124
Mock_P07_1	5	302252	36
Mock_P07_1	5	302252	67
Mock_P07_1	5	302252	102
Mock_P07_1	5	302252	117
Mock_P07_1	5	302252	306
Mock_P07_1	5	302252	129
Mock_P07_1	5	302252	82
Mock_P07_1	5	302252	141
Mock_P07_1	5	302252	132
Mock_P07_1	5	302252	96
Mock_P07_1	5	302252	45
Mock_P07_1	5	302252	66
Mock_P07_1	5	302252	79
Mock_P07_1	5	302252	74
Mock_P07_1	5	302252	80
Mock_P07_1	5	302252	95
Mock_P07_1	5	302252	185
Mock_P07_1	5	302252	151
Mock_P07_1	5	302252	81
Mock_P07_1	5	302252	112
Mock_P07_1	5	302252	142
Mock_P07_1	5	302252	120
Mock_P07_1	5	302252	109
Mock_P07_1	5	302252	110
Mock_P07_1	5	302252	76
Mock_P07_1	5	302252	76
Mock_P07_1	5	302252	126
Mock_P07_1	5	302252	62
Mock_P07_1	5	302252	175
Mock_P07_1	5	302252	46
Mock_P07_1	5	302252	90
Mock_P07_1	5	302252	90
Mock_P07_1	5	302252	146
Mock_P07_1	5	302252	97
Mock_P07_1	5	302252	132
Mock_P07_1	5	302252	91
Mock_P07_1	5	302252	156
Mock_P07_1	5	302252	116
Mock_P07_1	5	302252	105
Mock_P07_1	5	302252	79
Mock_P07_1	5	302252	44
Mock_P07_1	5	302252	101
Mock_P07_1	5	302252	117
Mock_P07_1	5	302252	97
Mock_P07_1	5	302252	111
Mock_P07_1	5	302252	97
Mock_P07_1	5	302252	83
Mock_P07_1	5	302252	52
Mock_P07_1	5	302252	138
Mock_P07_1	5	302252	73
Mock_P07_1	5	302252	87
Mock_P07_1	5	302252	39
Mock_P07_1	5	302252	178
Mock_P07_1	5	302252	148
Mock_P07_1	5	302252	98
Mock_P07_1	5	302252	84
Mock_P07_1	5	302252	112
Mock_P07_1	5	302252	127
Mock_P07_1	5	302252	118
Mock_P07_1	5	302252	33
Mock_P07_1	5	302252	71
Mock_P07_1	5	302252	74
Mock_P07_1	5	302252	101
Mock_P07_1	5	302252	83
Mock_P07_1	5	302252	24
Mock_P07_1	5	302252	62
Mock_P07_1	5	302252	71
Mock_P07_1	5	302252	149
Mock_P07_1	5	302252	126
Mock_P07_1	5	302252	61
Mock_P07_1	5	302252	111
Mock_P07_1	5	302252	68
Mock_P07_1	5	302252	181
Mock_P07_1	5	302252	226
Mock_P07_1	5	302252	137
Mock_P07_1	5	302252	174
Mock_P07_1	5	302252	90
Mock_P07_1	5	302252	70
Mock_P07_1	5	302252	60
Mock_P07_1	5	302252	95
Mock_P07_1	5	302252	89
Mock_P07_1	5	302252	87
Mock_P07_1	5	302252	54
Mock_P07_1	5	302252	41
Mock_P07_1	5	302252	119
Mock_P07_1	5	302252	88
Mock_P07_1	5	302252	77
Mock_P07_1	5	302252	100
Mock_P07_1	5	302252	169
Mock_P07_1	5	302252	83
Mock_P07_1	5	302252	37
Mock_P07_1	5	302252	94
Mock_P07_1	5	302252	211
Mock_P07_1	5	302252	115
Mock_P07_1	5	302252	114
Mock_P07_1	5	302252	93
Mock_P07_1	5	302252	92
Mock_P07_1	6	321367	39
Mock_P07_1	6	321367	120
Mock_P07_1	6	321367	161
Mock_P07_1	6	321367	92
Mock_P07_1	6	321367	193
Mock_P07_1	6	321367	129
Mock_P07_1	6	321367	221
Mock_P07_1	6	321367	109
Mock_P07_1	6	321367	88
Mock_P07_1	6	321367	98
Mock_P07_1	6	321367	97
Mock_P07_1	6	321367	80
Mock_P07_1	6	321367	64
Mock_P07_1	6	321367	233
Mock_P07_1	6	321367	218
Mock_P07_1	6	321367	94
Mock_P07_1	6	321367	359
Mock_P07_1	6	321367	277
Mock_P07_1	6	321367	54
Mock_P07_1	6	321367	293
Mock_P07_1	6	321367	132
Mock_P07_1	6	321367	146
Mock_P07_1	6	321367	160
Mock_P07_1	6	321367	106
Mock_P07_1	6	321367	163
Mock_P07_1	6	321367	63
Mock_P07_1	6	321367	212
Mock_P07_1	6	321367	115
Mock_P07_1	6	321367	68
Mock_P07_1	6	321367	148
Mock_P07_1	6	321367	108
Mock_P07_1	6	321367	25
Mock_P07_1	6	321367	44
Mock_P07_1	6	321367	104
Mock_P07_1	6	321367	79
Mock_P07_1	6	321367	84
Mock_P07_1	6	321367	126
Mock_P07_1	6	321367	98
Mock_P07_1	6	321367	168
Mock_P07_1	6	321367	61
Mock_P07_1	6	321367	55
Mock_P07_1	6	321367	123
Mock_P07_1	6	321367	100
Mock_P07_1	6	321367	89
Mock_P07_1	6	321367	154
Mock_P07_1	6	321367	111
Mock_P07_1	6	321367	95
Mock_P07_1	6	321367	59
Mock_P07_1	6	321367	50
Mock_P07_1	6	321367	210
Mock_P07_1	6	321367	51
Mock_P07_1	6	321367	79
Mock_P07_1	6	321367	105
Mock_P07_1	6	321367	104
Mock_P07_1	6	321367	107
Mock_P07_1	6	321367	223
Mock_P07_1	6	321367	113
Mock_P07_1	6	321367	42
Mock_P07_1	6	321367	138
Mock_P07_1	6	321367	86
Mock_P07_1	6	321367	14
Mock_P07_1	6	321367	89
Mock_P07_1	6	321367	111
Mock_P07_1	6	321367	66
Mock_P07_1	6	321367	53
Mock_P07_1	6	321367	72
Mock_P07_1	6	321367	78
Mock_P07_1	6	321367	193
Mock_P07_1	6	321367	98
Mock_P07_1	6	321367	51
Mock_P07_1	6	321367	105
Mock_P07_1	6	321367	72
Mock_P07_1	6	321367	87
Mock_P07_1	6	321367	101
Mock_P07_1	6	321367	89
Mock_P07_1	6	321367	13
Mock_P07_1	6	321367	196
Mock_P07_1	6	321367	219
Mock_P07_1	6	321367	45
Mock_P07_1	6	321367	85
Mock_P07_1	6	321367	22
Mock_P07_1	6	321367	82
Mock_P07_1	6	321367	298
Mock_P07_1	6	321367	64
Mock_P07_1	6	321367	68
Mock_P07_1	6	321367	115
Mock_P07_1	6	321367	58
Mock_P07_1	6	321367	74
Mock_P07_1	6	321367	19
Mock_P07_1	6	321367	32
Mock_P07_1	6	321367	107
Mock_P07_1	6	321367	170
Mock_P07_1	6	321367	77
Mock_P07_1	6	321367	81
Mock_P07_1	6	321367	108
Mock_P07_1	6	321367	55
Mock_P07_1	6	321367	59
Mock_P07_1	6	321367	146
Mock_P07_1	6	321367	90
Mock_P07_1	6	321367	1847
Mock_P07_1	6	321367	135
Mock_P07_1	6	321367	120
Mock_P07_1	6	321367	81
Mock_P07_1	6	321367	162
Mock_P07_1	6	321367	12
Mock_P07_1	6	321367	118
Mock_P07_1	6	321367	93
Mock_P07_1	6	321367	196
Mock_P07_1	6	321367	27
Mock_P07_1	6	321367	143
Mock_P07_1	6	321367	94
Mock_P07_1	6	321367	260
Mock_P07_1	6	321367	164
Mock_P07_1	6	321367	128
Mock_P07_1	6	321367	87
Mock_P07_1	6	321367	88
Mock_P07_1	6	321367	22
Mock_P07_1	6	321367	96
Mock_P07_1	6	321367	377
Mock_P07_1	6	321367	81
Mock_P07_1	6	321367	239
Mock_P07_1	6	321367	72
Mock_P07_1	6	321367	95
Mock_P07_1	6	321367	175
Mock_P07_1	6	321367	41
Mock_P07_1	6	321367	59
Mock_P07_1	6	321367	63
Mock_P07_1	6	321367	97
Mock_P07_1	6	321367	15
Mock_P07_1	6	321367	86
Mock_P07_1	6	321367	66
Mock_P07_1	6	321367	178
Mock_P07_1	6	321367	91
Mock_P07_1	6	321367	58
Mock_P07_1	6	321367	137
Mock_P07_1	6	321367	93
Mock_P07_1	6	321367	84
Mock_P07_1	6	321367	199
Mock_P07_1	6	321367	146
Mock_P07_1	6	321367	483
Mock_P07_1	6	321367	111
Mock_P07_1	6	321367	82
Mock_P07_1	6	321367	75
Mock_P07_1	6	321367	379
Mock_P07_1	6	321367	76
Mock_P07_1	6	321367	99
Mock_P07_1	6	321367	16
Mock_P07_1	6	321367	115
Mock_P07_1	6	321367	75
Mock_P07_1	6	321367	40
Mock_P07_1	6	321367	103
Mock_P07_1	6	321367	169
Mock_P07_1	6	321367	21
Mock_P07_1	6	321367	124
Mock_P07_1	6	321367	52
Mock_P07_1	6	321367	76
Mock_P07_1	6	321367	123
Mock_P07_1	6	321367	79
Mock_P07_1	6	321367	75
Mock_P07_1	6	321367	47
Mock_P07_1	6	321367	314
Mock_P07_1	6	321367	117
Mock_P07_1	6	321367	80
Mock_P07_1	6	321367	219
Mock_P07_1	6	321367	53
Mock_P07_1	6	321367	53
Mock_P07_1	6	321367	83
Mock_P07_1	6	321367	38
Mock_P07_1	7	305152	68
Mock_P07_1	7	305152	105
Mock_P07_1	7	305152	57
Mock_P07_1	7	305152	42
Mock_P07_1	7	305152	12
Mock_P07_1	7	305152	40
Mock_P07_1	7	305152	79
Mock_P07_1	7	305152	47
Mock_P07_1	7	305152	135
Mock_P07_1	7	305152	51
Mock_P07_1	7	305152	53
Mock_P07_1	7	305152	34
Mock_P07_1	7	305152	107
Mock_P07_1	7	305152	57
Mock_P07_1	7	305152	35
Mock_P07_1	7	305152	67
Mock_P07_1	7	305152	29
Mock_P07_1	7	305152	43
Mock_P07_1	7	305152	67
Mock_P07_1	7	305152	10
Mock_P07_1	7	305152	43
Mock_P07_1	7	305152	29
Mock_P07_1	7	305152	63
Mock_P07_1	7	305152	31
Mock_P07_1	7	305152	31
Mock_P07_1	7	305152	80
Mock_P07_1	7	305152	56
Mock_P07_1	7	305152	57
Mock_P07_1	7	305152	12
Mock_P07_1	7	305152	66
Mock_P07_1	7	305152	53
Mock_P07_1	7	305152	77
Mock_P07_1	7	305152	59
Mock_P07_1	7	305152	69
Mock_P07_1	7	305152	44
Mock_P07_1	7	305152	73
Mock_P07_1	7	305152	116
Mock_P07_1	7	305152	30
Mock_P07_1	7	305152	25
Mock_P07_1	7	305152	67
Mock_P07_1	7	305152	21
Mock_P07_1	7	305152	40
Mock_P07_1	7	305152	25
Mock_P07_1	7	305152	29
Mock_P07_1	7	305152	111
Mock_P07_1	7	305152	92
Mock_P07_1	7	305152	22
Mock_P07_1	7	305152	70
Mock_P07_1	7	305152	32
Mock_P07_1	7	305152	11
Mock_P07_1	7	305152	74
Mock_P07_1	7	305152	70
Mock_P07_1	7	305152	23
Mock_P07_1	7	305152	63
Mock_P07_1	7	305152	22
Mock_P07_1	7	305152	52
Mock_P07_1	7	305152	47
Mock_P07_1	7	305152	42
Mock_P07_1	8	287475	107
Mock_P07_1	8	287475	16
Mock_P07_1	8	287475	99
Mock_P07_1	8	287475	122
Mock_P07_1	8	287475	38
Mock_P07_1	8	287475	55
Mock_P07_1	8	287475	86
Mock_P07_1	8	287475	132
Mock_P07_1	8	287475	82
Mock_P07_1	8	287475	46
Mock_P07_1	8	287475	60
Mock_P07_1	8	287475	105
Mock_P07_1	8	287475	61
Mock_P07_1	8	287475	66
Mock_P07_1	8	287475	68
Mock_P07_1	8	287475	34
Mock_P07_1	8	287475	35
Mock_P07_1	8	287475	56
Mock_P07_1	8	287475	168
Mock_P07_1	8	287475	59
Mock_P07_1	8	287475	190
Mock_P07_1	8	287475	54
Mock_P07_1	8	287475	50
Mock_P07_1	8	287475	68
Mock_P07_1	8	287475	69
Mock_P07_1	8	287475	110
Mock_P07_1	8	287475	59
Mock_P07_1	8	287475	67
Mock_P07_1	8	287475	80
Mock_P07_1	8	287475	106
Mock_P07_1	8	287475	89
Mock_P07_1	8	287475	62
Mock_P07_1	8	287475	76
Mock_P07_1	8	287475	101
Mock_P07_1	8	287475	27
Mock_P07_1	8	287475	78
Mock_P07_1	8	287475	21
Mock_P07_1	8	287475	73
Mock_P07_1	8	287475	70
Mock_P07_1	8	287475	33
Mock_P07_1	8	287475	50
Mock_P07_1	8	287475	57
Mock_P07_1	8	287475	29
Mock_P07_1	8	287475	81
Mock_P07_1	8	287475	36
Mock_P07_1	8	287475	36
Mock_P07_1	8	287475	46
Mock_P07_1	8	287475	71
Mock_P07_1	8	287475	38
Mock_P07_1	8	287475	24
Mock_P07_1	8	287475	27
Mock_P07_1	8	287475	15
Mock_P07_1	8	287475	29
Mock_P07_1	8	287475	115
Mock_P07_1	9	288120	49
Mock_P07_1	9	288120	22
Mock_P07_1	9	288120	111
Mock_P07_1	9	288120	23
Mock_P07_1	9	288120	78
Mock_P07_1	9	288120	109
Mock_P07_1	9	288120	52
Mock_P07_1	9	288120	16
Mock_P07_1	9	288120	17
Mock_P07_1	9	288120	57
Mock_P07_1	9	288120	69
Mock_P07_1	9	288120	60
Mock_P07_1	9	288120	30
Mock_P07_1	9	288120	10
Mock_P07_1	9	288120	61
Mock_P07_1	9	288120	66
Mock_P07_1	9	288120	68
Mock_P07_1	9	288120	14
Mock_P07_1	9	288120	83
Mock_P07_1	9	288120	92
Mock_P07_1	9	288120	44
Mock_P07_1	9	288120	162
Mock_P07_1	9	288120	39
Mock_P07_1	9	288120	49
Mock_P07_1	9	288120	33
Mock_P07_1	9	288120	50
Mock_P07_1	9	288120	76
Mock_P07_1	9	288120	73
Mock_P07_1	9	288120	112
Mock_P07_1	9	288120	65
Mock_P07_1	9	288120	14
Mock_P07_1	9	288120	58
Mock_P07_1	9	288120	129
Mock_P07_1	9	288120	48
Mock_P07_1	9	288120	99
Mock_P07_1	9	288120	213
Mock_P07_1	9	288120	104
Mock_P07_1	9	288120	82
Mock_P07_1	9	288120	82
Mock_P07_1	9	288120	93
Mock_P07_1	9	288120	66
Mock_P07_1	9	288120	82
Mock_P07_1	9	288120	142
Mock_P07_1	9	288120	130
Mock_P07_1	9	288120	28
Mock_P07_1	9	288120	33
Mock_P07_1	9	288120	15
Mock_P07_1	9	288120	44
Mock_P07_1	9	288120	28
Mock_P07_1	9	288120	51
Mock_P07_1	9	288120	74
Mock_P07_1	9	288120	69
Mock_P07_1	9	288120	42
Mock_P07_1	9	288120	63
Mock_P07_1	9	288120	49
Mock_P07_1	9	288120	70
Mock_P07_1	9	288120	68
Mock_P07_1	9	288120	34
Mock_P07_1	9	288120	38
Mock_P07_1	9	288120	74
Mock_P07_1	9	288120	92
Mock_P07_1	9	288120	66
Mock_P07_1	9	288120	127
Mock_P07_1	9	288120	85
Mock_P07_1	9	288120	241
Mock_P07_1	9	288120	65
Mock_P07_1	9	288120	22
Mock_P07_1	9	288120	25
Mock_P07_1	9	288120	46
Mock_P07_1	9	288120	66
Mock_P07_1	9	288120	36
Mock_P07_1	9	288120	89
Mock_P07_1	9	288120	14
Mock_P07_1	9	288120	69
Mock_P07_1	9	288120	77
Mock_P07_1	9	288120	101
Mock_P07_1	9	288120	33
Mock_P07_1	9	288120	71
Mock_P07_1	9	288120	90
Mock_P07_1	9	288120	12
Mock_P07_1	9	288120	15
Mock_P07_1	9	288120	59
Mock_P07_1	10	278381	92
Mock_P07_1	10	278381	112
Mock_P07_1	10	278381	78
Mock_P07_1	10	278381	32
Mock_P07_1	10	278381	137
Mock_P07_1	10	278381	87
Mock_P07_1	10	278381	78
Mock_P07_1	10	278381	36
Mock_P07_1	10	278381	86
Mock_P07_1	10	278381	158
Mock_P07_1	10	278381	57
Mock_P07_1	10	278381	140
Mock_P07_1	10	278381	78
Mock_P07_1	10	278381	74
Mock_P07_1	10	278381	61
Mock_P07_1	10	278381	75
Mock_P07_1	10	278381	145
Mock_P07_1	10	278381	88
Mock_P07_1	10	278381	136
Mock_P07_1	10	278381	76
Mock_P07_1	10	278381	99
Mock_P07_1	10	278381	127
Mock_P07_1	10	278381	122
Mock_P07_1	10	278381	119
Mock_P07_1	10	278381	84
Mock_P07_1	10	278381	71
Mock_P07_1	10	278381	53
Mock_P07_1	10	278381	85
Mock_P07_1	10	278381	67
Mock_P07_1	10	278381	68
Mock_P07_1	10	278381	146
Mock_P07_1	10	278381	90
Mock_P07_1	10	278381	100
Mock_P07_1	10	278381	28
Mock_P07_1	10	278381	108
Mock_P07_1	10	278381	93
Mock_P07_1	10	278381	75
Mock_P07_1	10	278381	47
Mock_P07_1	10	278381	36
Mock_P07_1	10	278381	60
Mock_P07_1	10	278381	27
Mock_P07_1	10	278381	74
Mock_P07_1	10	278381	113
Mock_P07_1	10	278381	76
Mock_P07_1	10	278381	84
Mock_P07_1	10	278381	14
Mock_P07_1	10	278381	62
Mock_P07_1	10	278381	73
Mock_P07_1	10	278381	60
Mock_P07_1	10	278381	46
Mock_P07_1	10	278381	35
Mock_P07_1	10	278381	52
Mock_P07_1	10	278381	73
Mock_P07_1	10	278381	112
Mock_P07_1	10	278381	74
Mock_P07_1	10	278381	83
Mock_P07_1	10	278381	106
Mock_P07_1	10	278381	79
Mock_P07_1	10	278381	168
Mock_P07_1	10	278381	29
Mock_P07_1	10	278381	96
Mock_P07_1	10	278381	71
Mock_P07_1	10	278381	69
Mock_P07_1	11	286770	39
Mock_P07_1	11	286770	94
Mock_P07_1	11	286770	63
Mock_P07_1	11	286770	69
Mock_P07_1	11	286770	84
Mock_P07_1	11	286770	45
Mock_P07_1	11	286770	123
Mock_P07_1	11	286770	73
Mock_P07_1	11	286770	20
Mock_P07_1	11	286770	64
Mock_P07_1	11	286770	15
Mock_P07_1	11	286770	17
Mock_P07_1	11	286770	42
Mock_P07_1	11	286770	79
Mock_P07_1	11	286770	37
Mock_P07_1	11	286770	67
Mock_P07_1	11	286770	83
Mock_P07_1	11	286770	34
Mock_P07_1	11	286770	74
Mock_P07_1	11	286770	55
Mock_P07_1	11	286770	33
Mock_P07_1	11	286770	66
Mock_P07_1	11	286770	49
Mock_P07_1	11	286770	73
Mock_P07_1	11	286770	69
Mock_P07_1	11	286770	60
Mock_P07_1	11	286770	48
Mock_P07_1	11	286770	104
Mock_P07_1	11	286770	50
Mock_P07_1	11	286770	76
Mock_P07_1	11	286770	79
Mock_P07_1	11	286770	65
Mock_P07_1	11	286770	130
Mock_P07_1	11	286770	27
Mock_P07_1	11	286770	84
Mock_P07_1	11	286770	64
Mock_P07_1	11	286770	143
Mock_P07_1	11	286770	135
Mock_P07_1	11	286770	104
Mock_P07_1	11	286770	70
Mock_P07_1	11	286770	67
Mock_P07_1	11	286770	15
Mock_P07_1	11	286770	95
Mock_P07_1	11	286770	65
Mock_P07_1	11	286770	18
Mock_P07_1	11	286770	64
Mock_P07_1	11	286770	97
Mock_P07_1	11	286770	97
Mock_P07_1	11	286770	130
Mock_P07_1	11	286770	72
Mock_P07_1	11	286770	85
Mock_P07_1	11	286770	33
Mock_P07_1	11	286770	107
Mock_P07_1	11	286770	107
Mock_P07_1	11	286770	75
Mock_P07_1	11	286770	123
Mock_P07_1	11	286770	47
Mock_P07_1	11	286770	56
Mock_P07_1	11	286770	103
Mock_P07_1	11	286770	81
Mock_P07_1	11	286770	125
Mock_P07_1	11	286770	20
Mock_P07_1	12	276211	64
Mock_P07_1	12	276211	65
Mock_P07_1	12	276211	41
Mock_P07_1	12	276211	89
Mock_P07_1	12	276211	16
Mock_P07_1	12	276211	59
Mock_P07_1	12	276211	98
Mock_P07_1	12	276211	14
Mock_P07_1	12	276211	86
Mock_P07_1	12	276211	40
Mock_P07_1	12	276211	50
Mock_P07_1	12	276211	30
Mock_P07_1	12	276211	87
Mock_P07_1	12	276211	39
Mock_P07_1	12	276211	44
Mock_P07_1	12	276211	26
Mock_P07_1	12	276211	79
Mock_P07_1	12	276211	82
Mock_P07_1	12	276211	78
Mock_P07_1	12	276211	17
Mock_P07_1	12	276211	44
Mock_P07_1	12	276211	41
Mock_P07_1	12	276211	105
Mock_P07_1	12	276211	70
Mock_P07_1	12	276211	55
Mock_P07_1	12	276211	63
Mock_P07_1	12	276211	54
Mock_P07_1	12	276211	41
Mock_P07_1	12	276211	68
Mock_P07_1	12	276211	99
Mock_P07_1	12	276211	68
Mock_P07_1	12	276211	75
Mock_P07_1	12	276211	81
Mock_P07_1	12	276211	93
Mock_P07_1	12	276211	51
Mock_P07_1	12	276211	49
Mock_P07_1	12	276211	112
Mock_P07_1	12	276211	109
Mock_P07_1	12	276211	98
Mock_P07_1	12	276211	64
Mock_P07_1	12	276211	57
Mock_P07_1	12	276211	26
Mock_P07_1	12	276211	61
Mock_P07_1	12	276211	86
Mock_P07_1	12	276211	73
Mock_P07_1	12	276211	55
Mock_P07_1	12	276211	55
Mock_P07_1	12	276211	87
Mock_P07_1	12	276211	97
Mock_P07_1	12	276211	42
Mock_P07_1	12	276211	14
Mock_P07_1	12	276211	82
Mock_P07_1	12	276211	79
Mock_P07_1	12	276211	59
Mock_P07_1	12	276211	33
Mock_P07_1	12	276211	50
Mock_P07_1	12	276211	77
Mock_P07_1	12	276211	45
Mock_P07_1	12	276211	14
Mock_P07_1	12	276211	60
Mock_P07_1	12	276211	83
Mock_P07_1	12	276211	133
Mock_P07_1	12	276211	79
Mock_P07_1	12	276211	52
Mock_P07_1	12	276211	50
Mock_P07_1	12	276211	111
Mock_P07_1	12	276211	42
Mock_P07_1	12	276211	72
Mock_P07_1	12	276211	86
Mock_P07_1	12	276211	58
Mock_P07_1	12	276211	128
Mock_P07_1	12	276211	101
Mock_P07_1	12	276211	68
Mock_P07_1	12	276211	54
Mock_P07_1	12	276211	46
Mock_P07_1	12	276211	52
Mock_P07_1	12	276211	29
Mock_P07_1	12	276211	77
Mock_P07_1	12	276211	92
Mock_P07_1	12	276211	44
Mock_P07_1	12	276211	346
Mock_P07_1	12	276211	88
Mock_P07_1	12	276211	42
Mock_P07_1	12	276211	87
Mock_P07_1	13	301984	72
Mock_P07_1	13	301984	109
Mock_P07_1	13	301984	21
Mock_P07_1	13	301984	55
Mock_P07_1	13	301984	66
Mock_P07_1	13	301984	84
Mock_P07_1	13	301984	107
Mock_P07_1	13	301984	133
Mock_P07_1	13	301984	109
Mock_P07_1	13	301984	132
Mock_P07_1	13	301984	128
Mock_P07_1	13	301984	44
Mock_P07_1	13	301984	132
Mock_P07_1	13	301984	96
Mock_P07_1	13	301984	124
Mock_P07_1	13	301984	57
Mock_P07_1	13	301984	78
Mock_P07_1	13	301984	39
Mock_P07_1	13	301984	33
Mock_P07_1	13	301984	72
Mock_P07_1	13	301984	107
Mock_P07_1	13	301984	137
Mock_P07_1	13	301984	177
Mock_P07_1	13	301984	150
Mock_P07_1	13	301984	104
Mock_P07_1	13	301984	62
Mock_P07_1	13	301984	101
Mock_P07_1	13	301984	82
Mock_P07_1	13	301984	74
Mock_P07_1	13	301984	92
Mock_P07_1	13	301984	131
Mock_P07_1	13	301984	132
Mock_P07_1	13	301984	88
Mock_P07_1	13	301984	120
Mock_P07_1	13	301984	115
Mock_P07_1	13	301984	68
Mock_P07_1	13	301984	102
Mock_P07_1	13	301984	46
Mock_P07_1	13	301984	91
Mock_P07_1	13	301984	114
Mock_P07_1	13	301984	96
Mock_P07_1	13	301984	86
Mock_P07_1	13	301984	107
Mock_P07_1	13	301984	34
Mock_P07_1	13	301984	98
Mock_P07_1	13	301984	145
Mock_P07_1	13	301984	237
Mock_P07_1	13	301984	46
Mock_P07_1	13	301984	89
Mock_P07_1	13	301984	66
Mock_P07_1	13	301984	10
Mock_P07_1	13	301984	67
Mock_P07_1	13	301984	34
Mock_P07_1	13	301984	68
Mock_P07_1	13	301984	95
Mock_P07_1	13	301984	80
Mock_P07_1	13	301984	89
Mock_P07_1	13	301984	30
Mock_P07_1	13	301984	34
Mock_P07_1	13	301984	70
Mock_P07_1	13	301984	56
Mock_P07_1	13	301984	44
Mock_P07_1	13	301984	161
Mock_P07_1	13	301984	80
Mock_P07_1	13	301984	66
Mock_P07_1	13	301984	73
Mock_P07_1	13	301984	19
Mock_P07_1	13	301984	26
Mock_P07_1	13	301984	66
Mock_P07_1	13	301984	94
Mock_P07_1	13	301984	46
Mock_P07_1	13	301984	59
Mock_P07_1	13	301984	87
Mock_P07_1	13	301984	78
Mock_P07_1	13	301984	29
Mock_P07_1	13	301984	68
Mock_P07_1	13	301984	205
Mock_P07_1	13	301984	54
Mock_P07_1	13	301984	93
Mock_P07_1	13	301984	100
Mock_P07_1	13	301984	80
Mock_P07_1	13	301984	74
Mock_P07_1	13	301984	107
Mock_P07_1	13	301984	73
Mock_P07_1	13	301984	116
Mock_P07_1	13	301984	103
Mock_P07_1	13	301984	95
Mock_P07_1	13	301984	14
Mock_P07_1	13	301984	88
Mock_P07_1	13	301984	70
Mock_P07_1	13	301984	74
Mock_P07_1	13	301984	120
Mock_P07_1	13	301984	95
Mock_P07_1	13	301984	74
Mock_P07_1	13	301984	63
Mock_P07_1	13	301984	89
Mock_P07_1	13	301984	44
Mock_P07_1	13	301984	37
Mock_P07_1	13	301984	56
Mock_P07_1	13	301984	29
Mock_P07_1	13	301984	12
Mock_P07_1	13	301984	141
Mock_P07_1	13	301984	64
Mock_P07_1	13	301984	79
Mock_P07_1	13	301984	69
Mock_P07_1	13	301984	67
Mock_P07_1	13	301984	126
Mock_P07_1	13	301984	73
Mock_P07_1	13	301984	52
Mock_P07_1	13	301984	92
Mock_P07_1	13	301984	88
Mock_P07_1	13	301984	102
Mock_P07_1	13	301984	152
Mock_P07_1	13	301984	57
Mock_P07_1	13	301984	91
Mock_P07_1	13	301984	90
Mock_P07_1	13	301984	66
Mock_P07_1	13	301984	20
Mock_P07_1	13	301984	20
Mock_P07_1	14	264747	52
Mock_P07_1	14	264747	69
Mock_P07_1	14	264747	110
Mock_P07_1	14	264747	127
Mock_P07_1	14	264747	301
Mock_P07_1	14	264747	162
Mock_P07_1	14	264747	195
Mock_P07_1	14	264747	107
Mock_P07_1	14	264747	131
Mock_P07_1	14	264747	77
Mock_P07_1	14	264747	103
Mock_P07_1	14	264747	45
Mock_P07_1	14	264747	101
Mock_P07_1	14	264747	151
Mock_P07_1	14	264747	184
Mock_P07_1	14	264747	86
Mock_P07_1	14	264747	100
Mock_P07_1	14	264747	36
Mock_P07_1	14	264747	161
Mock_P07_1	14	264747	97
Mock_P07_1	14	264747	114
Mock_P07_1	14	264747	245
Mock_P07_1	14	264747	75
Mock_P07_1	14	264747	146
Mock_P07_1	14	264747	178
Mock_P07_1	14	264747	111
Mock_P07_1	14	264747	141
Mock_P07_1	14	264747	99
Mock_P07_1	14	264747	87
Mock_P07_1	14	264747	87
Mock_P07_1	14	264747	91
Mock_P07_1	14	264747	136
Mock_P07_1	14	264747	71
Mock_P07_1	14	264747	106
Mock_P07_1	14	264747	63
Mock_P07_1	14	264747	101
Mock_P07_1	14	264747	350
Mock_P07_1	14	264747	52
Mock_P07_1	14	264747	66
Mock_P07_1	14	264747	106
Mock_P07_1	14	264747	293
Mock_P07_1	14	264747	77
Mock_P07_1	14	264747	105
Mock_P07_1	14	264747	96
Mock_P07_1	14	264747	299
Mock_P07_1	14	264747	125
Mock_P07_1	14	264747	105
Mock_P07_1	14	264747	68
Mock_P07_1	14	264747	122
Mock_P07_1	14	264747	38
Mock_P07_1	14	264747	198
Mock_P07_1	14	264747	159
Mock_P07_1	14	264747	73
Mock_P07_1	14	264747	88
Mock_P07_1	14	264747	127
Mock_P07_1	14	264747	59
Mock_P07_1	14	264747	200
Mock_P07_1	14	264747	197
Mock_P07_1	14	264747	107
Mock_P07_1	14	264747	95
Mock_P07_1	14	264747	128
Mock_P07_1	14	264747	93
Mock_P07_1	14	264747	159
Mock_P07_1	14	264747	149
Mock_P07_1	14	264747	130
Mock_P07_1	14	264747	90
Mock_P07_1	14	264747	57
Mock_P07_1	14	264747	57
Mock_P07_1	14	264747	80
Mock_P07_1	14	264747	114
Mock_P07_1	14	264747	101
Mock_P07_1	14	264747	60
Mock_P07_1	14	264747	75
Mock_P07_1	14	264747	126
Mock_P07_1	14	264747	60
Mock_P07_1	14	264747	175
Mock_P07_1	14	264747	100
Mock_P07_1	14	264747	235
Mock_P07_1	14	264747	200
Mock_P07_1	14	264747	84
Mock_P07_1	14	264747	112
Mock_P07_1	14	264747	132
Mock_P07_1	14	264747	121
Mock_P07_1	14	264747	68
Mock_P07_1	14	264747	196
Mock_P07_1	14	264747	53
Mock_P07_1	14	264747	37
Mock_P07_1	14	264747	70
Mock_P07_1	14	264747	158
Mock_P07_1	14	264747	282
Mock_P07_1	14	264747	73
Mock_P07_1	14	264747	99
Mock_P07_1	14	264747	124
Mock_P07_1	14	264747	29
Mock_P07_1	14	264747	113
Mock_P07_1	14	264747	96
Mock_P07_1	14	264747	91
Mock_P07_1	14	264747	125
Mock_P07_1	14	264747	50
Mock_P07_1	14	264747	117
Mock_P07_1	14	264747	111
Mock_P07_1	14	264747	75
Mock_P07_1	14	264747	153
Mock_P07_1	14	264747	103
Mock_P07_1	14	264747	112
Mock_P07_1	14	264747	101
Mock_P07_1	14	264747	135
Mock_P07_1	14	264747	65
Mock_P07_1	14	264747	108
Mock_P07_1	14	264747	32
Mock_P07_1	14	264747	82
Mock_P07_1	14	264747	137
Mock_P07_1	14	264747	90
Mock_P07_1	14	264747	102
Mock_P07_1	14	264747	88
Mock_P07_1	14	264747	107
Mock_P07_1	14	264747	210
Mock_P07_1	14	264747	109
Mock_P07_1	14	264747	110
Mock_P07_1	15	317345	61
Mock_P07_1	15	317345	145
Mock_P07_1	15	317345	36
Mock_P07_1	15	317345	37
Mock_P07_1	15	317345	70
Mock_P07_1	15	317345	70
Mock_P07_1	15	317345	108
Mock_P07_1	15	317345	68
Mock_P07_1	15	317345	90
Mock_P07_1	15	317345	26
Mock_P07_1	15	317345	77
Mock_P07_1	15	317345	143
Mock_P07_1	15	317345	170
Mock_P07_1	15	317345	145
Mock_P07_1	15	317345	112
Mock_P07_1	15	317345	72
Mock_P07_1	15	317345	108
Mock_P07_1	15	317345	224
Mock_P07_1	15	317345	84
Mock_P07_1	15	317345	55
Mock_P07_1	15	317345	82
Mock_P07_1	15	317345	106
Mock_P07_1	15	317345	179
Mock_P07_1	15	317345	129
Mock_P07_1	15	317345	122
Mock_P07_1	15	317345	139
Mock_P07_1	15	317345	105
Mock_P07_1	15	317345	132
Mock_P07_1	15	317345	71
Mock_P07_1	15	317345	47
Mock_P07_1	15	317345	145
Mock_P07_1	15	317345	123
Mock_P07_1	15	317345	91
Mock_P07_1	15	317345	114
Mock_P07_1	15	317345	101
Mock_P07_1	15	317345	70
Mock_P07_1	15	317345	160
Mock_P07_1	15	317345	88
Mock_P07_1	15	317345	55
Mock_P07_1	15	317345	131
Mock_P07_1	15	317345	75
Mock_P07_1	15	317345	109
Mock_P07_1	15	317345	73
Mock_P07_1	15	317345	56
Mock_P07_1	15	317345	20
Mock_P07_1	15	317345	65
Mock_P07_1	15	317345	83
Mock_P07_1	15	317345	87
Mock_P07_1	15	317345	49
Mock_P07_1	15	317345	396
Mock_P07_1	15	317345	105
Mock_P07_1	15	317345	155
Mock_P07_1	15	317345	65
Mock_P07_1	15	317345	46
Mock_P07_1	15	317345	82
Mock_P07_1	15	317345	91
Mock_P07_1	15	317345	77
Mock_P07_1	15	317345	89
Mock_P07_1	15	317345	61
Mock_P07_1	15	317345	147
Mock_P07_1	15	317345	87
Mock_P07_1	15	317345	131
Mock_P07_1	15	317345	90
Mock_P07_1	15	317345	109
Mock_P07_1	15	317345	78
Mock_P07_1	15	317345	166
Mock_P07_1	15	317345	113
Mock_P07_1	15	317345	68
Mock_P07_1	15	317345	87
Mock_P07_1	15	317345	169
Mock_P07_1	15	317345	102
Mock_P07_1	15	317345	102
Mock_P07_1	15	317345	78
Mock_P07_1	15	317345	127
Mock_P07_1	15	317345	116
Mock_P07_1	15	317345	111
Mock_P07_1	15	317345	134
Mock_P07_1	15	317345	159
Mock_P07_1	15	317345	202
Mock_P07_1	15	317345	79
Mock_P07_1	15	317345	10
Mock_P07_1	15	317345	137
Mock_P07_1	15	317345	84
Mock_P07_1	15	317345	134
Mock_P07_1	15	317345	122
Mock_P07_1	15	317345	33
Mock_P07_1	15	317345	82
Mock_P07_1	15	317345	95
Mock_P07_1	15	317345	50
Mock_P07_1	15	317345	91
Mock_P07_1	15	317345	214
Mock_P07_1	15	317345	111
Mock_P07_1	15	317345	275
Mock_P07_1	15	317345	66
Mock_P07_1	15	317345	90
Mock_P07_1	15	317345	122
Mock_P07_1	15	317345	277
Mock_P07_1	15	317345	68
Mock_P07_1	15	317345	168
Mock_P07_1	15	317345	87
Mock_P07_1	15	317345	94
Mock_P07_1	15	317345	105
Mock_P07_1	15	317345	72
Mock_P07_1	15	317345	86
Mock_P07_1	15	317345	53
Mock_P07_1	15	317345	155
Mock_P07_1	15	317345	244
Mock_P07_1	15	317345	120
Mock_P07_1	15	317345	99
Mock_P07_1	15	317345	168
Mock_P07_1	15	317345	71
Mock_P07_1	15	317345	73
Mock_P07_1	15	317345	74
Mock_P07_1	15	317345	64
Mock_P07_1	15	317345	66
Mock_P07_1	15	317345	139
Mock_P07_1	15	317345	115
Mock_P07_1	15	317345	78
Mock_P07_1	15	317345	96
Mock_P07_1	16	245757	66
Mock_P07_1	16	245757	153
Mock_P07_1	16	245757	164
Mock_P07_1	16	245757	113
Mock_P07_1	16	245757	199
Mock_P07_1	16	245757	96
Mock_P07_1	16	245757	125
Mock_P07_1	16	245757	44
Mock_P07_1	16	245757	129
Mock_P07_1	16	245757	112
Mock_P07_1	16	245757	169
Mock_P07_1	16	245757	137
Mock_P07_1	16	245757	172
Mock_P07_1	16	245757	137
Mock_P07_1	16	245757	38
Mock_P07_1	16	245757	325
Mock_P07_1	16	245757	13
Mock_P07_1	16	245757	102
Mock_P07_1	16	245757	121
Mock_P07_1	16	245757	112
Mock_P07_1	16	245757	62
Mock_P07_1	16	245757	118
Mock_P07_1	16	245757	335
Mock_P07_1	16	245757	76
Mock_P07_1	16	245757	61
Mock_P07_1	16	245757	85
Mock_P07_1	16	245757	100
Mock_P07_1	16	245757	120
Mock_P07_1	16	245757	63
Mock_P07_1	16	245757	179
Mock_P07_1	16	245757	192
Mock_P07_1	16	245757	134
Mock_P07_1	16	245757	46
Mock_P07_1	16	245757	81
Mock_P07_1	16	245757	88
Mock_P07_1	16	245757	65
Mock_P07_1	16	245757	245
Mock_P07_1	16	245757	267
Mock_P07_1	16	245757	90
Mock_P07_1	16	245757	73
Mock_P07_1	16	245757	84
Mock_P07_1	16	245757	75
Mock_P07_1	16	245757	53
Mock_P07_1	16	245757	90
Mock_P07_1	16	245757	71
Mock_P07_1	16	245757	113
Mock_P07_1	16	245757	162
Mock_P07_1	16	245757	88
Mock_P07_1	16	245757	86
Mock_P07_1	16	245757	230
Mock_P07_1	16	245757	115
Mock_P07_1	16	245757	163
Mock_P07_1	16	245757	69
Mock_P07_1	16	245757	84
Mock_P07_1	16	245757	132
Mock_P07_1	16	245757	226
Mock_P07_1	16	245757	100
Mock_P07_1	16	245757	169
Mock_P07_1	16	245757	97
Mock_P07_1	16	245757	140
Mock_P07_1	16	245757	402
Mock_P07_1	16	245757	124
Mock_P07_1	16	245757	62
Mock_P07_1	16	245757	63
Mock_P07_1	16	245757	160
Mock_P07_1	16	245757	114
Mock_P07_1	16	245757	115
Mock_P07_1	16	245757	61
Mock_P07_1	17	356616	34
Mock_P07_1	17	356616	124
Mock_P07_1	17	356616	135
Mock_P07_1	17	356616	97
Mock_P07_1	17	356616	213
Mock_P07_1	17	356616	126
Mock_P07_1	17	356616	85
Mock_P07_1	17	356616	99
Mock_P07_1	17	356616	101
Mock_P07_1	17	356616	51
Mock_P07_1	17	356616	162
Mock_P07_1	17	356616	148
Mock_P07_1	17	356616	140
Mock_P07_1	17	356616	85
Mock_P07_1	17	356616	90
Mock_P07_1	17	356616	42
Mock_P07_1	17	356616	50
Mock_P07_1	17	356616	146
Mock_P07_1	17	356616	92
Mock_P07_1	17	356616	101
Mock_P07_1	17	356616	156
Mock_P07_1	17	356616	386
Mock_P07_1	17	356616	67
Mock_P07_1	17	356616	81
Mock_P07_1	17	356616	82
Mock_P07_1	17	356616	109
Mock_P07_1	17	356616	74
Mock_P07_1	17	356616	139
Mock_P07_1	17	356616	41
Mock_P07_1	17	356616	234
Mock_P07_1	17	356616	104
Mock_P07_1	17	356616	139
Mock_P07_1	17	356616	64
Mock_P07_1	17	356616	308
Mock_P07_1	17	356616	318
Mock_P07_1	17	356616	88
Mock_P07_1	17	356616	111
Mock_P07_1	17	356616	98
Mock_P07_1	17	356616	180
Mock_P07_1	17	356616	125
Mock_P07_1	17	356616	129
Mock_P07_1	17	356616	524
Mock_P07_1	17	356616	113
Mock_P07_1	17	356616	181
Mock_P07_1	17	356616	304
Mock_P07_1	17	356616	172
Mock_P07_1	17	356616	78
Mock_P07_1	17	356616	155
Mock_P07_1	17	356616	210
Mock_P07_1	17	356616	124
Mock_P07_1	17	356616	101
Mock_P07_1	17	356616	178
Mock_P07_1	17	356616	83
Mock_P07_1	17	356616	84
Mock_P07_1	17	356616	74
Mock_P07_1	17	356616	246
Mock_P07_1	17	356616	155
Mock_P07_1	17	356616	94
Mock_P07_1	17	356616	86
Mock_P07_1	17	356616	203
Mock_P07_1	17	356616	122
Mock_P07_1	17	356616	201
Mock_P07_1	17	356616	82
Mock_P07_1	17	356616	102
Mock_P07_1	17	356616	70
Mock_P07_1	17	356616	121
Mock_P07_1	17	356616	297
Mock_P07_1	17	356616	91
Mock_P07_1	17	356616	99
Mock_P07_1	17	356616	34
Mock_P07_1	17	356616	74
Mock_P07_1	17	356616	46
Mock_P07_1	17	356616	115
Mock_P07_1	17	356616	130
Mock_P07_1	17	356616	81
Mock_P07_1	17	356616	63
Mock_P07_1	17	356616	51
Mock_P07_1	17	356616	18
Mock_P07_1	17	356616	134
Mock_P07_1	17	356616	20
Mock_P07_1	17	356616	129
Mock_P07_1	17	356616	150
Mock_P07_1	17	356616	99
Mock_P07_1	17	356616	26
Mock_P07_1	17	356616	123
Mock_P07_1	17	356616	136
Mock_P07_1	17	356616	139
Mock_P07_1	17	356616	28
Mock_P07_1	17	356616	129
Mock_P07_1	17	356616	69
Mock_P07_1	17	356616	112
Mock_P07_1	17	356616	126
Mock_P07_1	17	356616	120
Mock_P07_1	17	356616	75
Mock_P07_1	17	356616	252
Mock_P07_1	17	356616	40
Mock_P07_1	17	356616	26
Mock_P07_1	17	356616	60
Mock_P07_1	17	356616	95
Mock_P07_1	17	356616	87
Mock_P07_1	17	356616	26
Mock_P07_1	17	356616	101
Mock_P07_1	17	356616	90
Mock_P07_1	17	356616	56
Mock_P07_1	17	356616	108
Mock_P07_1	17	356616	19
Mock_P07_1	17	356616	69
Mock_P07_1	17	356616	92
Mock_P07_1	17	356616	145
Mock_P07_1	17	356616	79
Mock_P07_1	17	356616	96
Mock_P07_1	17	356616	51
Mock_P07_1	17	356616	81
Mock_P07_1	17	356616	58
Mock_P07_1	17	356616	119
Mock_P07_1	17	356616	131
Mock_P07_1	17	356616	122
Mock_P07_1	17	356616	73
Mock_P07_1	17	356616	98
Mock_P07_1	17	356616	28
Mock_P07_1	17	356616	108
Mock_P07_1	17	356616	134
Mock_P07_1	17	356616	101
Mock_P07_1	17	356616	73
Mock_P07_1	17	356616	137
Mock_P07_1	17	356616	145
Mock_P07_1	17	356616	99
Mock_P07_1	17	356616	66
Mock_P07_1	17	356616	993
Mock_P07_1	17	356616	97
Mock_P07_1	17	356616	57
Mock_P07_1	17	356616	63
Mock_P07_1	17	356616	56
Mock_P07_1	17	356616	48
Mock_P07_1	17	356616	342
Mock_P07_1	17	356616	69
Mock_P07_1	17	356616	26
Mock_P07_1	17	356616	94
Mock_P07_1	17	356616	146
Mock_P07_1	17	356616	67
Mock_P07_1	17	356616	59
Mock_P07_1	17	356616	12
Mock_P07_1	17	356616	163
Mock_P07_1	17	356616	65
Mock_P07_1	17	356616	101
Mock_P07_1	17	356616	59
Mock_P07_1	17	356616	97
Mock_P07_1	17	356616	356
Mock_P07_1	17	356616	65
Mock_P07_1	17	356616	114
Mock_P07_1	17	356616	117
Mock_P07_1	17	356616	83
Mock_P07_1	17	356616	39
Mock_P07_1	17	356616	62
Mock_P07_1	17	356616	84
Mock_P07_1	17	356616	18
Mock_P07_1	17	356616	42
Mock_P07_1	17	356616	154
Mock_P07_1	17	356616	63
Mock_P07_1	17	356616	77
Mock_P07_1	17	356616	33
Mock_P07_1	17	356616	205
Mock_P07_1	17	356616	200
Mock_P07_1	17	356616	108
Mock_P07_1	17	356616	201
Mock_P07_1	17	356616	75
Mock_P07_1	17	356616	18
Mock_P07_1	18	321213	20
Mock_P07_1	18	321213	156
Mock_P07_1	18	321213	216
Mock_P07_1	18	321213	146
Mock_P07_1	18	321213	63
Mock_P07_1	18	321213	286
Mock_P07_1	18	321213	112
Mock_P07_1	18	321213	241
Mock_P07_1	18	321213	119
Mock_P07_1	18	321213	88
Mock_P07_1	18	321213	135
Mock_P07_1	18	321213	116
Mock_P07_1	18	321213	162
Mock_P07_1	18	321213	176
Mock_P07_1	18	321213	135
Mock_P07_1	18	321213	94
Mock_P07_1	18	321213	123
Mock_P07_1	18	321213	96
Mock_P07_1	18	321213	272
Mock_P07_1	18	321213	91
Mock_P07_1	18	321213	154
Mock_P07_1	18	321213	113
Mock_P07_1	18	321213	109
Mock_P07_1	18	321213	102
Mock_P07_1	18	321213	49
Mock_P07_1	18	321213	118
Mock_P07_1	18	321213	204
Mock_P07_1	18	321213	90
Mock_P07_1	18	321213	107
Mock_P07_1	18	321213	117
Mock_P07_1	18	321213	72
Mock_P07_1	18	321213	139
Mock_P07_1	18	321213	64
Mock_P07_1	18	321213	35
Mock_P07_1	18	321213	54
Mock_P07_1	18	321213	149
Mock_P07_1	18	321213	86
Mock_P07_1	18	321213	101
Mock_P07_1	18	321213	146
Mock_P07_1	18	321213	56
Mock_P07_1	18	321213	169
Mock_P07_1	18	321213	132
Mock_P07_1	18	321213	114
Mock_P07_1	18	321213	76
Mock_P07_1	18	321213	171
Mock_P07_1	18	321213	58
Mock_P07_1	18	321213	89
Mock_P07_1	18	321213	106
Mock_P07_1	18	321213	43
Mock_P07_1	18	321213	160
Mock_P07_1	18	321213	107
Mock_P07_1	18	321213	20
Mock_P07_1	18	321213	130
Mock_P07_1	18	321213	99
Mock_P07_1	18	321213	110
Mock_P07_1	18	321213	124
Mock_P07_1	18	321213	138
Mock_P07_1	18	321213	144
Mock_P07_1	18	321213	59
Mock_P07_1	18	321213	109
Mock_P07_1	18	321213	115
Mock_P07_1	18	321213	106
Mock_P07_1	18	321213	117
Mock_P07_1	18	321213	291
Mock_P07_1	18	321213	94
Mock_P07_1	18	321213	228
Mock_P07_1	18	321213	65
Mock_P07_1	18	321213	135
Mock_P07_1	18	321213	94
Mock_P07_1	18	321213	111
Mock_P07_1	18	321213	152
Mock_P07_1	18	321213	106
Mock_P07_1	18	321213	138
Mock_P07_1	18	321213	64
Mock_P07_1	18	321213	37
Mock_P07_1	18	321213	98
Mock_P07_1	18	321213	170
Mock_P07_1	18	321213	77
Mock_P07_1	18	321213	370
Mock_P07_1	18	321213	31
Mock_P07_1	18	321213	71
Mock_P07_1	18	321213	151
Mock_P07_1	18	321213	87
Mock_P07_1	18	321213	116
Mock_P07_1	18	321213	353
Mock_P07_1	18	321213	16
Mock_P07_1	18	321213	21
Mock_P07_1	18	321213	350
Mock_P07_1	18	321213	71
Mock_P07_1	18	321213	104
Mock_P07_1	18	321213	101
Mock_P07_1	18	321213	124
Mock_P07_1	18	321213	112
Mock_P07_1	18	321213	94
Mock_P07_1	18	321213	87
Mock_P07_1	18	321213	161
Mock_P07_1	18	321213	54
Mock_P07_1	18	321213	88
Mock_P07_1	18	321213	56
Mock_P07_1	18	321213	91
Mock_P07_1	18	321213	90
Mock_P07_1	18	321213	92
Mock_P07_1	18	321213	126
Mock_P07_1	18	321213	94
Mock_P07_1	18	321213	64
Mock_P07_1	18	321213	49
Mock_P07_1	18	321213	121
Mock_P07_1	18	321213	57
Mock_P07_1	18	321213	41
Mock_P07_1	18	321213	42
Mock_P07_1	18	321213	41
Mock_P07_1	18	321213	86
Mock_P07_1	18	321213	68
Mock_P07_1	18	321213	81
Mock_P07_1	18	321213	76
Mock_P07_1	18	321213	55
Mock_P07_1	18	321213	107
Mock_P07_1	18	321213	36
Mock_P07_1	18	321213	68
Mock_P07_1	18	321213	61
Mock_P07_1	18	321213	44
Mock_P07_1	18	321213	78
Mock_P07_1	18	321213	112
Mock_P07_1	18	321213	124
Mock_P07_1	18	321213	112
Mock_P07_1	18	321213	50
Mock_P07_1	18	321213	92
Mock_P07_1	18	321213	106
Mock_P07_1	18	321213	110
Mock_P07_1	18	321213	160
Mock_P07_1	18	321213	71
Mock_P07_1	18	321213	171
Mock_P07_1	18	321213	82
Mock_P07_1	18	321213	164
Mock_P07_1	18	321213	121
Mock_P07_1	18	321213	60
