fichier	leaf	surfaceLeaf	surfaceLesion
Mock_P07_2	1	303243	85
Mock_P07_2	1	303243	126
Mock_P07_2	1	303243	46
Mock_P07_2	1	303243	108
Mock_P07_2	1	303243	86
Mock_P07_2	1	303243	99
Mock_P07_2	1	303243	61
Mock_P07_2	1	303243	80
Mock_P07_2	1	303243	99
Mock_P07_2	1	303243	118
Mock_P07_2	1	303243	85
Mock_P07_2	1	303243	19
Mock_P07_2	1	303243	67
Mock_P07_2	1	303243	146
Mock_P07_2	1	303243	88
Mock_P07_2	1	303243	139
Mock_P07_2	1	303243	194
Mock_P07_2	1	303243	16
Mock_P07_2	1	303243	54
Mock_P07_2	1	303243	28
Mock_P07_2	1	303243	70
Mock_P07_2	1	303243	102
Mock_P07_2	1	303243	92
Mock_P07_2	1	303243	132
Mock_P07_2	1	303243	145
Mock_P07_2	1	303243	64
Mock_P07_2	1	303243	11
Mock_P07_2	1	303243	75
Mock_P07_2	1	303243	31
Mock_P07_2	1	303243	72
Mock_P07_2	1	303243	87
Mock_P07_2	1	303243	83
Mock_P07_2	1	303243	266
Mock_P07_2	1	303243	92
Mock_P07_2	1	303243	52
Mock_P07_2	1	303243	84
Mock_P07_2	1	303243	145
Mock_P07_2	1	303243	54
Mock_P07_2	1	303243	45
Mock_P07_2	1	303243	63
Mock_P07_2	1	303243	164
Mock_P07_2	1	303243	62
Mock_P07_2	1	303243	236
Mock_P07_2	1	303243	87
Mock_P07_2	1	303243	113
Mock_P07_2	1	303243	117
Mock_P07_2	1	303243	103
Mock_P07_2	1	303243	100
Mock_P07_2	1	303243	62
Mock_P07_2	1	303243	78
Mock_P07_2	1	303243	166
Mock_P07_2	1	303243	140
Mock_P07_2	1	303243	22
Mock_P07_2	1	303243	136
Mock_P07_2	1	303243	73
Mock_P07_2	1	303243	40
Mock_P07_2	1	303243	116
Mock_P07_2	1	303243	80
Mock_P07_2	1	303243	205
Mock_P07_2	1	303243	28
Mock_P07_2	1	303243	28
Mock_P07_2	1	303243	92
Mock_P07_2	1	303243	215
Mock_P07_2	1	303243	101
Mock_P07_2	1	303243	57
Mock_P07_2	1	303243	20
Mock_P07_2	1	303243	148
Mock_P07_2	1	303243	164
Mock_P07_2	1	303243	30
Mock_P07_2	1	303243	281
Mock_P07_2	1	303243	186
Mock_P07_2	1	303243	298
Mock_P07_2	1	303243	153
Mock_P07_2	1	303243	48
Mock_P07_2	1	303243	64
Mock_P07_2	1	303243	127
Mock_P07_2	1	303243	52
Mock_P07_2	1	303243	17
Mock_P07_2	1	303243	69
Mock_P07_2	1	303243	43
Mock_P07_2	1	303243	229
Mock_P07_2	1	303243	55
Mock_P07_2	1	303243	28
Mock_P07_2	1	303243	66
Mock_P07_2	1	303243	92
Mock_P07_2	1	303243	125
Mock_P07_2	1	303243	102
Mock_P07_2	1	303243	65
Mock_P07_2	1	303243	89
Mock_P07_2	1	303243	97
Mock_P07_2	1	303243	50
Mock_P07_2	1	303243	125
Mock_P07_2	1	303243	216
Mock_P07_2	1	303243	92
Mock_P07_2	1	303243	74
Mock_P07_2	1	303243	148
Mock_P07_2	1	303243	30
Mock_P07_2	1	303243	20
Mock_P07_2	1	303243	135
Mock_P07_2	1	303243	200
Mock_P07_2	1	303243	94
Mock_P07_2	1	303243	18
Mock_P07_2	1	303243	97
Mock_P07_2	1	303243	52
Mock_P07_2	1	303243	54
Mock_P07_2	1	303243	130
Mock_P07_2	1	303243	155
Mock_P07_2	1	303243	85
Mock_P07_2	1	303243	71
Mock_P07_2	1	303243	65
Mock_P07_2	1	303243	188
Mock_P07_2	1	303243	53
Mock_P07_2	1	303243	138
Mock_P07_2	1	303243	44
Mock_P07_2	1	303243	89
Mock_P07_2	1	303243	10
Mock_P07_2	1	303243	50
Mock_P07_2	1	303243	113
Mock_P07_2	1	303243	60
Mock_P07_2	1	303243	275
Mock_P07_2	1	303243	65
Mock_P07_2	1	303243	220
Mock_P07_2	1	303243	53
Mock_P07_2	1	303243	109
Mock_P07_2	1	303243	103
Mock_P07_2	1	303243	80
Mock_P07_2	1	303243	33
Mock_P07_2	1	303243	59
Mock_P07_2	1	303243	57
Mock_P07_2	1	303243	139
Mock_P07_2	1	303243	466
Mock_P07_2	1	303243	169
Mock_P07_2	1	303243	20
Mock_P07_2	1	303243	224
Mock_P07_2	1	303243	48
Mock_P07_2	1	303243	15
Mock_P07_2	1	303243	85
Mock_P07_2	1	303243	355
Mock_P07_2	1	303243	43
Mock_P07_2	1	303243	192
Mock_P07_2	1	303243	221
Mock_P07_2	1	303243	130
Mock_P07_2	1	303243	58
Mock_P07_2	1	303243	136
Mock_P07_2	1	303243	88
Mock_P07_2	1	303243	51
Mock_P07_2	1	303243	67
Mock_P07_2	1	303243	114
Mock_P07_2	1	303243	187
Mock_P07_2	1	303243	81
Mock_P07_2	1	303243	43
Mock_P07_2	1	303243	133
Mock_P07_2	1	303243	20
Mock_P07_2	1	303243	85
Mock_P07_2	2	235857	136
Mock_P07_2	2	235857	130
Mock_P07_2	2	235857	37
Mock_P07_2	2	235857	95
Mock_P07_2	2	235857	73
Mock_P07_2	2	235857	90
Mock_P07_2	2	235857	95
Mock_P07_2	2	235857	117
Mock_P07_2	2	235857	62
Mock_P07_2	2	235857	46
Mock_P07_2	2	235857	140
Mock_P07_2	2	235857	57
Mock_P07_2	2	235857	42
Mock_P07_2	2	235857	78
Mock_P07_2	2	235857	65
Mock_P07_2	2	235857	63
Mock_P07_2	2	235857	74
Mock_P07_2	2	235857	79
Mock_P07_2	2	235857	92
Mock_P07_2	2	235857	34
Mock_P07_2	2	235857	69
Mock_P07_2	2	235857	68
Mock_P07_2	2	235857	131
Mock_P07_2	2	235857	155
Mock_P07_2	2	235857	77
Mock_P07_2	2	235857	104
Mock_P07_2	2	235857	41
Mock_P07_2	2	235857	51
Mock_P07_2	2	235857	112
Mock_P07_2	2	235857	60
Mock_P07_2	2	235857	137
Mock_P07_2	2	235857	168
Mock_P07_2	2	235857	145
Mock_P07_2	2	235857	61
Mock_P07_2	2	235857	292
Mock_P07_2	2	235857	108
Mock_P07_2	2	235857	66
Mock_P07_2	2	235857	30
Mock_P07_2	2	235857	55
Mock_P07_2	2	235857	53
Mock_P07_2	2	235857	110
Mock_P07_2	2	235857	100
Mock_P07_2	2	235857	62
Mock_P07_2	2	235857	89
Mock_P07_2	2	235857	51
Mock_P07_2	2	235857	97
Mock_P07_2	2	235857	78
Mock_P07_2	2	235857	99
Mock_P07_2	2	235857	97
Mock_P07_2	2	235857	118
Mock_P07_2	2	235857	48
Mock_P07_2	2	235857	174
Mock_P07_2	2	235857	78
Mock_P07_2	2	235857	112
Mock_P07_2	2	235857	173
Mock_P07_2	2	235857	66
Mock_P07_2	2	235857	107
Mock_P07_2	2	235857	96
Mock_P07_2	2	235857	101
Mock_P07_2	2	235857	93
Mock_P07_2	2	235857	89
Mock_P07_2	2	235857	129
Mock_P07_2	2	235857	89
Mock_P07_2	2	235857	82
Mock_P07_2	2	235857	85
Mock_P07_2	2	235857	118
Mock_P07_2	2	235857	66
Mock_P07_2	2	235857	63
Mock_P07_2	2	235857	153
Mock_P07_2	2	235857	84
Mock_P07_2	2	235857	62
Mock_P07_2	2	235857	125
Mock_P07_2	2	235857	133
Mock_P07_2	2	235857	107
Mock_P07_2	2	235857	30
Mock_P07_2	2	235857	137
Mock_P07_2	2	235857	119
Mock_P07_2	2	235857	34
Mock_P07_2	2	235857	25
Mock_P07_2	2	235857	82
Mock_P07_2	2	235857	122
Mock_P07_2	2	235857	71
Mock_P07_2	2	235857	75
Mock_P07_2	2	235857	61
Mock_P07_2	2	235857	70
Mock_P07_2	2	235857	93
Mock_P07_2	2	235857	103
Mock_P07_2	2	235857	104
Mock_P07_2	2	235857	62
Mock_P07_2	2	235857	77
Mock_P07_2	2	235857	39
Mock_P07_2	2	235857	84
Mock_P07_2	2	235857	95
Mock_P07_2	2	235857	95
Mock_P07_2	2	235857	83
Mock_P07_2	2	235857	134
Mock_P07_2	2	235857	102
Mock_P07_2	2	235857	103
Mock_P07_2	2	235857	87
Mock_P07_2	2	235857	71
Mock_P07_2	2	235857	130
Mock_P07_2	2	235857	297
Mock_P07_2	2	235857	142
Mock_P07_2	2	235857	564
Mock_P07_2	2	235857	63
Mock_P07_2	2	235857	114
Mock_P07_2	2	235857	96
Mock_P07_2	2	235857	91
Mock_P07_2	2	235857	499
Mock_P07_2	2	235857	154
Mock_P07_2	3	158382	13
Mock_P07_2	3	158382	23
Mock_P07_2	3	158382	55
Mock_P07_2	3	158382	85
Mock_P07_2	3	158382	102
Mock_P07_2	3	158382	14
Mock_P07_2	3	158382	53
Mock_P07_2	3	158382	89
Mock_P07_2	3	158382	51
Mock_P07_2	3	158382	107
Mock_P07_2	3	158382	34
Mock_P07_2	3	158382	49
Mock_P07_2	3	158382	70
Mock_P07_2	3	158382	69
Mock_P07_2	3	158382	102
Mock_P07_2	3	158382	130
Mock_P07_2	3	158382	86
Mock_P07_2	3	158382	82
Mock_P07_2	3	158382	112
Mock_P07_2	3	158382	124
Mock_P07_2	3	158382	75
Mock_P07_2	3	158382	95
Mock_P07_2	3	158382	195
Mock_P07_2	3	158382	71
Mock_P07_2	3	158382	179
Mock_P07_2	3	158382	118
Mock_P07_2	3	158382	134
Mock_P07_2	3	158382	94
Mock_P07_2	3	158382	64
Mock_P07_2	3	158382	108
Mock_P07_2	3	158382	88
Mock_P07_2	3	158382	28
Mock_P07_2	3	158382	78
Mock_P07_2	3	158382	84
Mock_P07_2	3	158382	102
Mock_P07_2	3	158382	100
Mock_P07_2	3	158382	149
Mock_P07_2	3	158382	60
Mock_P07_2	3	158382	101
Mock_P07_2	3	158382	44
Mock_P07_2	3	158382	68
Mock_P07_2	3	158382	110
Mock_P07_2	3	158382	112
Mock_P07_2	3	158382	242
Mock_P07_2	3	158382	107
Mock_P07_2	3	158382	100
Mock_P07_2	3	158382	92
Mock_P07_2	3	158382	112
Mock_P07_2	3	158382	113
Mock_P07_2	3	158382	48
Mock_P07_2	3	158382	98
Mock_P07_2	3	158382	91
Mock_P07_2	3	158382	84
Mock_P07_2	3	158382	70
Mock_P07_2	3	158382	100
Mock_P07_2	3	158382	262
Mock_P07_2	3	158382	13
Mock_P07_2	3	158382	88
Mock_P07_2	3	158382	28
Mock_P07_2	3	158382	33
Mock_P07_2	3	158382	139
Mock_P07_2	3	158382	35
Mock_P07_2	3	158382	45
Mock_P07_2	3	158382	61
Mock_P07_2	3	158382	67
Mock_P07_2	3	158382	49
Mock_P07_2	3	158382	86
Mock_P07_2	3	158382	131
Mock_P07_2	3	158382	12
Mock_P07_2	3	158382	104
Mock_P07_2	3	158382	178
Mock_P07_2	3	158382	113
Mock_P07_2	3	158382	210
Mock_P07_2	3	158382	223
Mock_P07_2	3	158382	211
Mock_P07_2	3	158382	41
Mock_P07_2	3	158382	25
Mock_P07_2	3	158382	39
Mock_P07_2	3	158382	24
Mock_P07_2	3	158382	87
Mock_P07_2	3	158382	90
Mock_P07_2	3	158382	103
Mock_P07_2	3	158382	71
Mock_P07_2	3	158382	50
Mock_P07_2	3	158382	16
Mock_P07_2	4	185546	123
Mock_P07_2	4	185546	65
Mock_P07_2	4	185546	73
Mock_P07_2	4	185546	97
Mock_P07_2	4	185546	107
Mock_P07_2	4	185546	129
Mock_P07_2	4	185546	93
Mock_P07_2	4	185546	216
Mock_P07_2	4	185546	94
Mock_P07_2	4	185546	35
Mock_P07_2	4	185546	131
Mock_P07_2	4	185546	244
Mock_P07_2	4	185546	15
Mock_P07_2	4	185546	57
Mock_P07_2	4	185546	360
Mock_P07_2	4	185546	206
Mock_P07_2	4	185546	65
Mock_P07_2	4	185546	103
Mock_P07_2	4	185546	321
Mock_P07_2	4	185546	130
Mock_P07_2	4	185546	72
Mock_P07_2	4	185546	206
Mock_P07_2	4	185546	157
Mock_P07_2	4	185546	352
Mock_P07_2	4	185546	83
Mock_P07_2	4	185546	189
Mock_P07_2	4	185546	121
Mock_P07_2	4	185546	32
Mock_P07_2	4	185546	172
Mock_P07_2	4	185546	91
Mock_P07_2	4	185546	126
Mock_P07_2	4	185546	121
Mock_P07_2	4	185546	48
Mock_P07_2	4	185546	218
Mock_P07_2	4	185546	34
Mock_P07_2	4	185546	142
Mock_P07_2	4	185546	176
Mock_P07_2	4	185546	80
Mock_P07_2	4	185546	112
Mock_P07_2	4	185546	93
Mock_P07_2	4	185546	114
Mock_P07_2	4	185546	50
Mock_P07_2	4	185546	94
Mock_P07_2	4	185546	56
Mock_P07_2	4	185546	222
Mock_P07_2	4	185546	31
Mock_P07_2	4	185546	65
Mock_P07_2	4	185546	101
Mock_P07_2	4	185546	120
Mock_P07_2	4	185546	71
Mock_P07_2	4	185546	34
Mock_P07_2	4	185546	95
Mock_P07_2	4	185546	29
Mock_P07_2	4	185546	83
Mock_P07_2	4	185546	100
Mock_P07_2	4	185546	58
Mock_P07_2	4	185546	62
Mock_P07_2	4	185546	108
Mock_P07_2	4	185546	75
Mock_P07_2	4	185546	95
Mock_P07_2	4	185546	35
Mock_P07_2	4	185546	111
Mock_P07_2	4	185546	154
Mock_P07_2	4	185546	84
Mock_P07_2	4	185546	200
Mock_P07_2	4	185546	32
Mock_P07_2	4	185546	58
Mock_P07_2	4	185546	83
Mock_P07_2	4	185546	97
Mock_P07_2	4	185546	71
Mock_P07_2	4	185546	47
Mock_P07_2	4	185546	103
Mock_P07_2	4	185546	113
Mock_P07_2	4	185546	71
Mock_P07_2	4	185546	96
Mock_P07_2	4	185546	40
Mock_P07_2	4	185546	51
Mock_P07_2	4	185546	59
Mock_P07_2	4	185546	82
Mock_P07_2	4	185546	57
Mock_P07_2	4	185546	62
Mock_P07_2	4	185546	22
Mock_P07_2	5	253525	138
Mock_P07_2	5	253525	141
Mock_P07_2	5	253525	170
Mock_P07_2	5	253525	159
Mock_P07_2	5	253525	196
Mock_P07_2	5	253525	104
Mock_P07_2	5	253525	69
Mock_P07_2	5	253525	127
Mock_P07_2	5	253525	142
Mock_P07_2	5	253525	170
Mock_P07_2	5	253525	106
Mock_P07_2	5	253525	67
Mock_P07_2	5	253525	76
Mock_P07_2	5	253525	115
Mock_P07_2	5	253525	115
Mock_P07_2	5	253525	83
Mock_P07_2	5	253525	170
Mock_P07_2	5	253525	118
Mock_P07_2	5	253525	111
Mock_P07_2	5	253525	158
Mock_P07_2	5	253525	97
Mock_P07_2	5	253525	145
Mock_P07_2	5	253525	83
Mock_P07_2	5	253525	40
Mock_P07_2	5	253525	189
Mock_P07_2	5	253525	89
Mock_P07_2	5	253525	292
Mock_P07_2	5	253525	189
Mock_P07_2	5	253525	113
Mock_P07_2	5	253525	21
Mock_P07_2	5	253525	162
Mock_P07_2	5	253525	167
Mock_P07_2	5	253525	136
Mock_P07_2	5	253525	90
Mock_P07_2	5	253525	166
Mock_P07_2	5	253525	105
Mock_P07_2	5	253525	75
Mock_P07_2	5	253525	84
Mock_P07_2	5	253525	105
Mock_P07_2	5	253525	86
Mock_P07_2	5	253525	69
Mock_P07_2	5	253525	131
Mock_P07_2	5	253525	76
Mock_P07_2	5	253525	72
Mock_P07_2	5	253525	69
Mock_P07_2	5	253525	440
Mock_P07_2	5	253525	226
Mock_P07_2	5	253525	46
Mock_P07_2	5	253525	117
Mock_P07_2	5	253525	44
Mock_P07_2	5	253525	72
Mock_P07_2	5	253525	36
Mock_P07_2	5	253525	117
Mock_P07_2	5	253525	82
Mock_P07_2	5	253525	83
Mock_P07_2	5	253525	155
Mock_P07_2	5	253525	181
Mock_P07_2	5	253525	129
Mock_P07_2	5	253525	82
Mock_P07_2	5	253525	75
Mock_P07_2	5	253525	48
Mock_P07_2	5	253525	227
Mock_P07_2	5	253525	147
Mock_P07_2	5	253525	142
Mock_P07_2	5	253525	95
Mock_P07_2	5	253525	67
Mock_P07_2	5	253525	62
Mock_P07_2	5	253525	96
Mock_P07_2	5	253525	55
Mock_P07_2	5	253525	64
Mock_P07_2	5	253525	69
Mock_P07_2	5	253525	140
Mock_P07_2	5	253525	73
Mock_P07_2	5	253525	77
Mock_P07_2	5	253525	77
Mock_P07_2	5	253525	169
Mock_P07_2	5	253525	40
Mock_P07_2	5	253525	117
Mock_P07_2	5	253525	53
Mock_P07_2	5	253525	83
Mock_P07_2	5	253525	50
Mock_P07_2	5	253525	48
Mock_P07_2	5	253525	114
Mock_P07_2	5	253525	244
Mock_P07_2	5	253525	39
Mock_P07_2	5	253525	30
Mock_P07_2	5	253525	61
Mock_P07_2	5	253525	82
Mock_P07_2	5	253525	124
Mock_P07_2	5	253525	90
Mock_P07_2	5	253525	72
Mock_P07_2	5	253525	57
Mock_P07_2	5	253525	101
Mock_P07_2	5	253525	166
Mock_P07_2	5	253525	75
Mock_P07_2	5	253525	77
Mock_P07_2	5	253525	212
Mock_P07_2	5	253525	66
Mock_P07_2	5	253525	63
Mock_P07_2	5	253525	71
Mock_P07_2	5	253525	63
Mock_P07_2	5	253525	77
Mock_P07_2	5	253525	148
Mock_P07_2	5	253525	76
Mock_P07_2	5	253525	24
Mock_P07_2	5	253525	90
Mock_P07_2	5	253525	29
Mock_P07_2	5	253525	91
Mock_P07_2	5	253525	173
Mock_P07_2	5	253525	322
Mock_P07_2	5	253525	109
Mock_P07_2	5	253525	125
Mock_P07_2	5	253525	111
Mock_P07_2	5	253525	100
Mock_P07_2	5	253525	127
Mock_P07_2	5	253525	60
Mock_P07_2	5	253525	75
Mock_P07_2	5	253525	117
Mock_P07_2	5	253525	206
Mock_P07_2	5	253525	60
Mock_P07_2	6	279225	19
Mock_P07_2	6	279225	29
Mock_P07_2	6	279225	35
Mock_P07_2	6	279225	46
Mock_P07_2	6	279225	56
Mock_P07_2	6	279225	81
Mock_P07_2	6	279225	83
Mock_P07_2	6	279225	66
Mock_P07_2	6	279225	89
Mock_P07_2	6	279225	42
Mock_P07_2	6	279225	77
Mock_P07_2	6	279225	164
Mock_P07_2	6	279225	85
Mock_P07_2	6	279225	65
Mock_P07_2	6	279225	45
Mock_P07_2	6	279225	133
Mock_P07_2	6	279225	128
Mock_P07_2	6	279225	25
Mock_P07_2	6	279225	149
Mock_P07_2	6	279225	60
Mock_P07_2	6	279225	41
Mock_P07_2	6	279225	96
Mock_P07_2	6	279225	110
Mock_P07_2	6	279225	93
Mock_P07_2	6	279225	71
Mock_P07_2	6	279225	50
Mock_P07_2	6	279225	87
Mock_P07_2	6	279225	142
Mock_P07_2	6	279225	32
Mock_P07_2	6	279225	131
Mock_P07_2	6	279225	102
Mock_P07_2	6	279225	38
Mock_P07_2	6	279225	91
Mock_P07_2	6	279225	96
Mock_P07_2	6	279225	55
Mock_P07_2	6	279225	79
Mock_P07_2	6	279225	42
Mock_P07_2	6	279225	57
Mock_P07_2	6	279225	210
Mock_P07_2	6	279225	112
Mock_P07_2	6	279225	101
Mock_P07_2	6	279225	67
Mock_P07_2	6	279225	108
Mock_P07_2	6	279225	80
Mock_P07_2	6	279225	116
Mock_P07_2	6	279225	75
Mock_P07_2	6	279225	35
Mock_P07_2	6	279225	135
Mock_P07_2	6	279225	62
Mock_P07_2	6	279225	91
Mock_P07_2	6	279225	147
Mock_P07_2	6	279225	137
Mock_P07_2	6	279225	29
Mock_P07_2	6	279225	79
Mock_P07_2	6	279225	87
Mock_P07_2	6	279225	108
Mock_P07_2	6	279225	151
Mock_P07_2	6	279225	48
Mock_P07_2	6	279225	66
Mock_P07_2	6	279225	120
Mock_P07_2	6	279225	51
Mock_P07_2	6	279225	51
Mock_P07_2	6	279225	27
Mock_P07_2	6	279225	50
Mock_P07_2	6	279225	97
Mock_P07_2	6	279225	120
Mock_P07_2	6	279225	98
Mock_P07_2	6	279225	29
Mock_P07_2	6	279225	68
Mock_P07_2	6	279225	28
Mock_P07_2	6	279225	30
Mock_P07_2	6	279225	34
Mock_P07_2	6	279225	159
Mock_P07_2	6	279225	76
Mock_P07_2	6	279225	68
Mock_P07_2	6	279225	130
Mock_P07_2	6	279225	29
Mock_P07_2	6	279225	169
Mock_P07_2	6	279225	60
Mock_P07_2	6	279225	21
Mock_P07_2	6	279225	170
Mock_P07_2	6	279225	423
Mock_P07_2	6	279225	120
Mock_P07_2	6	279225	84
Mock_P07_2	7	327432	72
Mock_P07_2	7	327432	22
Mock_P07_2	7	327432	105
Mock_P07_2	7	327432	91
Mock_P07_2	7	327432	68
Mock_P07_2	7	327432	166
Mock_P07_2	7	327432	100
Mock_P07_2	7	327432	49
Mock_P07_2	7	327432	50
Mock_P07_2	7	327432	68
Mock_P07_2	7	327432	86
Mock_P07_2	7	327432	74
Mock_P07_2	7	327432	58
Mock_P07_2	7	327432	79
Mock_P07_2	7	327432	59
Mock_P07_2	7	327432	62
Mock_P07_2	7	327432	75
Mock_P07_2	7	327432	102
Mock_P07_2	7	327432	85
Mock_P07_2	7	327432	96
Mock_P07_2	7	327432	58
Mock_P07_2	7	327432	60
Mock_P07_2	7	327432	54
Mock_P07_2	7	327432	44
Mock_P07_2	7	327432	132
Mock_P07_2	7	327432	50
Mock_P07_2	7	327432	70
Mock_P07_2	7	327432	93
Mock_P07_2	7	327432	76
Mock_P07_2	7	327432	73
Mock_P07_2	7	327432	168
Mock_P07_2	7	327432	136
Mock_P07_2	7	327432	116
Mock_P07_2	7	327432	131
Mock_P07_2	7	327432	70
Mock_P07_2	7	327432	135
Mock_P07_2	7	327432	77
Mock_P07_2	7	327432	123
Mock_P07_2	7	327432	91
Mock_P07_2	7	327432	77
Mock_P07_2	7	327432	147
Mock_P07_2	7	327432	151
Mock_P07_2	7	327432	157
Mock_P07_2	7	327432	68
Mock_P07_2	7	327432	167
Mock_P07_2	7	327432	86
Mock_P07_2	7	327432	91
Mock_P07_2	7	327432	19
Mock_P07_2	7	327432	32
Mock_P07_2	7	327432	167
Mock_P07_2	7	327432	478
Mock_P07_2	7	327432	93
Mock_P07_2	7	327432	82
Mock_P07_2	7	327432	88
Mock_P07_2	7	327432	150
Mock_P07_2	7	327432	200
Mock_P07_2	7	327432	136
Mock_P07_2	7	327432	52
Mock_P07_2	7	327432	139
Mock_P07_2	7	327432	74
Mock_P07_2	7	327432	28
Mock_P07_2	7	327432	149
Mock_P07_2	7	327432	135
Mock_P07_2	7	327432	90
Mock_P07_2	7	327432	105
Mock_P07_2	7	327432	52
Mock_P07_2	7	327432	46
Mock_P07_2	7	327432	12
Mock_P07_2	7	327432	128
Mock_P07_2	7	327432	239
Mock_P07_2	7	327432	20
Mock_P07_2	7	327432	134
Mock_P07_2	7	327432	119
Mock_P07_2	7	327432	29
Mock_P07_2	7	327432	76
Mock_P07_2	7	327432	94
Mock_P07_2	7	327432	88
Mock_P07_2	7	327432	25
Mock_P07_2	7	327432	59
Mock_P07_2	7	327432	97
Mock_P07_2	7	327432	93
Mock_P07_2	7	327432	62
Mock_P07_2	7	327432	148
Mock_P07_2	7	327432	49
Mock_P07_2	7	327432	137
Mock_P07_2	7	327432	60
Mock_P07_2	7	327432	144
Mock_P07_2	7	327432	87
Mock_P07_2	7	327432	100
Mock_P07_2	7	327432	42
Mock_P07_2	7	327432	63
Mock_P07_2	7	327432	45
Mock_P07_2	7	327432	74
Mock_P07_2	7	327432	27
Mock_P07_2	8	324721	13
Mock_P07_2	8	324721	116
Mock_P07_2	8	324721	131
Mock_P07_2	8	324721	74
Mock_P07_2	8	324721	106
Mock_P07_2	8	324721	42
Mock_P07_2	8	324721	89
Mock_P07_2	8	324721	95
Mock_P07_2	8	324721	45
Mock_P07_2	8	324721	73
Mock_P07_2	8	324721	25
Mock_P07_2	8	324721	105
Mock_P07_2	8	324721	81
Mock_P07_2	8	324721	112
Mock_P07_2	8	324721	51
Mock_P07_2	8	324721	129
Mock_P07_2	8	324721	85
Mock_P07_2	8	324721	63
Mock_P07_2	8	324721	167
Mock_P07_2	8	324721	97
Mock_P07_2	8	324721	128
Mock_P07_2	8	324721	97
Mock_P07_2	8	324721	71
Mock_P07_2	8	324721	102
Mock_P07_2	8	324721	89
Mock_P07_2	8	324721	66
Mock_P07_2	8	324721	69
Mock_P07_2	8	324721	153
Mock_P07_2	8	324721	100
Mock_P07_2	8	324721	88
Mock_P07_2	8	324721	64
Mock_P07_2	8	324721	112
Mock_P07_2	8	324721	90
Mock_P07_2	8	324721	100
Mock_P07_2	8	324721	50
Mock_P07_2	8	324721	75
Mock_P07_2	8	324721	102
Mock_P07_2	8	324721	135
Mock_P07_2	8	324721	85
Mock_P07_2	8	324721	16
Mock_P07_2	8	324721	72
Mock_P07_2	8	324721	87
Mock_P07_2	8	324721	87
Mock_P07_2	8	324721	109
Mock_P07_2	8	324721	71
Mock_P07_2	8	324721	96
Mock_P07_2	8	324721	78
Mock_P07_2	8	324721	147
Mock_P07_2	8	324721	103
Mock_P07_2	8	324721	143
Mock_P07_2	8	324721	178
Mock_P07_2	8	324721	98
Mock_P07_2	8	324721	89
Mock_P07_2	8	324721	159
Mock_P07_2	8	324721	50
Mock_P07_2	8	324721	80
Mock_P07_2	8	324721	66
Mock_P07_2	8	324721	111
Mock_P07_2	8	324721	152
Mock_P07_2	8	324721	37
Mock_P07_2	8	324721	126
Mock_P07_2	8	324721	51
Mock_P07_2	8	324721	126
Mock_P07_2	8	324721	126
Mock_P07_2	8	324721	122
Mock_P07_2	8	324721	31
Mock_P07_2	8	324721	33
Mock_P07_2	8	324721	45
Mock_P07_2	8	324721	76
Mock_P07_2	8	324721	120
Mock_P07_2	8	324721	119
Mock_P07_2	8	324721	18
Mock_P07_2	8	324721	77
Mock_P07_2	8	324721	57
Mock_P07_2	8	324721	205
Mock_P07_2	8	324721	81
Mock_P07_2	8	324721	148
Mock_P07_2	8	324721	111
Mock_P07_2	8	324721	95
Mock_P07_2	8	324721	237
Mock_P07_2	8	324721	99
Mock_P07_2	8	324721	53
Mock_P07_2	8	324721	190
Mock_P07_2	8	324721	101
Mock_P07_2	8	324721	104
Mock_P07_2	8	324721	141
Mock_P07_2	8	324721	85
Mock_P07_2	8	324721	175
Mock_P07_2	8	324721	91
Mock_P07_2	8	324721	124
Mock_P07_2	8	324721	55
Mock_P07_2	8	324721	99
Mock_P07_2	8	324721	163
Mock_P07_2	8	324721	169
Mock_P07_2	8	324721	186
Mock_P07_2	8	324721	120
Mock_P07_2	8	324721	105
Mock_P07_2	8	324721	79
Mock_P07_2	8	324721	68
Mock_P07_2	8	324721	58
Mock_P07_2	8	324721	86
Mock_P07_2	8	324721	75
Mock_P07_2	8	324721	127
Mock_P07_2	8	324721	121
Mock_P07_2	8	324721	93
Mock_P07_2	9	301797	43
Mock_P07_2	9	301797	50
Mock_P07_2	9	301797	80
Mock_P07_2	9	301797	69
Mock_P07_2	9	301797	114
Mock_P07_2	9	301797	49
Mock_P07_2	9	301797	78
Mock_P07_2	9	301797	74
Mock_P07_2	9	301797	87
Mock_P07_2	9	301797	92
Mock_P07_2	9	301797	106
Mock_P07_2	9	301797	71
Mock_P07_2	9	301797	91
Mock_P07_2	9	301797	64
Mock_P07_2	9	301797	81
Mock_P07_2	9	301797	132
Mock_P07_2	9	301797	46
Mock_P07_2	9	301797	73
Mock_P07_2	9	301797	83
Mock_P07_2	9	301797	89
Mock_P07_2	9	301797	86
Mock_P07_2	9	301797	88
Mock_P07_2	9	301797	63
Mock_P07_2	9	301797	59
Mock_P07_2	9	301797	92
Mock_P07_2	9	301797	116
Mock_P07_2	9	301797	76
Mock_P07_2	9	301797	117
Mock_P07_2	9	301797	184
Mock_P07_2	9	301797	159
Mock_P07_2	9	301797	111
Mock_P07_2	9	301797	109
Mock_P07_2	9	301797	72
Mock_P07_2	9	301797	206
Mock_P07_2	9	301797	101
Mock_P07_2	9	301797	83
Mock_P07_2	9	301797	121
Mock_P07_2	9	301797	48
Mock_P07_2	9	301797	107
Mock_P07_2	9	301797	77
Mock_P07_2	9	301797	139
Mock_P07_2	9	301797	80
Mock_P07_2	9	301797	101
Mock_P07_2	9	301797	167
Mock_P07_2	9	301797	112
Mock_P07_2	9	301797	58
Mock_P07_2	9	301797	117
Mock_P07_2	9	301797	71
Mock_P07_2	9	301797	33
Mock_P07_2	9	301797	53
Mock_P07_2	9	301797	118
Mock_P07_2	9	301797	307
Mock_P07_2	9	301797	80
Mock_P07_2	9	301797	78
Mock_P07_2	9	301797	113
Mock_P07_2	9	301797	85
Mock_P07_2	9	301797	13
Mock_P07_2	9	301797	106
Mock_P07_2	9	301797	99
Mock_P07_2	9	301797	57
Mock_P07_2	9	301797	37
Mock_P07_2	9	301797	179
Mock_P07_2	9	301797	131
Mock_P07_2	9	301797	243
Mock_P07_2	9	301797	42
Mock_P07_2	9	301797	105
Mock_P07_2	9	301797	55
Mock_P07_2	9	301797	398
Mock_P07_2	9	301797	134
Mock_P07_2	9	301797	42
Mock_P07_2	9	301797	106
Mock_P07_2	9	301797	66
Mock_P07_2	9	301797	23
Mock_P07_2	9	301797	132
Mock_P07_2	9	301797	59
Mock_P07_2	9	301797	60
Mock_P07_2	9	301797	108
Mock_P07_2	9	301797	101
Mock_P07_2	9	301797	74
Mock_P07_2	9	301797	99
Mock_P07_2	9	301797	196
Mock_P07_2	9	301797	51
Mock_P07_2	9	301797	98
Mock_P07_2	9	301797	119
Mock_P07_2	9	301797	52
Mock_P07_2	9	301797	64
Mock_P07_2	9	301797	55
Mock_P07_2	9	301797	83
Mock_P07_2	9	301797	129
Mock_P07_2	9	301797	19
Mock_P07_2	9	301797	37
Mock_P07_2	9	301797	64
Mock_P07_2	9	301797	154
Mock_P07_2	9	301797	136
Mock_P07_2	9	301797	247
Mock_P07_2	9	301797	56
Mock_P07_2	9	301797	132
Mock_P07_2	9	301797	112
Mock_P07_2	9	301797	69
Mock_P07_2	9	301797	138
Mock_P07_2	9	301797	109
Mock_P07_2	9	301797	94
Mock_P07_2	9	301797	131
Mock_P07_2	9	301797	177
Mock_P07_2	9	301797	149
Mock_P07_2	9	301797	65
Mock_P07_2	9	301797	135
Mock_P07_2	9	301797	55
Mock_P07_2	9	301797	32
Mock_P07_2	9	301797	67
Mock_P07_2	9	301797	155
Mock_P07_2	9	301797	69
Mock_P07_2	10	306732	86
Mock_P07_2	10	306732	151
Mock_P07_2	10	306732	109
Mock_P07_2	10	306732	57
Mock_P07_2	10	306732	134
Mock_P07_2	10	306732	103
Mock_P07_2	10	306732	72
Mock_P07_2	10	306732	110
Mock_P07_2	10	306732	77
Mock_P07_2	10	306732	30
Mock_P07_2	10	306732	117
Mock_P07_2	10	306732	106
Mock_P07_2	10	306732	118
Mock_P07_2	10	306732	83
Mock_P07_2	10	306732	64
Mock_P07_2	10	306732	161
Mock_P07_2	10	306732	76
Mock_P07_2	10	306732	48
Mock_P07_2	10	306732	98
Mock_P07_2	10	306732	79
Mock_P07_2	10	306732	57
Mock_P07_2	10	306732	178
Mock_P07_2	10	306732	61
Mock_P07_2	10	306732	110
Mock_P07_2	10	306732	68
Mock_P07_2	10	306732	72
Mock_P07_2	10	306732	50
Mock_P07_2	10	306732	91
Mock_P07_2	10	306732	50
Mock_P07_2	10	306732	107
Mock_P07_2	10	306732	12
Mock_P07_2	10	306732	138
Mock_P07_2	10	306732	197
Mock_P07_2	10	306732	31
Mock_P07_2	10	306732	178
Mock_P07_2	10	306732	74
Mock_P07_2	10	306732	107
Mock_P07_2	10	306732	221
Mock_P07_2	10	306732	98
Mock_P07_2	10	306732	36
Mock_P07_2	10	306732	82
Mock_P07_2	10	306732	99
Mock_P07_2	10	306732	141
Mock_P07_2	10	306732	104
Mock_P07_2	10	306732	122
Mock_P07_2	10	306732	99
Mock_P07_2	10	306732	86
Mock_P07_2	10	306732	85
Mock_P07_2	10	306732	83
Mock_P07_2	10	306732	83
Mock_P07_2	10	306732	91
Mock_P07_2	10	306732	84
Mock_P07_2	10	306732	132
Mock_P07_2	10	306732	12
Mock_P07_2	10	306732	89
Mock_P07_2	10	306732	65
Mock_P07_2	10	306732	102
Mock_P07_2	10	306732	64
Mock_P07_2	10	306732	77
Mock_P07_2	10	306732	126
Mock_P07_2	10	306732	112
Mock_P07_2	10	306732	133
Mock_P07_2	10	306732	20
Mock_P07_2	10	306732	32
Mock_P07_2	10	306732	129
Mock_P07_2	10	306732	64
Mock_P07_2	10	306732	174
Mock_P07_2	10	306732	54
Mock_P07_2	10	306732	268
Mock_P07_2	10	306732	135
Mock_P07_2	10	306732	129
Mock_P07_2	10	306732	37
Mock_P07_2	10	306732	17
Mock_P07_2	10	306732	85
Mock_P07_2	10	306732	82
Mock_P07_2	10	306732	75
Mock_P07_2	10	306732	105
Mock_P07_2	10	306732	94
Mock_P07_2	10	306732	161
Mock_P07_2	10	306732	105
Mock_P07_2	10	306732	41
Mock_P07_2	10	306732	141
Mock_P07_2	10	306732	121
Mock_P07_2	10	306732	135
Mock_P07_2	10	306732	46
Mock_P07_2	10	306732	200
Mock_P07_2	10	306732	55
Mock_P07_2	10	306732	69
Mock_P07_2	10	306732	111
Mock_P07_2	10	306732	130
Mock_P07_2	10	306732	154
Mock_P07_2	10	306732	121
Mock_P07_2	10	306732	82
Mock_P07_2	10	306732	112
Mock_P07_2	10	306732	125
Mock_P07_2	10	306732	95
Mock_P07_2	10	306732	90
Mock_P07_2	10	306732	64
Mock_P07_2	10	306732	115
Mock_P07_2	10	306732	84
Mock_P07_2	10	306732	83
Mock_P07_2	10	306732	97
Mock_P07_2	10	306732	90
Mock_P07_2	10	306732	156
Mock_P07_2	10	306732	36
Mock_P07_2	10	306732	67
Mock_P07_2	10	306732	51
Mock_P07_2	11	297797	111
Mock_P07_2	11	297797	97
Mock_P07_2	11	297797	65
Mock_P07_2	11	297797	109
Mock_P07_2	11	297797	131
Mock_P07_2	11	297797	340
Mock_P07_2	11	297797	100
Mock_P07_2	11	297797	129
Mock_P07_2	11	297797	95
Mock_P07_2	11	297797	135
Mock_P07_2	11	297797	82
Mock_P07_2	11	297797	152
Mock_P07_2	11	297797	135
Mock_P07_2	11	297797	158
Mock_P07_2	11	297797	183
Mock_P07_2	11	297797	100
Mock_P07_2	11	297797	109
Mock_P07_2	11	297797	282
Mock_P07_2	11	297797	86
Mock_P07_2	11	297797	192
Mock_P07_2	11	297797	84
Mock_P07_2	11	297797	160
Mock_P07_2	11	297797	159
Mock_P07_2	11	297797	102
Mock_P07_2	11	297797	143
Mock_P07_2	11	297797	95
Mock_P07_2	11	297797	110
Mock_P07_2	11	297797	92
Mock_P07_2	11	297797	110
Mock_P07_2	11	297797	137
Mock_P07_2	11	297797	120
Mock_P07_2	11	297797	202
Mock_P07_2	11	297797	112
Mock_P07_2	11	297797	90
Mock_P07_2	11	297797	105
Mock_P07_2	11	297797	173
Mock_P07_2	11	297797	124
Mock_P07_2	11	297797	85
Mock_P07_2	11	297797	199
Mock_P07_2	11	297797	212
Mock_P07_2	11	297797	260
Mock_P07_2	11	297797	131
Mock_P07_2	11	297797	91
Mock_P07_2	11	297797	128
Mock_P07_2	11	297797	41
Mock_P07_2	11	297797	51
Mock_P07_2	11	297797	94
Mock_P07_2	11	297797	202
Mock_P07_2	11	297797	85
Mock_P07_2	11	297797	89
Mock_P07_2	11	297797	69
Mock_P07_2	11	297797	85
Mock_P07_2	11	297797	126
Mock_P07_2	11	297797	65
Mock_P07_2	11	297797	119
Mock_P07_2	11	297797	212
Mock_P07_2	11	297797	386
Mock_P07_2	11	297797	123
Mock_P07_2	11	297797	113
Mock_P07_2	11	297797	124
Mock_P07_2	11	297797	105
Mock_P07_2	11	297797	18
Mock_P07_2	11	297797	97
Mock_P07_2	11	297797	67
Mock_P07_2	11	297797	69
Mock_P07_2	11	297797	98
Mock_P07_2	11	297797	88
Mock_P07_2	11	297797	105
Mock_P07_2	11	297797	116
Mock_P07_2	11	297797	392
Mock_P07_2	11	297797	72
Mock_P07_2	11	297797	79
Mock_P07_2	11	297797	167
Mock_P07_2	11	297797	179
Mock_P07_2	11	297797	117
Mock_P07_2	11	297797	75
Mock_P07_2	11	297797	79
Mock_P07_2	11	297797	121
Mock_P07_2	11	297797	177
Mock_P07_2	11	297797	562
Mock_P07_2	11	297797	279
Mock_P07_2	11	297797	129
Mock_P07_2	11	297797	304
Mock_P07_2	11	297797	142
Mock_P07_2	11	297797	130
Mock_P07_2	11	297797	88
Mock_P07_2	11	297797	43
Mock_P07_2	11	297797	157
Mock_P07_2	11	297797	131
Mock_P07_2	11	297797	137
Mock_P07_2	11	297797	120
Mock_P07_2	11	297797	130
Mock_P07_2	11	297797	125
Mock_P07_2	11	297797	360
Mock_P07_2	11	297797	130
Mock_P07_2	11	297797	184
Mock_P07_2	11	297797	153
Mock_P07_2	11	297797	138
Mock_P07_2	11	297797	284
Mock_P07_2	11	297797	150
Mock_P07_2	11	297797	66
Mock_P07_2	11	297797	133
Mock_P07_2	11	297797	83
Mock_P07_2	11	297797	143
Mock_P07_2	11	297797	122
Mock_P07_2	11	297797	76
Mock_P07_2	11	297797	93
Mock_P07_2	11	297797	184
Mock_P07_2	11	297797	171
Mock_P07_2	11	297797	153
Mock_P07_2	11	297797	117
Mock_P07_2	11	297797	87
Mock_P07_2	11	297797	121
Mock_P07_2	11	297797	67
Mock_P07_2	11	297797	106
Mock_P07_2	11	297797	95
Mock_P07_2	12	305886	16
Mock_P07_2	12	305886	59
Mock_P07_2	12	305886	148
Mock_P07_2	12	305886	50
Mock_P07_2	12	305886	19
Mock_P07_2	12	305886	102
Mock_P07_2	12	305886	56
Mock_P07_2	12	305886	108
Mock_P07_2	12	305886	96
Mock_P07_2	12	305886	62
Mock_P07_2	12	305886	57
Mock_P07_2	12	305886	42
Mock_P07_2	12	305886	24
Mock_P07_2	12	305886	87
Mock_P07_2	12	305886	175
Mock_P07_2	12	305886	133
Mock_P07_2	12	305886	425
Mock_P07_2	12	305886	57
Mock_P07_2	12	305886	65
Mock_P07_2	12	305886	111
Mock_P07_2	12	305886	57
Mock_P07_2	12	305886	37
Mock_P07_2	12	305886	96
Mock_P07_2	12	305886	69
Mock_P07_2	12	305886	99
Mock_P07_2	12	305886	61
Mock_P07_2	12	305886	77
Mock_P07_2	12	305886	72
Mock_P07_2	12	305886	49
Mock_P07_2	12	305886	88
Mock_P07_2	12	305886	99
Mock_P07_2	12	305886	55
Mock_P07_2	12	305886	64
Mock_P07_2	12	305886	81
Mock_P07_2	12	305886	27
Mock_P07_2	12	305886	84
Mock_P07_2	12	305886	43
Mock_P07_2	12	305886	102
Mock_P07_2	12	305886	121
Mock_P07_2	12	305886	193
Mock_P07_2	12	305886	71
Mock_P07_2	12	305886	43
Mock_P07_2	12	305886	131
Mock_P07_2	12	305886	68
Mock_P07_2	12	305886	42
Mock_P07_2	12	305886	92
Mock_P07_2	12	305886	79
Mock_P07_2	12	305886	88
Mock_P07_2	12	305886	114
Mock_P07_2	12	305886	147
Mock_P07_2	12	305886	109
Mock_P07_2	12	305886	106
Mock_P07_2	12	305886	14
Mock_P07_2	12	305886	95
Mock_P07_2	12	305886	31
Mock_P07_2	12	305886	106
Mock_P07_2	12	305886	65
Mock_P07_2	12	305886	20
Mock_P07_2	12	305886	55
Mock_P07_2	12	305886	149
Mock_P07_2	12	305886	77
Mock_P07_2	12	305886	68
Mock_P07_2	12	305886	83
Mock_P07_2	12	305886	81
Mock_P07_2	12	305886	53
Mock_P07_2	12	305886	78
Mock_P07_2	12	305886	144
Mock_P07_2	12	305886	82
Mock_P07_2	12	305886	68
Mock_P07_2	12	305886	104
Mock_P07_2	12	305886	73
Mock_P07_2	12	305886	101
Mock_P07_2	12	305886	54
Mock_P07_2	12	305886	126
Mock_P07_2	12	305886	44
Mock_P07_2	12	305886	95
Mock_P07_2	12	305886	428
Mock_P07_2	12	305886	73
Mock_P07_2	12	305886	116
Mock_P07_2	12	305886	87
Mock_P07_2	12	305886	68
Mock_P07_2	12	305886	80
Mock_P07_2	12	305886	36
Mock_P07_2	12	305886	43
Mock_P07_2	12	305886	31
Mock_P07_2	12	305886	109
Mock_P07_2	12	305886	45
Mock_P07_2	12	305886	63
Mock_P07_2	12	305886	92
Mock_P07_2	12	305886	42
Mock_P07_2	12	305886	180
Mock_P07_2	12	305886	119
Mock_P07_2	12	305886	67
Mock_P07_2	12	305886	41
Mock_P07_2	12	305886	132
Mock_P07_2	12	305886	102
Mock_P07_2	12	305886	71
Mock_P07_2	12	305886	131
Mock_P07_2	12	305886	66
Mock_P07_2	12	305886	158
Mock_P07_2	12	305886	81
Mock_P07_2	12	305886	187
Mock_P07_2	12	305886	43
Mock_P07_2	12	305886	94
Mock_P07_2	12	305886	86
Mock_P07_2	13	349214	95
Mock_P07_2	13	349214	80
Mock_P07_2	13	349214	80
Mock_P07_2	13	349214	64
Mock_P07_2	13	349214	105
Mock_P07_2	13	349214	102
Mock_P07_2	13	349214	70
Mock_P07_2	13	349214	29
Mock_P07_2	13	349214	112
Mock_P07_2	13	349214	61
Mock_P07_2	13	349214	57
Mock_P07_2	13	349214	137
Mock_P07_2	13	349214	72
Mock_P07_2	13	349214	47
Mock_P07_2	13	349214	53
Mock_P07_2	13	349214	66
Mock_P07_2	13	349214	120
Mock_P07_2	13	349214	49
Mock_P07_2	13	349214	109
Mock_P07_2	13	349214	39
Mock_P07_2	13	349214	86
Mock_P07_2	13	349214	55
Mock_P07_2	13	349214	110
Mock_P07_2	13	349214	36
Mock_P07_2	13	349214	82
Mock_P07_2	13	349214	90
Mock_P07_2	13	349214	73
Mock_P07_2	13	349214	127
Mock_P07_2	13	349214	89
Mock_P07_2	13	349214	34
Mock_P07_2	13	349214	184
Mock_P07_2	13	349214	54
Mock_P07_2	13	349214	173
Mock_P07_2	13	349214	62
Mock_P07_2	13	349214	88
Mock_P07_2	13	349214	52
Mock_P07_2	13	349214	75
Mock_P07_2	13	349214	88
Mock_P07_2	13	349214	253
Mock_P07_2	13	349214	31
Mock_P07_2	13	349214	43
Mock_P07_2	13	349214	124
Mock_P07_2	13	349214	42
Mock_P07_2	13	349214	60
Mock_P07_2	13	349214	163
Mock_P07_2	13	349214	119
Mock_P07_2	13	349214	70
Mock_P07_2	13	349214	74
Mock_P07_2	13	349214	30
Mock_P07_2	13	349214	55
Mock_P07_2	13	349214	82
Mock_P07_2	13	349214	70
Mock_P07_2	13	349214	12
Mock_P07_2	13	349214	58
Mock_P07_2	13	349214	147
Mock_P07_2	13	349214	66
Mock_P07_2	13	349214	77
Mock_P07_2	13	349214	54
Mock_P07_2	13	349214	199
Mock_P07_2	13	349214	20
Mock_P07_2	13	349214	157
Mock_P07_2	13	349214	20
Mock_P07_2	13	349214	57
Mock_P07_2	13	349214	82
Mock_P07_2	13	349214	60
Mock_P07_2	13	349214	161
Mock_P07_2	13	349214	89
Mock_P07_2	13	349214	48
Mock_P07_2	13	349214	80
Mock_P07_2	13	349214	123
Mock_P07_2	13	349214	15
Mock_P07_2	13	349214	108
Mock_P07_2	13	349214	82
Mock_P07_2	13	349214	52
Mock_P07_2	13	349214	51
Mock_P07_2	13	349214	12
Mock_P07_2	13	349214	88
Mock_P07_2	13	349214	29
Mock_P07_2	13	349214	101
Mock_P07_2	13	349214	29
Mock_P07_2	13	349214	160
Mock_P07_2	13	349214	61
Mock_P07_2	13	349214	101
Mock_P07_2	13	349214	98
Mock_P07_2	13	349214	48
Mock_P07_2	13	349214	237
Mock_P07_2	13	349214	66
Mock_P07_2	13	349214	90
Mock_P07_2	13	349214	79
Mock_P07_2	13	349214	99
Mock_P07_2	13	349214	68
Mock_P07_2	13	349214	228
Mock_P07_2	13	349214	47
Mock_P07_2	13	349214	39
Mock_P07_2	13	349214	25
Mock_P07_2	13	349214	115
Mock_P07_2	13	349214	36
Mock_P07_2	13	349214	39
Mock_P07_2	13	349214	125
Mock_P07_2	13	349214	56
Mock_P07_2	13	349214	40
Mock_P07_2	13	349214	61
Mock_P07_2	13	349214	42
Mock_P07_2	13	349214	28
Mock_P07_2	13	349214	16
Mock_P07_2	13	349214	20
Mock_P07_2	13	349214	45
Mock_P07_2	13	349214	68
Mock_P07_2	13	349214	120
Mock_P07_2	13	349214	59
Mock_P07_2	13	349214	29
Mock_P07_2	13	349214	46
Mock_P07_2	13	349214	131
Mock_P07_2	13	349214	112
Mock_P07_2	13	349214	62
Mock_P07_2	13	349214	68
Mock_P07_2	13	349214	76
Mock_P07_2	13	349214	101
Mock_P07_2	13	349214	79
Mock_P07_2	13	349214	10
Mock_P07_2	13	349214	111
Mock_P07_2	13	349214	66
Mock_P07_2	13	349214	78
Mock_P07_2	13	349214	76
Mock_P07_2	13	349214	29
Mock_P07_2	13	349214	34
Mock_P07_2	13	349214	15
Mock_P07_2	13	349214	36
Mock_P07_2	13	349214	62
Mock_P07_2	13	349214	53
Mock_P07_2	13	349214	41
Mock_P07_2	13	349214	77
Mock_P07_2	13	349214	22
Mock_P07_2	13	349214	36
Mock_P07_2	13	349214	42
Mock_P07_2	13	349214	73
Mock_P07_2	13	349214	108
Mock_P07_2	13	349214	78
Mock_P07_2	13	349214	110
Mock_P07_2	13	349214	74
Mock_P07_2	13	349214	91
Mock_P07_2	13	349214	67
Mock_P07_2	13	349214	126
Mock_P07_2	13	349214	88
Mock_P07_2	13	349214	108
Mock_P07_2	13	349214	57
Mock_P07_2	13	349214	332
Mock_P07_2	13	349214	38
Mock_P07_2	13	349214	27
Mock_P07_2	13	349214	29
Mock_P07_2	13	349214	97
Mock_P07_2	13	349214	130
Mock_P07_2	13	349214	90
Mock_P07_2	13	349214	71
Mock_P07_2	13	349214	58
Mock_P07_2	13	349214	91
Mock_P07_2	14	335935	113
Mock_P07_2	14	335935	80
Mock_P07_2	14	335935	49
Mock_P07_2	14	335935	74
Mock_P07_2	14	335935	57
Mock_P07_2	14	335935	77
Mock_P07_2	14	335935	50
Mock_P07_2	14	335935	45
Mock_P07_2	14	335935	147
Mock_P07_2	14	335935	93
Mock_P07_2	14	335935	88
Mock_P07_2	14	335935	61
Mock_P07_2	14	335935	95
Mock_P07_2	14	335935	174
Mock_P07_2	14	335935	71
Mock_P07_2	14	335935	105
Mock_P07_2	14	335935	76
Mock_P07_2	14	335935	58
Mock_P07_2	14	335935	84
Mock_P07_2	14	335935	71
Mock_P07_2	14	335935	146
Mock_P07_2	14	335935	84
Mock_P07_2	14	335935	74
Mock_P07_2	14	335935	110
Mock_P07_2	14	335935	88
Mock_P07_2	14	335935	95
Mock_P07_2	14	335935	65
Mock_P07_2	14	335935	71
Mock_P07_2	14	335935	250
Mock_P07_2	14	335935	28
Mock_P07_2	14	335935	46
Mock_P07_2	14	335935	105
Mock_P07_2	14	335935	126
Mock_P07_2	14	335935	57
Mock_P07_2	14	335935	105
Mock_P07_2	14	335935	95
Mock_P07_2	14	335935	109
Mock_P07_2	14	335935	94
Mock_P07_2	14	335935	76
Mock_P07_2	14	335935	110
Mock_P07_2	14	335935	103
Mock_P07_2	14	335935	58
Mock_P07_2	14	335935	37
Mock_P07_2	14	335935	220
Mock_P07_2	14	335935	71
Mock_P07_2	14	335935	115
Mock_P07_2	14	335935	44
Mock_P07_2	14	335935	223
Mock_P07_2	14	335935	144
Mock_P07_2	14	335935	103
Mock_P07_2	14	335935	91
Mock_P07_2	14	335935	40
Mock_P07_2	14	335935	59
Mock_P07_2	14	335935	70
Mock_P07_2	14	335935	94
Mock_P07_2	14	335935	84
Mock_P07_2	14	335935	98
Mock_P07_2	14	335935	87
Mock_P07_2	14	335935	62
Mock_P07_2	14	335935	61
Mock_P07_2	14	335935	79
Mock_P07_2	14	335935	49
Mock_P07_2	14	335935	98
Mock_P07_2	14	335935	82
Mock_P07_2	14	335935	55
Mock_P07_2	14	335935	91
Mock_P07_2	14	335935	52
Mock_P07_2	14	335935	62
Mock_P07_2	14	335935	73
Mock_P07_2	14	335935	108
Mock_P07_2	14	335935	138
Mock_P07_2	14	335935	62
Mock_P07_2	14	335935	94
Mock_P07_2	14	335935	46
Mock_P07_2	14	335935	37
Mock_P07_2	14	335935	153
Mock_P07_2	14	335935	73
Mock_P07_2	14	335935	125
Mock_P07_2	14	335935	38
Mock_P07_2	14	335935	153
Mock_P07_2	14	335935	261
Mock_P07_2	14	335935	129
Mock_P07_2	14	335935	77
Mock_P07_2	14	335935	95
Mock_P07_2	14	335935	157
Mock_P07_2	14	335935	95
Mock_P07_2	14	335935	124
Mock_P07_2	14	335935	169
Mock_P07_2	14	335935	85
Mock_P07_2	14	335935	116
Mock_P07_2	14	335935	88
Mock_P07_2	14	335935	315
Mock_P07_2	14	335935	60
Mock_P07_2	14	335935	27
Mock_P07_2	14	335935	41
Mock_P07_2	15	241074	12
Mock_P07_2	15	241074	34
Mock_P07_2	15	241074	168
Mock_P07_2	15	241074	84
Mock_P07_2	15	241074	87
Mock_P07_2	15	241074	60
Mock_P07_2	15	241074	18
Mock_P07_2	15	241074	104
Mock_P07_2	15	241074	104
Mock_P07_2	15	241074	76
Mock_P07_2	15	241074	148
Mock_P07_2	15	241074	74
Mock_P07_2	15	241074	56
Mock_P07_2	15	241074	102
Mock_P07_2	15	241074	98
Mock_P07_2	15	241074	82
Mock_P07_2	15	241074	95
Mock_P07_2	15	241074	120
Mock_P07_2	15	241074	87
Mock_P07_2	15	241074	65
Mock_P07_2	15	241074	102
Mock_P07_2	15	241074	35
Mock_P07_2	15	241074	61
Mock_P07_2	15	241074	77
Mock_P07_2	15	241074	12
Mock_P07_2	15	241074	96
Mock_P07_2	15	241074	89
Mock_P07_2	15	241074	125
Mock_P07_2	15	241074	80
Mock_P07_2	15	241074	64
Mock_P07_2	15	241074	83
Mock_P07_2	15	241074	88
Mock_P07_2	15	241074	114
Mock_P07_2	15	241074	75
Mock_P07_2	15	241074	45
Mock_P07_2	15	241074	87
Mock_P07_2	15	241074	62
Mock_P07_2	15	241074	106
Mock_P07_2	15	241074	52
Mock_P07_2	15	241074	67
Mock_P07_2	15	241074	100
Mock_P07_2	15	241074	66
Mock_P07_2	15	241074	80
Mock_P07_2	15	241074	147
Mock_P07_2	15	241074	72
Mock_P07_2	15	241074	71
Mock_P07_2	15	241074	51
Mock_P07_2	15	241074	52
Mock_P07_2	15	241074	99
Mock_P07_2	15	241074	58
Mock_P07_2	15	241074	118
Mock_P07_2	15	241074	105
Mock_P07_2	15	241074	43
Mock_P07_2	16	321387	55
Mock_P07_2	16	321387	36
Mock_P07_2	16	321387	104
Mock_P07_2	16	321387	133
Mock_P07_2	16	321387	106
Mock_P07_2	16	321387	57
Mock_P07_2	16	321387	89
Mock_P07_2	16	321387	36
Mock_P07_2	16	321387	103
Mock_P07_2	16	321387	67
Mock_P07_2	16	321387	53
Mock_P07_2	16	321387	20
Mock_P07_2	16	321387	146
Mock_P07_2	16	321387	64
Mock_P07_2	16	321387	105
Mock_P07_2	16	321387	104
Mock_P07_2	16	321387	214
Mock_P07_2	16	321387	151
Mock_P07_2	16	321387	270
Mock_P07_2	16	321387	53
Mock_P07_2	16	321387	80
Mock_P07_2	16	321387	153
Mock_P07_2	16	321387	104
Mock_P07_2	16	321387	145
Mock_P07_2	16	321387	114
Mock_P07_2	16	321387	89
Mock_P07_2	16	321387	189
Mock_P07_2	16	321387	120
Mock_P07_2	16	321387	40
Mock_P07_2	16	321387	71
Mock_P07_2	16	321387	77
Mock_P07_2	16	321387	125
Mock_P07_2	16	321387	56
Mock_P07_2	16	321387	39
Mock_P07_2	16	321387	78
Mock_P07_2	16	321387	145
Mock_P07_2	16	321387	83
Mock_P07_2	16	321387	86
Mock_P07_2	16	321387	122
Mock_P07_2	16	321387	121
Mock_P07_2	16	321387	129
Mock_P07_2	16	321387	73
Mock_P07_2	16	321387	68
Mock_P07_2	16	321387	119
Mock_P07_2	16	321387	128
Mock_P07_2	16	321387	104
Mock_P07_2	16	321387	113
Mock_P07_2	16	321387	105
Mock_P07_2	16	321387	103
Mock_P07_2	16	321387	71
Mock_P07_2	16	321387	107
Mock_P07_2	16	321387	105
Mock_P07_2	16	321387	124
Mock_P07_2	16	321387	182
Mock_P07_2	16	321387	219
Mock_P07_2	16	321387	68
Mock_P07_2	16	321387	113
Mock_P07_2	16	321387	155
Mock_P07_2	16	321387	83
Mock_P07_2	16	321387	57
Mock_P07_2	16	321387	88
Mock_P07_2	16	321387	69
Mock_P07_2	16	321387	109
Mock_P07_2	16	321387	29
Mock_P07_2	16	321387	91
Mock_P07_2	16	321387	97
Mock_P07_2	16	321387	101
Mock_P07_2	16	321387	69
Mock_P07_2	16	321387	73
Mock_P07_2	16	321387	108
Mock_P07_2	16	321387	123
Mock_P07_2	16	321387	112
Mock_P07_2	16	321387	137
Mock_P07_2	16	321387	122
Mock_P07_2	16	321387	53
Mock_P07_2	16	321387	87
Mock_P07_2	16	321387	88
Mock_P07_2	16	321387	81
Mock_P07_2	16	321387	108
Mock_P07_2	16	321387	105
Mock_P07_2	16	321387	94
Mock_P07_2	16	321387	126
Mock_P07_2	16	321387	210
Mock_P07_2	16	321387	138
Mock_P07_2	16	321387	139
Mock_P07_2	16	321387	92
Mock_P07_2	16	321387	97
Mock_P07_2	17	276290	82
Mock_P07_2	17	276290	57
Mock_P07_2	17	276290	42
Mock_P07_2	17	276290	36
Mock_P07_2	17	276290	33
Mock_P07_2	17	276290	34
Mock_P07_2	17	276290	76
Mock_P07_2	17	276290	126
Mock_P07_2	17	276290	16
Mock_P07_2	17	276290	45
Mock_P07_2	17	276290	73
Mock_P07_2	17	276290	43
Mock_P07_2	17	276290	64
Mock_P07_2	17	276290	120
Mock_P07_2	17	276290	175
Mock_P07_2	17	276290	43
Mock_P07_2	17	276290	83
Mock_P07_2	17	276290	118
Mock_P07_2	17	276290	103
Mock_P07_2	17	276290	115
Mock_P07_2	17	276290	46
Mock_P07_2	17	276290	116
Mock_P07_2	17	276290	121
Mock_P07_2	17	276290	153
Mock_P07_2	17	276290	90
Mock_P07_2	17	276290	24
Mock_P07_2	17	276290	13
Mock_P07_2	17	276290	93
Mock_P07_2	17	276290	89
Mock_P07_2	17	276290	69
Mock_P07_2	17	276290	41
Mock_P07_2	17	276290	78
Mock_P07_2	17	276290	69
Mock_P07_2	17	276290	112
Mock_P07_2	17	276290	113
Mock_P07_2	17	276290	100
Mock_P07_2	17	276290	72
Mock_P07_2	17	276290	45
Mock_P07_2	17	276290	79
Mock_P07_2	17	276290	103
Mock_P07_2	17	276290	43
Mock_P07_2	17	276290	47
Mock_P07_2	17	276290	119
Mock_P07_2	17	276290	93
Mock_P07_2	17	276290	159
Mock_P07_2	17	276290	109
Mock_P07_2	17	276290	100
Mock_P07_2	17	276290	95
Mock_P07_2	17	276290	130
Mock_P07_2	17	276290	163
Mock_P07_2	17	276290	108
Mock_P07_2	17	276290	81
Mock_P07_2	17	276290	111
Mock_P07_2	17	276290	131
Mock_P07_2	17	276290	49
Mock_P07_2	17	276290	86
Mock_P07_2	17	276290	144
Mock_P07_2	17	276290	63
Mock_P07_2	17	276290	89
Mock_P07_2	17	276290	98
Mock_P07_2	17	276290	122
Mock_P07_2	17	276290	97
Mock_P07_2	17	276290	164
Mock_P07_2	17	276290	130
Mock_P07_2	17	276290	207
Mock_P07_2	17	276290	217
Mock_P07_2	17	276290	117
Mock_P07_2	17	276290	140
Mock_P07_2	17	276290	131
Mock_P07_2	17	276290	81
Mock_P07_2	17	276290	105
Mock_P07_2	17	276290	121
Mock_P07_2	17	276290	126
Mock_P07_2	17	276290	182
Mock_P07_2	17	276290	106
Mock_P07_2	17	276290	82
Mock_P07_2	17	276290	203
Mock_P07_2	17	276290	145
Mock_P07_2	17	276290	250
Mock_P07_2	18	314684	54
Mock_P07_2	18	314684	84
Mock_P07_2	18	314684	61
Mock_P07_2	18	314684	97
Mock_P07_2	18	314684	91
Mock_P07_2	18	314684	145
Mock_P07_2	18	314684	124
Mock_P07_2	18	314684	120
Mock_P07_2	18	314684	77
Mock_P07_2	18	314684	81
Mock_P07_2	18	314684	126
Mock_P07_2	18	314684	85
Mock_P07_2	18	314684	109
Mock_P07_2	18	314684	83
Mock_P07_2	18	314684	116
Mock_P07_2	18	314684	81
Mock_P07_2	18	314684	86
Mock_P07_2	18	314684	162
Mock_P07_2	18	314684	168
Mock_P07_2	18	314684	193
Mock_P07_2	18	314684	183
Mock_P07_2	18	314684	83
Mock_P07_2	18	314684	107
Mock_P07_2	18	314684	55
Mock_P07_2	18	314684	132
Mock_P07_2	18	314684	184
Mock_P07_2	18	314684	109
Mock_P07_2	18	314684	48
Mock_P07_2	18	314684	92
Mock_P07_2	18	314684	121
Mock_P07_2	18	314684	117
Mock_P07_2	18	314684	58
Mock_P07_2	18	314684	76
Mock_P07_2	18	314684	88
Mock_P07_2	18	314684	128
Mock_P07_2	18	314684	112
Mock_P07_2	18	314684	141
Mock_P07_2	18	314684	86
Mock_P07_2	18	314684	81
Mock_P07_2	18	314684	18
Mock_P07_2	18	314684	39
Mock_P07_2	18	314684	83
Mock_P07_2	18	314684	163
Mock_P07_2	18	314684	93
Mock_P07_2	18	314684	87
Mock_P07_2	18	314684	148
Mock_P07_2	18	314684	249
Mock_P07_2	18	314684	121
Mock_P07_2	18	314684	98
Mock_P07_2	18	314684	104
Mock_P07_2	18	314684	138
Mock_P07_2	18	314684	108
Mock_P07_2	18	314684	241
Mock_P07_2	18	314684	76
Mock_P07_2	18	314684	93
Mock_P07_2	18	314684	107
Mock_P07_2	18	314684	137
Mock_P07_2	18	314684	108
Mock_P07_2	19	333449	118
Mock_P07_2	19	333449	141
Mock_P07_2	19	333449	130
Mock_P07_2	19	333449	120
Mock_P07_2	19	333449	104
Mock_P07_2	19	333449	118
Mock_P07_2	19	333449	26
Mock_P07_2	19	333449	53
Mock_P07_2	19	333449	122
Mock_P07_2	19	333449	83
Mock_P07_2	19	333449	78
Mock_P07_2	19	333449	37
Mock_P07_2	19	333449	102
Mock_P07_2	19	333449	51
Mock_P07_2	19	333449	106
Mock_P07_2	19	333449	68
Mock_P07_2	19	333449	108
Mock_P07_2	19	333449	132
Mock_P07_2	19	333449	141
Mock_P07_2	19	333449	214
Mock_P07_2	19	333449	110
Mock_P07_2	19	333449	122
Mock_P07_2	19	333449	93
Mock_P07_2	19	333449	128
Mock_P07_2	19	333449	106
Mock_P07_2	19	333449	146
Mock_P07_2	19	333449	41
Mock_P07_2	19	333449	164
Mock_P07_2	19	333449	108
Mock_P07_2	19	333449	39
Mock_P07_2	19	333449	152
Mock_P07_2	19	333449	57
Mock_P07_2	19	333449	138
Mock_P07_2	19	333449	93
Mock_P07_2	19	333449	42
Mock_P07_2	19	333449	106
Mock_P07_2	19	333449	95
Mock_P07_2	19	333449	123
Mock_P07_2	19	333449	73
Mock_P07_2	19	333449	96
Mock_P07_2	19	333449	84
Mock_P07_2	19	333449	109
Mock_P07_2	19	333449	38
Mock_P07_2	19	333449	189
Mock_P07_2	19	333449	220
Mock_P07_2	19	333449	103
Mock_P07_2	19	333449	139
Mock_P07_2	19	333449	87
Mock_P07_2	19	333449	118
Mock_P07_2	19	333449	96
Mock_P07_2	19	333449	69
Mock_P07_2	19	333449	166
Mock_P07_2	19	333449	109
Mock_P07_2	19	333449	81
Mock_P07_2	19	333449	79
Mock_P07_2	19	333449	100
Mock_P07_2	19	333449	174
Mock_P07_2	19	333449	125
Mock_P07_2	19	333449	140
Mock_P07_2	19	333449	99
Mock_P07_2	19	333449	218
Mock_P07_2	19	333449	162
Mock_P07_2	19	333449	83
Mock_P07_2	19	333449	47
Mock_P07_2	19	333449	56
Mock_P07_2	19	333449	99
Mock_P07_2	19	333449	118
Mock_P07_2	19	333449	39
Mock_P07_2	19	333449	65
Mock_P07_2	19	333449	161
Mock_P07_2	19	333449	78
Mock_P07_2	19	333449	162
Mock_P07_2	19	333449	145
Mock_P07_2	19	333449	143
Mock_P07_2	19	333449	81
Mock_P07_2	19	333449	105
Mock_P07_2	19	333449	112
Mock_P07_2	19	333449	180
Mock_P07_2	19	333449	119
Mock_P07_2	19	333449	129
Mock_P07_2	19	333449	132
Mock_P07_2	19	333449	105
Mock_P07_2	19	333449	144
Mock_P07_2	19	333449	100
Mock_P07_2	19	333449	235
Mock_P07_2	19	333449	269
Mock_P07_2	19	333449	149
Mock_P07_2	19	333449	180
Mock_P07_2	19	333449	371
Mock_P07_2	19	333449	159
Mock_P07_2	19	333449	177
Mock_P07_2	19	333449	15
Mock_P07_2	19	333449	219
Mock_P07_2	19	333449	177
Mock_P07_2	19	333449	534
Mock_P07_2	19	333449	196
Mock_P07_2	19	333449	146
Mock_P07_2	19	333449	178
Mock_P07_2	20	293386	146
Mock_P07_2	20	293386	49
Mock_P07_2	20	293386	124
Mock_P07_2	20	293386	52
Mock_P07_2	20	293386	91
Mock_P07_2	20	293386	123
Mock_P07_2	20	293386	92
Mock_P07_2	20	293386	37
Mock_P07_2	20	293386	78
Mock_P07_2	20	293386	70
Mock_P07_2	20	293386	77
Mock_P07_2	20	293386	114
Mock_P07_2	20	293386	107
Mock_P07_2	20	293386	149
Mock_P07_2	20	293386	87
Mock_P07_2	20	293386	78
Mock_P07_2	20	293386	172
Mock_P07_2	20	293386	107
Mock_P07_2	20	293386	98
Mock_P07_2	20	293386	102
Mock_P07_2	20	293386	91
Mock_P07_2	20	293386	64
Mock_P07_2	20	293386	69
Mock_P07_2	20	293386	62
Mock_P07_2	20	293386	154
Mock_P07_2	20	293386	68
Mock_P07_2	20	293386	58
Mock_P07_2	20	293386	104
Mock_P07_2	20	293386	50
Mock_P07_2	20	293386	121
Mock_P07_2	20	293386	149
Mock_P07_2	20	293386	83
Mock_P07_2	20	293386	124
Mock_P07_2	20	293386	118
Mock_P07_2	20	293386	90
Mock_P07_2	20	293386	134
Mock_P07_2	20	293386	141
Mock_P07_2	20	293386	96
Mock_P07_2	20	293386	140
Mock_P07_2	20	293386	120
Mock_P07_2	20	293386	10
Mock_P07_2	20	293386	100
Mock_P07_2	20	293386	130
Mock_P07_2	20	293386	108
Mock_P07_2	20	293386	196
Mock_P07_2	20	293386	120
Mock_P07_2	20	293386	42
Mock_P07_2	20	293386	193
Mock_P07_2	20	293386	116
Mock_P07_2	20	293386	56
Mock_P07_2	20	293386	75
Mock_P07_2	20	293386	175
Mock_P07_2	20	293386	61
Mock_P07_2	20	293386	213
Mock_P07_2	20	293386	133
Mock_P07_2	20	293386	190
Mock_P07_2	20	293386	196
Mock_P07_2	20	293386	115
Mock_P07_2	20	293386	134
Mock_P07_2	20	293386	130
Mock_P07_2	20	293386	106
Mock_P07_2	20	293386	131
Mock_P07_2	20	293386	178
Mock_P07_2	20	293386	108
Mock_P07_2	20	293386	65
Mock_P07_2	21	323001	130
Mock_P07_2	21	323001	71
Mock_P07_2	21	323001	145
Mock_P07_2	21	323001	114
Mock_P07_2	21	323001	122
Mock_P07_2	21	323001	127
Mock_P07_2	21	323001	123
Mock_P07_2	21	323001	221
Mock_P07_2	21	323001	100
Mock_P07_2	21	323001	86
Mock_P07_2	21	323001	129
Mock_P07_2	21	323001	252
Mock_P07_2	21	323001	116
Mock_P07_2	21	323001	121
Mock_P07_2	21	323001	105
Mock_P07_2	21	323001	96
Mock_P07_2	21	323001	122
Mock_P07_2	21	323001	118
Mock_P07_2	21	323001	99
Mock_P07_2	21	323001	190
Mock_P07_2	21	323001	111
Mock_P07_2	21	323001	126
Mock_P07_2	21	323001	123
Mock_P07_2	21	323001	26
Mock_P07_2	21	323001	99
Mock_P07_2	21	323001	259
Mock_P07_2	21	323001	209
Mock_P07_2	21	323001	366
Mock_P07_2	21	323001	131
Mock_P07_2	21	323001	92
Mock_P07_2	21	323001	136
Mock_P07_2	21	323001	136
Mock_P07_2	21	323001	185
Mock_P07_2	21	323001	439
Mock_P07_2	21	323001	95
Mock_P07_2	21	323001	201
Mock_P07_2	21	323001	138
Mock_P07_2	21	323001	101
Mock_P07_2	21	323001	220
Mock_P07_2	21	323001	83
Mock_P07_2	21	323001	288
Mock_P07_2	21	323001	114
Mock_P07_2	21	323001	97
Mock_P07_2	21	323001	150
Mock_P07_2	21	323001	339
Mock_P07_2	21	323001	131
Mock_P07_2	21	323001	112
Mock_P07_2	21	323001	146
Mock_P07_2	21	323001	156
Mock_P07_2	21	323001	245
Mock_P07_2	21	323001	116
Mock_P07_2	21	323001	158
Mock_P07_2	21	323001	127
Mock_P07_2	21	323001	145
Mock_P07_2	21	323001	144
Mock_P07_2	21	323001	72
Mock_P07_2	21	323001	178
Mock_P07_2	21	323001	145
Mock_P07_2	21	323001	130
Mock_P07_2	21	323001	330
Mock_P07_2	21	323001	115
Mock_P07_2	21	323001	166
Mock_P07_2	21	323001	144
Mock_P07_2	21	323001	110
Mock_P07_2	21	323001	148
Mock_P07_2	21	323001	123
Mock_P07_2	21	323001	181
Mock_P07_2	21	323001	164
Mock_P07_2	21	323001	161
Mock_P07_2	21	323001	133
Mock_P07_2	21	323001	92
Mock_P07_2	21	323001	225
Mock_P07_2	21	323001	141
Mock_P07_2	21	323001	178
Mock_P07_2	21	323001	142
Mock_P07_2	21	323001	104
Mock_P07_2	21	323001	189
Mock_P07_2	21	323001	128
Mock_P07_2	21	323001	268
Mock_P07_2	21	323001	128
Mock_P07_2	21	323001	153
Mock_P07_2	21	323001	147
Mock_P07_2	21	323001	105
Mock_P07_2	21	323001	87
Mock_P07_2	21	323001	167
Mock_P07_2	21	323001	88
Mock_P07_2	21	323001	137
Mock_P07_2	21	323001	95
Mock_P07_2	21	323001	125
Mock_P07_2	21	323001	224
Mock_P07_2	21	323001	127
Mock_P07_2	21	323001	118
Mock_P07_2	21	323001	156
Mock_P07_2	21	323001	205
Mock_P07_2	21	323001	97
Mock_P07_2	21	323001	145
Mock_P07_2	21	323001	68
Mock_P07_2	21	323001	104
Mock_P07_2	21	323001	164
Mock_P07_2	21	323001	111
Mock_P07_2	21	323001	105
Mock_P07_2	21	323001	66
Mock_P07_2	21	323001	95
Mock_P07_2	21	323001	97
Mock_P07_2	21	323001	211
Mock_P07_2	21	323001	81
Mock_P07_2	21	323001	135
Mock_P07_2	21	323001	112
Mock_P07_2	21	323001	77
Mock_P07_2	21	323001	202
Mock_P07_2	21	323001	117
Mock_P07_2	21	323001	101
Mock_P07_2	21	323001	197
Mock_P07_2	21	323001	115
Mock_P07_2	21	323001	95
Mock_P07_2	21	323001	32
Mock_P07_2	21	323001	56
Mock_P07_2	21	323001	108
Mock_P07_2	21	323001	14
Mock_P07_2	21	323001	48
Mock_P07_2	21	323001	177
Mock_P07_2	21	323001	89
Mock_P07_2	21	323001	163
Mock_P07_2	21	323001	60
Mock_P07_2	21	323001	134
Mock_P07_2	21	323001	92
Mock_P07_2	21	323001	164
Mock_P07_2	21	323001	14
Mock_P07_2	21	323001	162
Mock_P07_2	22	317632	89
Mock_P07_2	22	317632	102
Mock_P07_2	22	317632	79
Mock_P07_2	22	317632	140
Mock_P07_2	22	317632	107
Mock_P07_2	22	317632	148
Mock_P07_2	22	317632	77
Mock_P07_2	22	317632	81
Mock_P07_2	22	317632	34
Mock_P07_2	22	317632	78
Mock_P07_2	22	317632	110
Mock_P07_2	22	317632	79
Mock_P07_2	22	317632	230
Mock_P07_2	22	317632	107
Mock_P07_2	22	317632	148
Mock_P07_2	22	317632	97
Mock_P07_2	22	317632	107
Mock_P07_2	22	317632	180
Mock_P07_2	22	317632	107
Mock_P07_2	22	317632	160
Mock_P07_2	22	317632	91
Mock_P07_2	22	317632	118
Mock_P07_2	22	317632	169
Mock_P07_2	22	317632	48
Mock_P07_2	22	317632	35
Mock_P07_2	22	317632	93
Mock_P07_2	22	317632	130
Mock_P07_2	22	317632	262
Mock_P07_2	22	317632	97
Mock_P07_2	22	317632	84
Mock_P07_2	22	317632	102
Mock_P07_2	22	317632	152
Mock_P07_2	22	317632	79
Mock_P07_2	22	317632	76
Mock_P07_2	22	317632	70
Mock_P07_2	22	317632	169
Mock_P07_2	22	317632	68
Mock_P07_2	22	317632	125
Mock_P07_2	22	317632	135
Mock_P07_2	22	317632	174
Mock_P07_2	22	317632	68
Mock_P07_2	22	317632	17
Mock_P07_2	22	317632	109
Mock_P07_2	22	317632	177
Mock_P07_2	22	317632	86
Mock_P07_2	22	317632	216
Mock_P07_2	22	317632	86
Mock_P07_2	22	317632	153
Mock_P07_2	22	317632	117
Mock_P07_2	22	317632	165
Mock_P07_2	22	317632	18
Mock_P07_2	22	317632	106
Mock_P07_2	22	317632	43
Mock_P07_2	22	317632	64
Mock_P07_2	22	317632	18
Mock_P07_2	22	317632	82
Mock_P07_2	22	317632	125
Mock_P07_2	22	317632	85
Mock_P07_2	22	317632	138
Mock_P07_2	22	317632	135
Mock_P07_2	22	317632	84
Mock_P07_2	22	317632	59
Mock_P07_2	22	317632	31
Mock_P07_2	22	317632	76
Mock_P07_2	22	317632	87
Mock_P07_2	22	317632	52
Mock_P07_2	22	317632	111
Mock_P07_2	22	317632	46
Mock_P07_2	22	317632	97
Mock_P07_2	22	317632	116
Mock_P07_2	22	317632	154
Mock_P07_2	22	317632	22
Mock_P07_2	22	317632	106
Mock_P07_2	22	317632	147
Mock_P07_2	22	317632	52
Mock_P07_2	22	317632	98
Mock_P07_2	22	317632	74
Mock_P07_2	22	317632	120
Mock_P07_2	22	317632	91
Mock_P07_2	22	317632	40
Mock_P07_2	22	317632	121
Mock_P07_2	22	317632	153
Mock_P07_2	22	317632	64
Mock_P07_2	22	317632	118
Mock_P07_2	22	317632	98
Mock_P07_2	22	317632	144
Mock_P07_2	22	317632	92
Mock_P07_2	22	317632	111
Mock_P07_2	22	317632	77
Mock_P07_2	22	317632	95
Mock_P07_2	22	317632	170
Mock_P07_2	22	317632	123
Mock_P07_2	22	317632	92
Mock_P07_2	22	317632	45
Mock_P07_2	22	317632	30
Mock_P07_2	22	317632	64
Mock_P07_2	22	317632	123
Mock_P07_2	22	317632	88
Mock_P07_2	22	317632	111
Mock_P07_2	22	317632	150
Mock_P07_2	22	317632	146
Mock_P07_2	22	317632	103
Mock_P07_2	22	317632	121
Mock_P07_2	22	317632	216
Mock_P07_2	22	317632	179
Mock_P07_2	22	317632	47
Mock_P07_2	22	317632	110
Mock_P07_2	22	317632	89
Mock_P07_2	22	317632	71
Mock_P07_2	22	317632	161
Mock_P07_2	22	317632	139
Mock_P07_2	22	317632	123
