fichier	leaf	surfaceLeaf	surfaceLesion
Mock_P03_1	1	294346	87
Mock_P03_1	1	294346	13
Mock_P03_1	1	294346	79
Mock_P03_1	1	294346	33
Mock_P03_1	1	294346	50
Mock_P03_1	1	294346	88
Mock_P03_1	1	294346	64
Mock_P03_1	1	294346	87
Mock_P03_1	1	294346	124
Mock_P03_1	1	294346	101
Mock_P03_1	1	294346	106
Mock_P03_1	1	294346	58
Mock_P03_1	1	294346	72
Mock_P03_1	1	294346	90
Mock_P03_1	1	294346	134
Mock_P03_1	1	294346	128
Mock_P03_1	1	294346	105
Mock_P03_1	1	294346	78
Mock_P03_1	1	294346	20
Mock_P03_1	1	294346	31
Mock_P03_1	1	294346	108
Mock_P03_1	1	294346	62
Mock_P03_1	1	294346	106
Mock_P03_1	1	294346	105
Mock_P03_1	1	294346	92
Mock_P03_1	1	294346	121
Mock_P03_1	1	294346	12
Mock_P03_1	1	294346	86
Mock_P03_1	1	294346	48
Mock_P03_1	1	294346	134
Mock_P03_1	1	294346	45
Mock_P03_1	1	294346	75
Mock_P03_1	1	294346	59
Mock_P03_1	1	294346	153
Mock_P03_1	1	294346	47
Mock_P03_1	1	294346	114
Mock_P03_1	1	294346	80
Mock_P03_1	1	294346	81
Mock_P03_1	1	294346	110
Mock_P03_1	1	294346	67
Mock_P03_1	1	294346	47
Mock_P03_1	1	294346	111
Mock_P03_1	1	294346	71
Mock_P03_1	1	294346	78
Mock_P03_1	1	294346	15
Mock_P03_1	1	294346	48
Mock_P03_1	1	294346	108
Mock_P03_1	1	294346	64
Mock_P03_1	1	294346	99
Mock_P03_1	1	294346	83
Mock_P03_1	1	294346	100
Mock_P03_1	1	294346	80
Mock_P03_1	1	294346	10
Mock_P03_1	1	294346	47
Mock_P03_1	1	294346	20
Mock_P03_1	1	294346	23
Mock_P03_1	1	294346	100
Mock_P03_1	1	294346	49
Mock_P03_1	1	294346	12
Mock_P03_1	1	294346	123
Mock_P03_1	1	294346	50
Mock_P03_1	1	294346	77
Mock_P03_1	1	294346	23
Mock_P03_1	1	294346	56
Mock_P03_1	1	294346	77
Mock_P03_1	1	294346	41
Mock_P03_1	1	294346	26
Mock_P03_1	1	294346	19
Mock_P03_1	1	294346	63
Mock_P03_1	1	294346	12
Mock_P03_1	1	294346	47
Mock_P03_1	1	294346	131
Mock_P03_1	1	294346	112
Mock_P03_1	1	294346	140
Mock_P03_1	1	294346	125
Mock_P03_1	1	294346	155
Mock_P03_1	1	294346	59
Mock_P03_1	1	294346	95
Mock_P03_1	1	294346	68
Mock_P03_1	1	294346	110
Mock_P03_1	1	294346	84
Mock_P03_1	1	294346	90
Mock_P03_1	1	294346	150
Mock_P03_1	1	294346	24
Mock_P03_1	1	294346	90
Mock_P03_1	1	294346	91
Mock_P03_1	1	294346	63
Mock_P03_1	1	294346	117
Mock_P03_1	1	294346	37
Mock_P03_1	1	294346	104
Mock_P03_1	1	294346	92
Mock_P03_1	1	294346	28
Mock_P03_1	1	294346	95
Mock_P03_1	1	294346	87
Mock_P03_1	1	294346	136
Mock_P03_1	1	294346	125
Mock_P03_1	1	294346	71
Mock_P03_1	1	294346	77
Mock_P03_1	1	294346	97
Mock_P03_1	1	294346	103
Mock_P03_1	1	294346	51
Mock_P03_1	1	294346	160
Mock_P03_1	1	294346	69
Mock_P03_1	1	294346	131
Mock_P03_1	1	294346	96
Mock_P03_1	1	294346	143
Mock_P03_1	1	294346	87
Mock_P03_1	1	294346	71
Mock_P03_1	1	294346	65
Mock_P03_1	1	294346	77
Mock_P03_1	1	294346	187
Mock_P03_1	1	294346	51
Mock_P03_1	1	294346	83
Mock_P03_1	1	294346	70
Mock_P03_1	1	294346	177
Mock_P03_1	1	294346	73
Mock_P03_1	1	294346	133
Mock_P03_1	1	294346	95
Mock_P03_1	1	294346	71
Mock_P03_1	1	294346	112
Mock_P03_1	1	294346	127
Mock_P03_1	1	294346	119
Mock_P03_1	1	294346	17
Mock_P03_1	1	294346	69
Mock_P03_1	1	294346	134
Mock_P03_1	2	256511	105
Mock_P03_1	2	256511	164
Mock_P03_1	2	256511	70
Mock_P03_1	2	256511	161
Mock_P03_1	2	256511	82
Mock_P03_1	2	256511	136
Mock_P03_1	2	256511	113
Mock_P03_1	2	256511	130
Mock_P03_1	2	256511	105
Mock_P03_1	2	256511	59
Mock_P03_1	2	256511	133
Mock_P03_1	2	256511	48
Mock_P03_1	2	256511	128
Mock_P03_1	2	256511	98
Mock_P03_1	2	256511	119
Mock_P03_1	2	256511	113
Mock_P03_1	2	256511	186
Mock_P03_1	2	256511	87
Mock_P03_1	2	256511	105
Mock_P03_1	2	256511	105
Mock_P03_1	2	256511	307
Mock_P03_1	2	256511	184
Mock_P03_1	2	256511	128
Mock_P03_1	2	256511	99
Mock_P03_1	2	256511	104
Mock_P03_1	2	256511	90
Mock_P03_1	2	256511	274
Mock_P03_1	2	256511	82
Mock_P03_1	2	256511	114
Mock_P03_1	2	256511	51
Mock_P03_1	2	256511	37
Mock_P03_1	2	256511	108
Mock_P03_1	2	256511	182
Mock_P03_1	2	256511	118
Mock_P03_1	2	256511	91
Mock_P03_1	2	256511	90
Mock_P03_1	2	256511	165
Mock_P03_1	2	256511	163
Mock_P03_1	2	256511	114
Mock_P03_1	2	256511	112
Mock_P03_1	2	256511	96
Mock_P03_1	2	256511	58
Mock_P03_1	2	256511	153
Mock_P03_1	2	256511	113
Mock_P03_1	2	256511	225
Mock_P03_1	2	256511	110
Mock_P03_1	2	256511	47
Mock_P03_1	2	256511	131
Mock_P03_1	2	256511	96
Mock_P03_1	2	256511	235
Mock_P03_1	2	256511	121
Mock_P03_1	2	256511	121
Mock_P03_1	2	256511	145
Mock_P03_1	2	256511	154
Mock_P03_1	2	256511	104
Mock_P03_1	2	256511	90
Mock_P03_1	2	256511	293
Mock_P03_1	2	256511	132
Mock_P03_1	2	256511	181
Mock_P03_1	2	256511	141
Mock_P03_1	2	256511	118
Mock_P03_1	2	256511	112
Mock_P03_1	2	256511	81
Mock_P03_1	2	256511	109
Mock_P03_1	2	256511	140
Mock_P03_1	2	256511	136
Mock_P03_1	2	256511	110
Mock_P03_1	2	256511	106
Mock_P03_1	2	256511	98
Mock_P03_1	2	256511	175
Mock_P03_1	2	256511	68
Mock_P03_1	2	256511	84
Mock_P03_1	2	256511	72
Mock_P03_1	2	256511	103
Mock_P03_1	2	256511	120
Mock_P03_1	2	256511	85
Mock_P03_1	2	256511	102
Mock_P03_1	2	256511	69
Mock_P03_1	2	256511	194
Mock_P03_1	2	256511	56
Mock_P03_1	2	256511	108
Mock_P03_1	2	256511	77
Mock_P03_1	2	256511	115
Mock_P03_1	2	256511	47
Mock_P03_1	2	256511	86
Mock_P03_1	2	256511	118
Mock_P03_1	2	256511	113
Mock_P03_1	2	256511	104
Mock_P03_1	2	256511	123
Mock_P03_1	2	256511	161
Mock_P03_1	2	256511	217
Mock_P03_1	2	256511	104
Mock_P03_1	2	256511	122
Mock_P03_1	2	256511	87
Mock_P03_1	2	256511	100
Mock_P03_1	2	256511	118
Mock_P03_1	2	256511	95
Mock_P03_1	2	256511	102
Mock_P03_1	2	256511	70
Mock_P03_1	2	256511	89
Mock_P03_1	2	256511	124
Mock_P03_1	2	256511	110
Mock_P03_1	2	256511	84
Mock_P03_1	3	296708	98
Mock_P03_1	3	296708	127
Mock_P03_1	3	296708	95
Mock_P03_1	3	296708	123
Mock_P03_1	3	296708	148
Mock_P03_1	3	296708	103
Mock_P03_1	3	296708	96
Mock_P03_1	3	296708	143
Mock_P03_1	3	296708	113
Mock_P03_1	3	296708	113
Mock_P03_1	3	296708	122
Mock_P03_1	3	296708	143
Mock_P03_1	3	296708	91
Mock_P03_1	3	296708	85
Mock_P03_1	3	296708	125
Mock_P03_1	3	296708	87
Mock_P03_1	3	296708	208
Mock_P03_1	3	296708	105
Mock_P03_1	3	296708	113
Mock_P03_1	3	296708	117
Mock_P03_1	3	296708	101
Mock_P03_1	3	296708	113
Mock_P03_1	3	296708	79
Mock_P03_1	3	296708	104
Mock_P03_1	3	296708	117
Mock_P03_1	3	296708	106
Mock_P03_1	3	296708	111
Mock_P03_1	3	296708	97
Mock_P03_1	3	296708	83
Mock_P03_1	3	296708	351
Mock_P03_1	3	296708	133
Mock_P03_1	3	296708	98
Mock_P03_1	3	296708	69
Mock_P03_1	3	296708	99
Mock_P03_1	3	296708	63
Mock_P03_1	3	296708	329
Mock_P03_1	3	296708	126
Mock_P03_1	3	296708	77
Mock_P03_1	3	296708	77
Mock_P03_1	3	296708	58
Mock_P03_1	3	296708	88
Mock_P03_1	3	296708	78
Mock_P03_1	3	296708	97
Mock_P03_1	3	296708	80
Mock_P03_1	3	296708	85
Mock_P03_1	3	296708	105
Mock_P03_1	3	296708	134
Mock_P03_1	3	296708	64
Mock_P03_1	3	296708	213
Mock_P03_1	3	296708	84
Mock_P03_1	3	296708	115
Mock_P03_1	3	296708	83
Mock_P03_1	3	296708	194
Mock_P03_1	3	296708	80
Mock_P03_1	3	296708	63
Mock_P03_1	3	296708	20
Mock_P03_1	3	296708	89
Mock_P03_1	3	296708	44
Mock_P03_1	3	296708	116
Mock_P03_1	3	296708	81
Mock_P03_1	3	296708	57
Mock_P03_1	3	296708	46
Mock_P03_1	3	296708	175
Mock_P03_1	3	296708	65
Mock_P03_1	3	296708	75
Mock_P03_1	3	296708	41
Mock_P03_1	3	296708	54
Mock_P03_1	3	296708	93
Mock_P03_1	3	296708	145
Mock_P03_1	3	296708	74
Mock_P03_1	3	296708	135
Mock_P03_1	3	296708	268
Mock_P03_1	3	296708	155
Mock_P03_1	3	296708	70
Mock_P03_1	3	296708	115
Mock_P03_1	3	296708	85
Mock_P03_1	3	296708	17
Mock_P03_1	3	296708	62
Mock_P03_1	3	296708	75
Mock_P03_1	3	296708	70
Mock_P03_1	3	296708	145
Mock_P03_1	3	296708	63
Mock_P03_1	3	296708	118
Mock_P03_1	3	296708	100
Mock_P03_1	3	296708	67
Mock_P03_1	3	296708	119
Mock_P03_1	3	296708	67
Mock_P03_1	3	296708	98
Mock_P03_1	3	296708	54
Mock_P03_1	3	296708	51
Mock_P03_1	3	296708	66
Mock_P03_1	3	296708	93
Mock_P03_1	3	296708	110
Mock_P03_1	3	296708	67
Mock_P03_1	3	296708	132
Mock_P03_1	3	296708	61
Mock_P03_1	3	296708	83
Mock_P03_1	3	296708	76
Mock_P03_1	3	296708	45
Mock_P03_1	3	296708	74
Mock_P03_1	3	296708	68
Mock_P03_1	3	296708	112
Mock_P03_1	3	296708	151
Mock_P03_1	3	296708	96
Mock_P03_1	3	296708	462
Mock_P03_1	3	296708	247
Mock_P03_1	3	296708	78
Mock_P03_1	3	296708	116
Mock_P03_1	3	296708	99
Mock_P03_1	3	296708	146
Mock_P03_1	3	296708	90
Mock_P03_1	3	296708	55
Mock_P03_1	3	296708	78
Mock_P03_1	3	296708	38
Mock_P03_1	3	296708	195
Mock_P03_1	3	296708	90
Mock_P03_1	3	296708	119
Mock_P03_1	3	296708	82
Mock_P03_1	3	296708	37
Mock_P03_1	3	296708	47
Mock_P03_1	3	296708	49
Mock_P03_1	3	296708	62
Mock_P03_1	3	296708	81
Mock_P03_1	3	296708	61
Mock_P03_1	3	296708	84
Mock_P03_1	3	296708	116
Mock_P03_1	3	296708	10
Mock_P03_1	3	296708	67
Mock_P03_1	3	296708	81
Mock_P03_1	3	296708	77
Mock_P03_1	3	296708	77
Mock_P03_1	3	296708	85
Mock_P03_1	3	296708	155
Mock_P03_1	3	296708	73
Mock_P03_1	3	296708	83
Mock_P03_1	3	296708	91
Mock_P03_1	3	296708	99
Mock_P03_1	3	296708	68
Mock_P03_1	3	296708	121
Mock_P03_1	3	296708	86
Mock_P03_1	3	296708	42
Mock_P03_1	4	309191	65
Mock_P03_1	4	309191	115
Mock_P03_1	4	309191	112
Mock_P03_1	4	309191	86
Mock_P03_1	4	309191	76
Mock_P03_1	4	309191	40
Mock_P03_1	4	309191	107
Mock_P03_1	4	309191	134
Mock_P03_1	4	309191	53
Mock_P03_1	4	309191	85
Mock_P03_1	4	309191	112
Mock_P03_1	4	309191	90
Mock_P03_1	4	309191	98
Mock_P03_1	4	309191	177
Mock_P03_1	4	309191	84
Mock_P03_1	4	309191	76
Mock_P03_1	4	309191	58
Mock_P03_1	4	309191	111
Mock_P03_1	4	309191	24
Mock_P03_1	4	309191	58
Mock_P03_1	4	309191	73
Mock_P03_1	4	309191	72
Mock_P03_1	4	309191	53
Mock_P03_1	4	309191	66
Mock_P03_1	4	309191	93
Mock_P03_1	4	309191	235
Mock_P03_1	4	309191	26
Mock_P03_1	4	309191	103
Mock_P03_1	4	309191	115
Mock_P03_1	4	309191	152
Mock_P03_1	4	309191	120
Mock_P03_1	4	309191	217
Mock_P03_1	4	309191	74
Mock_P03_1	4	309191	117
Mock_P03_1	4	309191	139
Mock_P03_1	4	309191	51
Mock_P03_1	4	309191	201
Mock_P03_1	4	309191	79
Mock_P03_1	4	309191	81
Mock_P03_1	4	309191	145
Mock_P03_1	4	309191	90
Mock_P03_1	4	309191	97
Mock_P03_1	4	309191	44
Mock_P03_1	4	309191	109
Mock_P03_1	4	309191	235
Mock_P03_1	4	309191	131
Mock_P03_1	4	309191	102
Mock_P03_1	4	309191	75
Mock_P03_1	4	309191	161
Mock_P03_1	4	309191	126
Mock_P03_1	4	309191	99
Mock_P03_1	4	309191	181
Mock_P03_1	4	309191	84
Mock_P03_1	4	309191	92
Mock_P03_1	4	309191	91
Mock_P03_1	4	309191	103
Mock_P03_1	4	309191	43
Mock_P03_1	4	309191	198
Mock_P03_1	4	309191	138
Mock_P03_1	4	309191	84
Mock_P03_1	4	309191	275
Mock_P03_1	4	309191	89
Mock_P03_1	4	309191	152
Mock_P03_1	4	309191	99
Mock_P03_1	4	309191	28
Mock_P03_1	4	309191	96
Mock_P03_1	4	309191	93
Mock_P03_1	4	309191	213
Mock_P03_1	4	309191	92
Mock_P03_1	4	309191	93
Mock_P03_1	4	309191	97
Mock_P03_1	4	309191	76
Mock_P03_1	4	309191	130
Mock_P03_1	4	309191	126
Mock_P03_1	4	309191	39
Mock_P03_1	4	309191	98
Mock_P03_1	4	309191	77
Mock_P03_1	4	309191	49
Mock_P03_1	4	309191	120
Mock_P03_1	4	309191	100
Mock_P03_1	4	309191	265
Mock_P03_1	4	309191	173
Mock_P03_1	4	309191	29
Mock_P03_1	4	309191	156
Mock_P03_1	4	309191	57
Mock_P03_1	4	309191	85
Mock_P03_1	4	309191	103
Mock_P03_1	4	309191	198
Mock_P03_1	4	309191	71
Mock_P03_1	4	309191	194
Mock_P03_1	4	309191	80
Mock_P03_1	4	309191	97
Mock_P03_1	4	309191	64
Mock_P03_1	4	309191	109
Mock_P03_1	4	309191	133
Mock_P03_1	4	309191	158
Mock_P03_1	4	309191	76
Mock_P03_1	4	309191	30
Mock_P03_1	4	309191	94
Mock_P03_1	4	309191	73
Mock_P03_1	4	309191	57
Mock_P03_1	4	309191	129
Mock_P03_1	4	309191	57
Mock_P03_1	4	309191	66
Mock_P03_1	4	309191	111
Mock_P03_1	4	309191	65
Mock_P03_1	4	309191	48
Mock_P03_1	4	309191	144
Mock_P03_1	4	309191	130
Mock_P03_1	4	309191	90
Mock_P03_1	4	309191	68
Mock_P03_1	4	309191	288
Mock_P03_1	4	309191	86
Mock_P03_1	4	309191	294
Mock_P03_1	4	309191	95
Mock_P03_1	4	309191	79
Mock_P03_1	4	309191	66
Mock_P03_1	4	309191	120
Mock_P03_1	4	309191	78
Mock_P03_1	4	309191	342
Mock_P03_1	4	309191	78
Mock_P03_1	4	309191	49
Mock_P03_1	4	309191	68
Mock_P03_1	4	309191	95
Mock_P03_1	4	309191	81
Mock_P03_1	4	309191	126
Mock_P03_1	4	309191	94
Mock_P03_1	4	309191	57
Mock_P03_1	4	309191	119
Mock_P03_1	4	309191	145
Mock_P03_1	4	309191	133
Mock_P03_1	4	309191	95
Mock_P03_1	4	309191	62
Mock_P03_1	4	309191	128
Mock_P03_1	4	309191	160
Mock_P03_1	4	309191	34
Mock_P03_1	4	309191	132
Mock_P03_1	4	309191	115
Mock_P03_1	4	309191	90
Mock_P03_1	4	309191	119
Mock_P03_1	4	309191	68
Mock_P03_1	4	309191	25
Mock_P03_1	5	294673	72
Mock_P03_1	5	294673	79
Mock_P03_1	5	294673	93
Mock_P03_1	5	294673	77
Mock_P03_1	5	294673	51
Mock_P03_1	5	294673	92
Mock_P03_1	5	294673	70
Mock_P03_1	5	294673	61
Mock_P03_1	5	294673	91
Mock_P03_1	5	294673	80
Mock_P03_1	5	294673	63
Mock_P03_1	5	294673	83
Mock_P03_1	5	294673	120
Mock_P03_1	5	294673	56
Mock_P03_1	5	294673	172
Mock_P03_1	5	294673	48
Mock_P03_1	5	294673	86
Mock_P03_1	5	294673	36
Mock_P03_1	5	294673	71
Mock_P03_1	5	294673	74
Mock_P03_1	5	294673	137
Mock_P03_1	5	294673	118
Mock_P03_1	5	294673	70
Mock_P03_1	5	294673	89
Mock_P03_1	5	294673	46
Mock_P03_1	5	294673	91
Mock_P03_1	5	294673	42
Mock_P03_1	5	294673	41
Mock_P03_1	5	294673	52
Mock_P03_1	5	294673	100
Mock_P03_1	5	294673	70
Mock_P03_1	5	294673	41
Mock_P03_1	5	294673	118
Mock_P03_1	5	294673	42
Mock_P03_1	5	294673	164
Mock_P03_1	5	294673	33
Mock_P03_1	5	294673	144
Mock_P03_1	5	294673	135
Mock_P03_1	5	294673	78
Mock_P03_1	5	294673	60
Mock_P03_1	5	294673	51
Mock_P03_1	5	294673	126
Mock_P03_1	5	294673	88
Mock_P03_1	5	294673	230
Mock_P03_1	5	294673	99
Mock_P03_1	5	294673	66
Mock_P03_1	5	294673	103
Mock_P03_1	5	294673	111
Mock_P03_1	5	294673	89
Mock_P03_1	5	294673	78
Mock_P03_1	5	294673	84
Mock_P03_1	5	294673	102
Mock_P03_1	5	294673	87
Mock_P03_1	5	294673	88
Mock_P03_1	5	294673	70
Mock_P03_1	5	294673	68
Mock_P03_1	5	294673	106
Mock_P03_1	5	294673	96
Mock_P03_1	5	294673	108
Mock_P03_1	5	294673	132
Mock_P03_1	5	294673	67
Mock_P03_1	5	294673	88
Mock_P03_1	5	294673	67
Mock_P03_1	5	294673	42
Mock_P03_1	5	294673	182
Mock_P03_1	5	294673	62
Mock_P03_1	5	294673	70
Mock_P03_1	5	294673	98
Mock_P03_1	5	294673	100
Mock_P03_1	5	294673	89
Mock_P03_1	5	294673	40
Mock_P03_1	5	294673	47
Mock_P03_1	5	294673	111
Mock_P03_1	5	294673	84
Mock_P03_1	5	294673	166
Mock_P03_1	5	294673	91
Mock_P03_1	5	294673	69
Mock_P03_1	5	294673	145
Mock_P03_1	5	294673	82
Mock_P03_1	5	294673	47
Mock_P03_1	5	294673	161
Mock_P03_1	5	294673	76
Mock_P03_1	5	294673	81
Mock_P03_1	5	294673	68
Mock_P03_1	5	294673	113
Mock_P03_1	5	294673	91
Mock_P03_1	5	294673	30
Mock_P03_1	5	294673	91
Mock_P03_1	5	294673	84
Mock_P03_1	5	294673	50
Mock_P03_1	5	294673	86
Mock_P03_1	5	294673	39
Mock_P03_1	5	294673	11
Mock_P03_1	5	294673	88
Mock_P03_1	5	294673	75
Mock_P03_1	5	294673	144
Mock_P03_1	5	294673	35
Mock_P03_1	5	294673	19
Mock_P03_1	5	294673	135
Mock_P03_1	5	294673	68
Mock_P03_1	5	294673	56
Mock_P03_1	5	294673	109
Mock_P03_1	5	294673	55
Mock_P03_1	5	294673	60
Mock_P03_1	5	294673	76
Mock_P03_1	5	294673	64
Mock_P03_1	5	294673	72
Mock_P03_1	5	294673	66
Mock_P03_1	5	294673	113
Mock_P03_1	5	294673	64
Mock_P03_1	5	294673	131
Mock_P03_1	5	294673	36
Mock_P03_1	5	294673	66
Mock_P03_1	5	294673	79
Mock_P03_1	5	294673	127
Mock_P03_1	5	294673	312
Mock_P03_1	5	294673	74
Mock_P03_1	5	294673	35
Mock_P03_1	5	294673	134
Mock_P03_1	5	294673	17
Mock_P03_1	5	294673	53
Mock_P03_1	5	294673	115
Mock_P03_1	5	294673	131
Mock_P03_1	5	294673	146
Mock_P03_1	5	294673	92
Mock_P03_1	5	294673	71
Mock_P03_1	5	294673	71
Mock_P03_1	5	294673	105
Mock_P03_1	5	294673	22
Mock_P03_1	5	294673	223
Mock_P03_1	5	294673	66
Mock_P03_1	5	294673	174
Mock_P03_1	5	294673	89
Mock_P03_1	5	294673	50
Mock_P03_1	5	294673	74
Mock_P03_1	5	294673	96
Mock_P03_1	5	294673	60
Mock_P03_1	5	294673	76
Mock_P03_1	5	294673	108
Mock_P03_1	5	294673	64
Mock_P03_1	5	294673	56
Mock_P03_1	5	294673	113
Mock_P03_1	5	294673	74
Mock_P03_1	5	294673	102
Mock_P03_1	5	294673	85
Mock_P03_1	5	294673	86
Mock_P03_1	5	294673	87
Mock_P03_1	5	294673	41
Mock_P03_1	5	294673	61
Mock_P03_1	6	339321	91
Mock_P03_1	6	339321	28
Mock_P03_1	6	339321	89
Mock_P03_1	6	339321	92
Mock_P03_1	6	339321	61
Mock_P03_1	6	339321	46
Mock_P03_1	6	339321	48
Mock_P03_1	6	339321	55
Mock_P03_1	6	339321	102
Mock_P03_1	6	339321	125
Mock_P03_1	6	339321	99
Mock_P03_1	6	339321	68
Mock_P03_1	6	339321	30
Mock_P03_1	6	339321	37
Mock_P03_1	6	339321	82
Mock_P03_1	6	339321	65
Mock_P03_1	6	339321	18
Mock_P03_1	6	339321	69
Mock_P03_1	6	339321	10
Mock_P03_1	6	339321	18
Mock_P03_1	6	339321	72
Mock_P03_1	6	339321	46
Mock_P03_1	6	339321	50
Mock_P03_1	6	339321	93
Mock_P03_1	6	339321	22
Mock_P03_1	6	339321	41
Mock_P03_1	6	339321	37
Mock_P03_1	6	339321	17
Mock_P03_1	6	339321	30
Mock_P03_1	6	339321	16
Mock_P03_1	6	339321	49
Mock_P03_1	6	339321	17
Mock_P03_1	6	339321	52
Mock_P03_1	6	339321	85
Mock_P03_1	6	339321	93
Mock_P03_1	6	339321	36
Mock_P03_1	6	339321	25
Mock_P03_1	6	339321	146
Mock_P03_1	6	339321	12
Mock_P03_1	6	339321	49
Mock_P03_1	6	339321	17
Mock_P03_1	6	339321	29
Mock_P03_1	6	339321	82
Mock_P03_1	6	339321	148
Mock_P03_1	6	339321	49
Mock_P03_1	6	339321	70
Mock_P03_1	6	339321	75
Mock_P03_1	6	339321	53
Mock_P03_1	6	339321	96
Mock_P03_1	6	339321	138
Mock_P03_1	6	339321	39
Mock_P03_1	6	339321	85
Mock_P03_1	6	339321	45
Mock_P03_1	6	339321	45
Mock_P03_1	6	339321	49
Mock_P03_1	6	339321	118
Mock_P03_1	6	339321	52
Mock_P03_1	6	339321	17
Mock_P03_1	6	339321	62
Mock_P03_1	6	339321	53
Mock_P03_1	6	339321	86
Mock_P03_1	6	339321	38
Mock_P03_1	6	339321	75
Mock_P03_1	6	339321	81
Mock_P03_1	6	339321	103
Mock_P03_1	6	339321	95
Mock_P03_1	6	339321	63
Mock_P03_1	6	339321	44
Mock_P03_1	6	339321	70
Mock_P03_1	6	339321	61
Mock_P03_1	6	339321	62
Mock_P03_1	6	339321	88
Mock_P03_1	6	339321	40
Mock_P03_1	6	339321	39
Mock_P03_1	6	339321	101
Mock_P03_1	6	339321	34
Mock_P03_1	6	339321	30
Mock_P03_1	6	339321	112
Mock_P03_1	6	339321	70
Mock_P03_1	6	339321	130
Mock_P03_1	6	339321	80
Mock_P03_1	6	339321	48
Mock_P03_1	6	339321	61
Mock_P03_1	6	339321	72
Mock_P03_1	6	339321	40
Mock_P03_1	6	339321	50
Mock_P03_1	6	339321	63
Mock_P03_1	6	339321	63
Mock_P03_1	6	339321	103
Mock_P03_1	6	339321	40
Mock_P03_1	6	339321	42
Mock_P03_1	6	339321	106
Mock_P03_1	6	339321	109
Mock_P03_1	6	339321	69
Mock_P03_1	6	339321	81
Mock_P03_1	6	339321	65
Mock_P03_1	6	339321	49
Mock_P03_1	6	339321	91
Mock_P03_1	6	339321	81
Mock_P03_1	6	339321	46
Mock_P03_1	6	339321	25
Mock_P03_1	6	339321	35
Mock_P03_1	6	339321	27
Mock_P03_1	6	339321	44
Mock_P03_1	6	339321	16
Mock_P03_1	6	339321	52
Mock_P03_1	6	339321	102
Mock_P03_1	6	339321	64
Mock_P03_1	6	339321	65
Mock_P03_1	6	339321	53
Mock_P03_1	6	339321	89
Mock_P03_1	6	339321	32
Mock_P03_1	6	339321	53
Mock_P03_1	6	339321	52
Mock_P03_1	6	339321	49
Mock_P03_1	6	339321	80
Mock_P03_1	6	339321	85
Mock_P03_1	6	339321	39
Mock_P03_1	6	339321	42
Mock_P03_1	6	339321	72
Mock_P03_1	6	339321	76
Mock_P03_1	6	339321	61
Mock_P03_1	6	339321	46
Mock_P03_1	6	339321	39
Mock_P03_1	6	339321	60
Mock_P03_1	6	339321	10
Mock_P03_1	6	339321	68
Mock_P03_1	6	339321	25
Mock_P03_1	6	339321	38
Mock_P03_1	6	339321	95
Mock_P03_1	6	339321	26
Mock_P03_1	6	339321	62
Mock_P03_1	6	339321	38
Mock_P03_1	6	339321	83
Mock_P03_1	6	339321	55
Mock_P03_1	6	339321	91
Mock_P03_1	6	339321	49
Mock_P03_1	6	339321	67
Mock_P03_1	6	339321	83
Mock_P03_1	6	339321	75
Mock_P03_1	6	339321	72
Mock_P03_1	6	339321	93
Mock_P03_1	6	339321	102
Mock_P03_1	6	339321	76
Mock_P03_1	6	339321	95
Mock_P03_1	6	339321	43
Mock_P03_1	6	339321	102
Mock_P03_1	6	339321	95
Mock_P03_1	6	339321	64
Mock_P03_1	6	339321	112
Mock_P03_1	6	339321	35
Mock_P03_1	6	339321	141
Mock_P03_1	6	339321	86
Mock_P03_1	6	339321	147
Mock_P03_1	6	339321	99
Mock_P03_1	6	339321	55
Mock_P03_1	6	339321	69
Mock_P03_1	6	339321	47
Mock_P03_1	6	339321	56
Mock_P03_1	6	339321	97
Mock_P03_1	6	339321	52
Mock_P03_1	6	339321	67
Mock_P03_1	6	339321	129
Mock_P03_1	6	339321	64
Mock_P03_1	6	339321	132
Mock_P03_1	6	339321	35
Mock_P03_1	6	339321	78
Mock_P03_1	6	339321	82
Mock_P03_1	6	339321	119
Mock_P03_1	6	339321	64
Mock_P03_1	6	339321	177
Mock_P03_1	6	339321	94
Mock_P03_1	6	339321	73
Mock_P03_1	7	153835	44
Mock_P03_1	7	153835	63
Mock_P03_1	7	153835	29
Mock_P03_1	7	153835	44
Mock_P03_1	7	153835	84
Mock_P03_1	7	153835	112
Mock_P03_1	7	153835	91
Mock_P03_1	7	153835	62
Mock_P03_1	7	153835	30
Mock_P03_1	7	153835	77
Mock_P03_1	7	153835	18
Mock_P03_1	7	153835	78
Mock_P03_1	7	153835	81
Mock_P03_1	7	153835	128
Mock_P03_1	7	153835	83
Mock_P03_1	7	153835	49
Mock_P03_1	7	153835	123
Mock_P03_1	7	153835	94
Mock_P03_1	7	153835	99
Mock_P03_1	7	153835	73
Mock_P03_1	7	153835	102
Mock_P03_1	7	153835	97
Mock_P03_1	7	153835	69
Mock_P03_1	7	153835	97
Mock_P03_1	7	153835	94
Mock_P03_1	7	153835	121
Mock_P03_1	7	153835	89
Mock_P03_1	7	153835	66
Mock_P03_1	7	153835	47
Mock_P03_1	7	153835	66
Mock_P03_1	7	153835	87
Mock_P03_1	7	153835	62
Mock_P03_1	7	153835	102
Mock_P03_1	7	153835	90
Mock_P03_1	7	153835	144
Mock_P03_1	7	153835	96
Mock_P03_1	7	153835	45
Mock_P03_1	7	153835	35
Mock_P03_1	7	153835	73
Mock_P03_1	7	153835	68
Mock_P03_1	7	153835	75
Mock_P03_1	7	153835	99
Mock_P03_1	7	153835	47
Mock_P03_1	7	153835	140
Mock_P03_1	7	153835	85
Mock_P03_1	7	153835	73
Mock_P03_1	7	153835	70
Mock_P03_1	7	153835	37
Mock_P03_1	7	153835	44
Mock_P03_1	7	153835	108
Mock_P03_1	7	153835	119
Mock_P03_1	7	153835	73
Mock_P03_1	7	153835	54
Mock_P03_1	7	153835	19
Mock_P03_1	7	153835	26
Mock_P03_1	7	153835	86
Mock_P03_1	7	153835	87
Mock_P03_1	7	153835	94
Mock_P03_1	7	153835	62
Mock_P03_1	7	153835	65
Mock_P03_1	7	153835	21
Mock_P03_1	7	153835	54
Mock_P03_1	7	153835	87
Mock_P03_1	7	153835	97
Mock_P03_1	7	153835	89
Mock_P03_1	7	153835	189
Mock_P03_1	7	153835	84
Mock_P03_1	7	153835	122
Mock_P03_1	7	153835	91
Mock_P03_1	8	249012	44
Mock_P03_1	8	249012	111
Mock_P03_1	8	249012	125
Mock_P03_1	8	249012	115
Mock_P03_1	8	249012	103
Mock_P03_1	8	249012	65
Mock_P03_1	8	249012	51
Mock_P03_1	8	249012	321
Mock_P03_1	8	249012	89
Mock_P03_1	8	249012	78
Mock_P03_1	8	249012	72
Mock_P03_1	8	249012	240
Mock_P03_1	8	249012	55
Mock_P03_1	8	249012	42
Mock_P03_1	8	249012	197
Mock_P03_1	8	249012	38
Mock_P03_1	8	249012	67
Mock_P03_1	8	249012	125
Mock_P03_1	8	249012	71
Mock_P03_1	8	249012	80
Mock_P03_1	8	249012	68
Mock_P03_1	8	249012	60
Mock_P03_1	8	249012	100
Mock_P03_1	8	249012	72
Mock_P03_1	8	249012	55
Mock_P03_1	8	249012	33
Mock_P03_1	8	249012	92
Mock_P03_1	8	249012	35
Mock_P03_1	8	249012	54
Mock_P03_1	8	249012	71
Mock_P03_1	8	249012	172
Mock_P03_1	8	249012	61
Mock_P03_1	8	249012	111
Mock_P03_1	8	249012	80
Mock_P03_1	8	249012	57
Mock_P03_1	8	249012	48
Mock_P03_1	8	249012	76
Mock_P03_1	8	249012	73
Mock_P03_1	8	249012	65
Mock_P03_1	8	249012	79
Mock_P03_1	8	249012	70
Mock_P03_1	8	249012	48
Mock_P03_1	8	249012	85
Mock_P03_1	8	249012	81
Mock_P03_1	8	249012	50
Mock_P03_1	8	249012	74
Mock_P03_1	8	249012	67
Mock_P03_1	8	249012	77
Mock_P03_1	8	249012	70
Mock_P03_1	8	249012	33
Mock_P03_1	8	249012	39
Mock_P03_1	8	249012	117
Mock_P03_1	8	249012	101
Mock_P03_1	8	249012	168
Mock_P03_1	8	249012	54
Mock_P03_1	8	249012	52
Mock_P03_1	8	249012	76
Mock_P03_1	8	249012	58
Mock_P03_1	8	249012	84
Mock_P03_1	8	249012	114
Mock_P03_1	8	249012	45
Mock_P03_1	8	249012	41
Mock_P03_1	8	249012	96
Mock_P03_1	8	249012	92
Mock_P03_1	8	249012	75
Mock_P03_1	8	249012	58
Mock_P03_1	8	249012	106
Mock_P03_1	8	249012	68
Mock_P03_1	8	249012	114
Mock_P03_1	8	249012	62
Mock_P03_1	8	249012	53
Mock_P03_1	8	249012	201
Mock_P03_1	8	249012	107
Mock_P03_1	8	249012	80
Mock_P03_1	8	249012	120
Mock_P03_1	8	249012	87
Mock_P03_1	8	249012	92
Mock_P03_1	8	249012	50
Mock_P03_1	8	249012	215
Mock_P03_1	8	249012	205
Mock_P03_1	8	249012	143
Mock_P03_1	8	249012	47
Mock_P03_1	8	249012	39
Mock_P03_1	8	249012	88
Mock_P03_1	8	249012	45
Mock_P03_1	8	249012	50
Mock_P03_1	8	249012	102
Mock_P03_1	8	249012	73
Mock_P03_1	8	249012	84
Mock_P03_1	8	249012	84
Mock_P03_1	8	249012	47
Mock_P03_1	8	249012	67
Mock_P03_1	8	249012	46
Mock_P03_1	8	249012	74
Mock_P03_1	8	249012	104
Mock_P03_1	8	249012	73
Mock_P03_1	8	249012	41
Mock_P03_1	8	249012	102
Mock_P03_1	8	249012	45
Mock_P03_1	8	249012	45
Mock_P03_1	8	249012	101
Mock_P03_1	8	249012	29
Mock_P03_1	8	249012	137
Mock_P03_1	8	249012	199
Mock_P03_1	8	249012	90
Mock_P03_1	8	249012	115
Mock_P03_1	8	249012	73
Mock_P03_1	8	249012	95
Mock_P03_1	8	249012	40
Mock_P03_1	8	249012	240
Mock_P03_1	8	249012	96
Mock_P03_1	8	249012	119
Mock_P03_1	8	249012	71
Mock_P03_1	8	249012	83
Mock_P03_1	8	249012	158
Mock_P03_1	8	249012	100
Mock_P03_1	8	249012	34
Mock_P03_1	8	249012	46
Mock_P03_1	8	249012	75
Mock_P03_1	8	249012	39
Mock_P03_1	8	249012	52
Mock_P03_1	8	249012	59
Mock_P03_1	8	249012	27
Mock_P03_1	8	249012	41
Mock_P03_1	8	249012	49
Mock_P03_1	8	249012	48
Mock_P03_1	8	249012	28
Mock_P03_1	8	249012	69
Mock_P03_1	8	249012	46
Mock_P03_1	8	249012	76
Mock_P03_1	8	249012	33
Mock_P03_1	8	249012	47
Mock_P03_1	8	249012	42
Mock_P03_1	8	249012	115
Mock_P03_1	8	249012	53
Mock_P03_1	8	249012	126
Mock_P03_1	8	249012	80
Mock_P03_1	8	249012	47
Mock_P03_1	8	249012	42
Mock_P03_1	8	249012	52
Mock_P03_1	8	249012	62
Mock_P03_1	8	249012	35
Mock_P03_1	8	249012	36
Mock_P03_1	8	249012	93
Mock_P03_1	8	249012	47
Mock_P03_1	8	249012	29
Mock_P03_1	8	249012	59
Mock_P03_1	8	249012	62
Mock_P03_1	8	249012	91
Mock_P03_1	8	249012	116
Mock_P03_1	8	249012	67
Mock_P03_1	8	249012	12
Mock_P03_1	8	249012	10
Mock_P03_1	8	249012	52
Mock_P03_1	8	249012	14
Mock_P03_1	8	249012	11
Mock_P03_1	8	249012	57
Mock_P03_1	8	249012	157
Mock_P03_1	8	249012	82
Mock_P03_1	8	249012	97
Mock_P03_1	8	249012	42
Mock_P03_1	8	249012	65
Mock_P03_1	9	251388	95
Mock_P03_1	9	251388	59
Mock_P03_1	9	251388	114
Mock_P03_1	9	251388	123
Mock_P03_1	9	251388	106
Mock_P03_1	9	251388	94
Mock_P03_1	9	251388	55
Mock_P03_1	9	251388	94
Mock_P03_1	9	251388	69
Mock_P03_1	9	251388	117
Mock_P03_1	9	251388	231
Mock_P03_1	9	251388	89
Mock_P03_1	9	251388	83
Mock_P03_1	9	251388	124
Mock_P03_1	9	251388	70
Mock_P03_1	9	251388	174
Mock_P03_1	9	251388	113
Mock_P03_1	9	251388	93
Mock_P03_1	9	251388	147
Mock_P03_1	9	251388	93
Mock_P03_1	9	251388	97
Mock_P03_1	9	251388	92
Mock_P03_1	9	251388	73
Mock_P03_1	9	251388	161
Mock_P03_1	9	251388	102
Mock_P03_1	9	251388	92
Mock_P03_1	9	251388	129
Mock_P03_1	9	251388	80
Mock_P03_1	9	251388	101
Mock_P03_1	9	251388	85
Mock_P03_1	9	251388	84
Mock_P03_1	9	251388	139
Mock_P03_1	9	251388	64
Mock_P03_1	9	251388	93
Mock_P03_1	9	251388	117
Mock_P03_1	9	251388	112
Mock_P03_1	9	251388	151
Mock_P03_1	9	251388	265
Mock_P03_1	9	251388	44
Mock_P03_1	9	251388	122
Mock_P03_1	9	251388	68
Mock_P03_1	9	251388	70
Mock_P03_1	9	251388	277
Mock_P03_1	9	251388	56
Mock_P03_1	9	251388	73
Mock_P03_1	9	251388	18
Mock_P03_1	9	251388	77
Mock_P03_1	9	251388	90
Mock_P03_1	9	251388	74
Mock_P03_1	9	251388	67
Mock_P03_1	9	251388	71
Mock_P03_1	9	251388	71
Mock_P03_1	9	251388	154
Mock_P03_1	9	251388	112
Mock_P03_1	9	251388	19
Mock_P03_1	9	251388	132
Mock_P03_1	9	251388	171
Mock_P03_1	9	251388	76
Mock_P03_1	9	251388	37
Mock_P03_1	9	251388	105
Mock_P03_1	9	251388	121
Mock_P03_1	9	251388	81
Mock_P03_1	9	251388	103
Mock_P03_1	9	251388	117
Mock_P03_1	9	251388	87
Mock_P03_1	9	251388	85
Mock_P03_1	9	251388	182
Mock_P03_1	9	251388	103
Mock_P03_1	9	251388	64
Mock_P03_1	9	251388	113
Mock_P03_1	9	251388	70
Mock_P03_1	9	251388	89
Mock_P03_1	9	251388	68
Mock_P03_1	9	251388	83
Mock_P03_1	9	251388	66
Mock_P03_1	9	251388	85
Mock_P03_1	9	251388	33
Mock_P03_1	9	251388	30
Mock_P03_1	9	251388	110
Mock_P03_1	9	251388	71
Mock_P03_1	9	251388	57
Mock_P03_1	9	251388	98
Mock_P03_1	9	251388	85
Mock_P03_1	9	251388	74
Mock_P03_1	9	251388	55
Mock_P03_1	9	251388	49
Mock_P03_1	9	251388	110
Mock_P03_1	9	251388	48
Mock_P03_1	9	251388	85
Mock_P03_1	9	251388	53
Mock_P03_1	9	251388	137
Mock_P03_1	9	251388	36
Mock_P03_1	9	251388	147
Mock_P03_1	9	251388	76
Mock_P03_1	9	251388	233
Mock_P03_1	9	251388	226
Mock_P03_1	9	251388	19
Mock_P03_1	9	251388	50
Mock_P03_1	9	251388	102
Mock_P03_1	9	251388	39
Mock_P03_1	9	251388	99
Mock_P03_1	9	251388	83
Mock_P03_1	9	251388	111
Mock_P03_1	9	251388	191
Mock_P03_1	9	251388	81
Mock_P03_1	9	251388	19
Mock_P03_1	9	251388	85
Mock_P03_1	9	251388	55
Mock_P03_1	9	251388	79
Mock_P03_1	9	251388	66
Mock_P03_1	9	251388	51
Mock_P03_1	9	251388	77
Mock_P03_1	9	251388	88
Mock_P03_1	9	251388	57
Mock_P03_1	9	251388	87
Mock_P03_1	9	251388	123
Mock_P03_1	9	251388	63
Mock_P03_1	9	251388	55
Mock_P03_1	9	251388	108
Mock_P03_1	9	251388	153
Mock_P03_1	9	251388	77
Mock_P03_1	9	251388	69
Mock_P03_1	9	251388	99
Mock_P03_1	9	251388	91
Mock_P03_1	9	251388	82
Mock_P03_1	9	251388	104
Mock_P03_1	9	251388	185
Mock_P03_1	9	251388	91
Mock_P03_1	9	251388	96
Mock_P03_1	9	251388	84
Mock_P03_1	9	251388	133
Mock_P03_1	9	251388	38
Mock_P03_1	9	251388	104
Mock_P03_1	9	251388	117
Mock_P03_1	9	251388	75
Mock_P03_1	9	251388	63
Mock_P03_1	9	251388	54
Mock_P03_1	9	251388	149
Mock_P03_1	9	251388	117
Mock_P03_1	9	251388	52
Mock_P03_1	9	251388	126
Mock_P03_1	9	251388	34
Mock_P03_1	9	251388	82
Mock_P03_1	9	251388	86
Mock_P03_1	9	251388	95
Mock_P03_1	9	251388	51
Mock_P03_1	9	251388	55
Mock_P03_1	9	251388	65
Mock_P03_1	9	251388	48
Mock_P03_1	9	251388	167
Mock_P03_1	9	251388	80
Mock_P03_1	9	251388	34
Mock_P03_1	9	251388	92
Mock_P03_1	9	251388	97
Mock_P03_1	9	251388	124
Mock_P03_1	9	251388	28
Mock_P03_1	9	251388	96
Mock_P03_1	9	251388	64
Mock_P03_1	9	251388	61
Mock_P03_1	9	251388	161
Mock_P03_1	9	251388	83
Mock_P03_1	9	251388	98
Mock_P03_1	9	251388	53
Mock_P03_1	9	251388	78
Mock_P03_1	9	251388	39
Mock_P03_1	9	251388	76
Mock_P03_1	9	251388	50
Mock_P03_1	10	238797	65
Mock_P03_1	10	238797	242
Mock_P03_1	10	238797	114
Mock_P03_1	10	238797	179
Mock_P03_1	10	238797	86
Mock_P03_1	10	238797	68
Mock_P03_1	10	238797	85
Mock_P03_1	10	238797	110
Mock_P03_1	10	238797	96
Mock_P03_1	10	238797	96
Mock_P03_1	10	238797	96
Mock_P03_1	10	238797	72
Mock_P03_1	10	238797	105
Mock_P03_1	10	238797	95
Mock_P03_1	10	238797	78
Mock_P03_1	10	238797	77
Mock_P03_1	10	238797	120
Mock_P03_1	10	238797	154
Mock_P03_1	10	238797	129
Mock_P03_1	10	238797	81
Mock_P03_1	10	238797	105
Mock_P03_1	10	238797	111
Mock_P03_1	10	238797	82
Mock_P03_1	10	238797	80
Mock_P03_1	10	238797	69
Mock_P03_1	10	238797	227
Mock_P03_1	10	238797	81
Mock_P03_1	10	238797	101
Mock_P03_1	10	238797	94
Mock_P03_1	10	238797	68
Mock_P03_1	10	238797	97
Mock_P03_1	10	238797	107
Mock_P03_1	10	238797	76
Mock_P03_1	10	238797	96
Mock_P03_1	10	238797	110
Mock_P03_1	10	238797	122
Mock_P03_1	10	238797	118
Mock_P03_1	10	238797	116
Mock_P03_1	10	238797	94
Mock_P03_1	10	238797	111
Mock_P03_1	10	238797	101
Mock_P03_1	10	238797	98
Mock_P03_1	10	238797	83
Mock_P03_1	10	238797	89
Mock_P03_1	10	238797	103
Mock_P03_1	10	238797	125
Mock_P03_1	10	238797	72
Mock_P03_1	10	238797	76
Mock_P03_1	10	238797	82
Mock_P03_1	10	238797	145
Mock_P03_1	10	238797	79
Mock_P03_1	10	238797	64
Mock_P03_1	10	238797	61
Mock_P03_1	10	238797	118
Mock_P03_1	10	238797	88
Mock_P03_1	10	238797	71
Mock_P03_1	10	238797	88
Mock_P03_1	10	238797	58
Mock_P03_1	10	238797	164
Mock_P03_1	10	238797	55
Mock_P03_1	10	238797	51
Mock_P03_1	10	238797	36
Mock_P03_1	10	238797	41
Mock_P03_1	10	238797	69
Mock_P03_1	10	238797	93
Mock_P03_1	10	238797	147
Mock_P03_1	10	238797	57
Mock_P03_1	10	238797	44
Mock_P03_1	10	238797	62
Mock_P03_1	10	238797	34
Mock_P03_1	10	238797	18
Mock_P03_1	10	238797	75
Mock_P03_1	10	238797	36
Mock_P03_1	10	238797	30
Mock_P03_1	10	238797	78
Mock_P03_1	10	238797	66
Mock_P03_1	10	238797	71
Mock_P03_1	10	238797	94
Mock_P03_1	10	238797	59
Mock_P03_1	10	238797	110
Mock_P03_1	10	238797	61
Mock_P03_1	10	238797	109
Mock_P03_1	10	238797	92
Mock_P03_1	10	238797	214
Mock_P03_1	10	238797	50
Mock_P03_1	10	238797	71
Mock_P03_1	10	238797	67
Mock_P03_1	10	238797	59
Mock_P03_1	10	238797	95
Mock_P03_1	10	238797	141
Mock_P03_1	10	238797	120
Mock_P03_1	10	238797	72
Mock_P03_1	10	238797	75
Mock_P03_1	10	238797	126
Mock_P03_1	10	238797	84
Mock_P03_1	10	238797	84
Mock_P03_1	10	238797	115
Mock_P03_1	10	238797	57
Mock_P03_1	10	238797	82
Mock_P03_1	10	238797	75
Mock_P03_1	10	238797	204
Mock_P03_1	10	238797	148
Mock_P03_1	10	238797	39
Mock_P03_1	10	238797	117
Mock_P03_1	10	238797	46
Mock_P03_1	10	238797	84
Mock_P03_1	10	238797	124
Mock_P03_1	10	238797	225
Mock_P03_1	10	238797	165
Mock_P03_1	10	238797	107
Mock_P03_1	10	238797	79
Mock_P03_1	10	238797	67
Mock_P03_1	10	238797	15
Mock_P03_1	10	238797	47
Mock_P03_1	10	238797	147
Mock_P03_1	10	238797	105
Mock_P03_1	10	238797	105
Mock_P03_1	10	238797	52
Mock_P03_1	10	238797	79
Mock_P03_1	10	238797	48
Mock_P03_1	10	238797	77
Mock_P03_1	10	238797	44
Mock_P03_1	10	238797	122
Mock_P03_1	10	238797	105
Mock_P03_1	10	238797	114
Mock_P03_1	10	238797	260
Mock_P03_1	10	238797	89
Mock_P03_1	10	238797	131
Mock_P03_1	10	238797	79
Mock_P03_1	10	238797	53
Mock_P03_1	10	238797	102
Mock_P03_1	10	238797	128
Mock_P03_1	10	238797	57
Mock_P03_1	10	238797	50
Mock_P03_1	10	238797	150
Mock_P03_1	10	238797	58
Mock_P03_1	10	238797	46
Mock_P03_1	10	238797	84
Mock_P03_1	10	238797	36
Mock_P03_1	10	238797	108
Mock_P03_1	10	238797	63
Mock_P03_1	10	238797	93
Mock_P03_1	11	234686	73
Mock_P03_1	11	234686	87
Mock_P03_1	11	234686	122
Mock_P03_1	11	234686	106
Mock_P03_1	11	234686	183
Mock_P03_1	11	234686	35
Mock_P03_1	11	234686	164
Mock_P03_1	11	234686	79
Mock_P03_1	11	234686	76
Mock_P03_1	11	234686	97
Mock_P03_1	11	234686	83
Mock_P03_1	11	234686	101
Mock_P03_1	11	234686	244
Mock_P03_1	11	234686	76
Mock_P03_1	11	234686	77
Mock_P03_1	11	234686	88
Mock_P03_1	11	234686	71
Mock_P03_1	11	234686	147
Mock_P03_1	11	234686	172
Mock_P03_1	11	234686	273
Mock_P03_1	11	234686	30
Mock_P03_1	11	234686	83
Mock_P03_1	11	234686	136
Mock_P03_1	11	234686	249
Mock_P03_1	11	234686	156
Mock_P03_1	11	234686	70
Mock_P03_1	11	234686	216
Mock_P03_1	11	234686	88
Mock_P03_1	11	234686	75
Mock_P03_1	11	234686	61
Mock_P03_1	11	234686	182
Mock_P03_1	11	234686	70
Mock_P03_1	11	234686	72
Mock_P03_1	11	234686	319
Mock_P03_1	11	234686	81
Mock_P03_1	11	234686	88
Mock_P03_1	11	234686	187
Mock_P03_1	11	234686	124
Mock_P03_1	11	234686	131
Mock_P03_1	11	234686	108
Mock_P03_1	11	234686	79
Mock_P03_1	11	234686	118
Mock_P03_1	11	234686	77
Mock_P03_1	11	234686	79
Mock_P03_1	11	234686	109
Mock_P03_1	11	234686	153
Mock_P03_1	11	234686	103
Mock_P03_1	11	234686	69
Mock_P03_1	11	234686	36
Mock_P03_1	11	234686	157
Mock_P03_1	11	234686	66
Mock_P03_1	11	234686	54
Mock_P03_1	11	234686	104
Mock_P03_1	11	234686	85
Mock_P03_1	11	234686	94
Mock_P03_1	11	234686	81
Mock_P03_1	11	234686	240
Mock_P03_1	11	234686	109
Mock_P03_1	11	234686	109
Mock_P03_1	11	234686	249
Mock_P03_1	11	234686	104
Mock_P03_1	11	234686	80
Mock_P03_1	11	234686	90
Mock_P03_1	11	234686	287
Mock_P03_1	11	234686	66
Mock_P03_1	11	234686	85
Mock_P03_1	11	234686	87
Mock_P03_1	11	234686	194
Mock_P03_1	11	234686	103
Mock_P03_1	11	234686	61
Mock_P03_1	11	234686	233
Mock_P03_1	11	234686	82
Mock_P03_1	11	234686	74
Mock_P03_1	11	234686	107
Mock_P03_1	11	234686	312
Mock_P03_1	11	234686	77
Mock_P03_1	11	234686	119
Mock_P03_1	11	234686	216
Mock_P03_1	11	234686	142
Mock_P03_1	11	234686	126
Mock_P03_1	11	234686	234
Mock_P03_1	11	234686	100
Mock_P03_1	11	234686	310
Mock_P03_1	11	234686	106
Mock_P03_1	11	234686	74
Mock_P03_1	11	234686	128
Mock_P03_1	11	234686	308
Mock_P03_1	11	234686	234
Mock_P03_1	11	234686	144
Mock_P03_1	11	234686	146
Mock_P03_1	11	234686	223
Mock_P03_1	11	234686	80
Mock_P03_1	11	234686	128
Mock_P03_1	11	234686	107
Mock_P03_1	11	234686	477
Mock_P03_1	11	234686	60
Mock_P03_1	11	234686	47
Mock_P03_1	11	234686	44
Mock_P03_1	11	234686	171
Mock_P03_1	11	234686	57
Mock_P03_1	11	234686	238
Mock_P03_1	11	234686	101
Mock_P03_1	11	234686	36
Mock_P03_1	11	234686	131
Mock_P03_1	11	234686	131
Mock_P03_1	11	234686	50
Mock_P03_1	11	234686	36
Mock_P03_1	11	234686	143
Mock_P03_1	11	234686	153
Mock_P03_1	11	234686	34
Mock_P03_1	11	234686	89
Mock_P03_1	11	234686	46
Mock_P03_1	11	234686	140
Mock_P03_1	11	234686	67
Mock_P03_1	11	234686	116
Mock_P03_1	11	234686	78
Mock_P03_1	11	234686	261
Mock_P03_1	11	234686	102
Mock_P03_1	11	234686	24
Mock_P03_1	11	234686	39
Mock_P03_1	11	234686	119
Mock_P03_1	11	234686	69
Mock_P03_1	11	234686	227
Mock_P03_1	11	234686	36
Mock_P03_1	11	234686	62
Mock_P03_1	11	234686	59
Mock_P03_1	11	234686	44
Mock_P03_1	11	234686	51
Mock_P03_1	11	234686	72
Mock_P03_1	11	234686	75
Mock_P03_1	11	234686	80
Mock_P03_1	11	234686	165
Mock_P03_1	11	234686	34
Mock_P03_1	11	234686	47
Mock_P03_1	11	234686	38
Mock_P03_1	12	258478	73
Mock_P03_1	12	258478	70
Mock_P03_1	12	258478	88
Mock_P03_1	12	258478	66
Mock_P03_1	12	258478	151
Mock_P03_1	12	258478	37
Mock_P03_1	12	258478	161
Mock_P03_1	12	258478	157
Mock_P03_1	12	258478	108
Mock_P03_1	12	258478	80
Mock_P03_1	12	258478	96
Mock_P03_1	12	258478	139
Mock_P03_1	12	258478	140
Mock_P03_1	12	258478	100
Mock_P03_1	12	258478	192
Mock_P03_1	12	258478	77
Mock_P03_1	12	258478	64
Mock_P03_1	12	258478	72
Mock_P03_1	12	258478	138
Mock_P03_1	12	258478	104
Mock_P03_1	12	258478	94
Mock_P03_1	12	258478	93
Mock_P03_1	12	258478	151
Mock_P03_1	12	258478	86
Mock_P03_1	12	258478	154
Mock_P03_1	12	258478	142
Mock_P03_1	12	258478	80
Mock_P03_1	12	258478	413
Mock_P03_1	12	258478	154
Mock_P03_1	12	258478	146
Mock_P03_1	12	258478	109
Mock_P03_1	12	258478	111
Mock_P03_1	12	258478	82
Mock_P03_1	12	258478	340
Mock_P03_1	12	258478	108
Mock_P03_1	12	258478	137
Mock_P03_1	12	258478	421
Mock_P03_1	12	258478	77
Mock_P03_1	12	258478	54
Mock_P03_1	12	258478	61
Mock_P03_1	12	258478	96
Mock_P03_1	12	258478	115
Mock_P03_1	12	258478	141
Mock_P03_1	12	258478	72
Mock_P03_1	12	258478	43
Mock_P03_1	12	258478	106
Mock_P03_1	12	258478	142
Mock_P03_1	12	258478	50
Mock_P03_1	12	258478	108
Mock_P03_1	12	258478	134
Mock_P03_1	12	258478	72
Mock_P03_1	12	258478	145
Mock_P03_1	12	258478	126
Mock_P03_1	12	258478	319
Mock_P03_1	12	258478	74
Mock_P03_1	12	258478	88
Mock_P03_1	12	258478	145
Mock_P03_1	12	258478	226
Mock_P03_1	12	258478	111
Mock_P03_1	12	258478	115
Mock_P03_1	12	258478	190
Mock_P03_1	12	258478	96
Mock_P03_1	12	258478	165
Mock_P03_1	12	258478	243
Mock_P03_1	12	258478	121
Mock_P03_1	12	258478	133
Mock_P03_1	12	258478	99
Mock_P03_1	12	258478	115
Mock_P03_1	12	258478	165
Mock_P03_1	12	258478	111
Mock_P03_1	12	258478	129
Mock_P03_1	12	258478	101
Mock_P03_1	12	258478	159
Mock_P03_1	12	258478	66
Mock_P03_1	12	258478	126
Mock_P03_1	12	258478	100
Mock_P03_1	12	258478	162
Mock_P03_1	12	258478	212
Mock_P03_1	12	258478	118
Mock_P03_1	12	258478	233
Mock_P03_1	12	258478	111
Mock_P03_1	12	258478	164
Mock_P03_1	12	258478	113
Mock_P03_1	12	258478	125
Mock_P03_1	12	258478	85
Mock_P03_1	12	258478	89
Mock_P03_1	12	258478	177
Mock_P03_1	12	258478	134
Mock_P03_1	12	258478	113
Mock_P03_1	12	258478	96
Mock_P03_1	12	258478	81
Mock_P03_1	12	258478	80
Mock_P03_1	12	258478	279
Mock_P03_1	12	258478	127
Mock_P03_1	12	258478	101
Mock_P03_1	12	258478	80
Mock_P03_1	12	258478	170
Mock_P03_1	12	258478	100
Mock_P03_1	12	258478	206
Mock_P03_1	12	258478	28
Mock_P03_1	12	258478	95
Mock_P03_1	12	258478	144
Mock_P03_1	12	258478	85
Mock_P03_1	12	258478	75
Mock_P03_1	12	258478	86
Mock_P03_1	12	258478	66
Mock_P03_1	12	258478	106
Mock_P03_1	12	258478	88
Mock_P03_1	12	258478	107
Mock_P03_1	12	258478	119
Mock_P03_1	12	258478	104
Mock_P03_1	12	258478	100
Mock_P03_1	12	258478	46
Mock_P03_1	12	258478	114
Mock_P03_1	12	258478	93
Mock_P03_1	12	258478	91
Mock_P03_1	12	258478	122
Mock_P03_1	12	258478	78
Mock_P03_1	12	258478	94
Mock_P03_1	12	258478	98
Mock_P03_1	12	258478	102
Mock_P03_1	12	258478	90
Mock_P03_1	12	258478	116
Mock_P03_1	12	258478	93
Mock_P03_1	12	258478	133
Mock_P03_1	12	258478	56
Mock_P03_1	12	258478	75
Mock_P03_1	12	258478	71
Mock_P03_1	12	258478	139
Mock_P03_1	12	258478	94
Mock_P03_1	12	258478	423
Mock_P03_1	12	258478	124
Mock_P03_1	12	258478	125
Mock_P03_1	12	258478	51
Mock_P03_1	12	258478	95
Mock_P03_1	12	258478	86
Mock_P03_1	12	258478	79
Mock_P03_1	12	258478	109
Mock_P03_1	12	258478	71
Mock_P03_1	12	258478	102
Mock_P03_1	12	258478	71
Mock_P03_1	12	258478	148
Mock_P03_1	12	258478	111
Mock_P03_1	12	258478	70
Mock_P03_1	12	258478	106
Mock_P03_1	12	258478	101
Mock_P03_1	12	258478	68
Mock_P03_1	12	258478	134
Mock_P03_1	12	258478	36
Mock_P03_1	12	258478	77
Mock_P03_1	12	258478	93
Mock_P03_1	12	258478	63
Mock_P03_1	12	258478	56
Mock_P03_1	12	258478	91
Mock_P03_1	12	258478	52
Mock_P03_1	12	258478	98
Mock_P03_1	12	258478	58
Mock_P03_1	13	313336	36
Mock_P03_1	13	313336	89
Mock_P03_1	13	313336	77
Mock_P03_1	13	313336	16
Mock_P03_1	13	313336	144
Mock_P03_1	13	313336	130
Mock_P03_1	13	313336	68
Mock_P03_1	13	313336	95
Mock_P03_1	13	313336	56
Mock_P03_1	13	313336	35
Mock_P03_1	13	313336	87
Mock_P03_1	13	313336	52
Mock_P03_1	13	313336	55
Mock_P03_1	13	313336	117
Mock_P03_1	13	313336	57
Mock_P03_1	13	313336	100
Mock_P03_1	13	313336	15
Mock_P03_1	13	313336	107
Mock_P03_1	13	313336	187
Mock_P03_1	13	313336	31
Mock_P03_1	13	313336	81
Mock_P03_1	13	313336	114
Mock_P03_1	13	313336	102
Mock_P03_1	13	313336	102
Mock_P03_1	13	313336	65
Mock_P03_1	13	313336	41
Mock_P03_1	13	313336	134
Mock_P03_1	13	313336	107
Mock_P03_1	13	313336	61
Mock_P03_1	13	313336	42
Mock_P03_1	13	313336	88
Mock_P03_1	13	313336	22
Mock_P03_1	13	313336	56
Mock_P03_1	13	313336	88
Mock_P03_1	13	313336	80
Mock_P03_1	13	313336	32
Mock_P03_1	13	313336	64
Mock_P03_1	13	313336	83
Mock_P03_1	13	313336	139
Mock_P03_1	13	313336	28
Mock_P03_1	13	313336	75
Mock_P03_1	13	313336	101
Mock_P03_1	13	313336	135
Mock_P03_1	13	313336	30
Mock_P03_1	13	313336	120
Mock_P03_1	13	313336	116
Mock_P03_1	13	313336	118
Mock_P03_1	13	313336	140
Mock_P03_1	13	313336	134
Mock_P03_1	13	313336	107
Mock_P03_1	13	313336	48
Mock_P03_1	13	313336	94
Mock_P03_1	13	313336	137
Mock_P03_1	13	313336	93
Mock_P03_1	13	313336	110
Mock_P03_1	13	313336	259
Mock_P03_1	13	313336	240
Mock_P03_1	13	313336	83
Mock_P03_1	13	313336	34
Mock_P03_1	13	313336	96
Mock_P03_1	13	313336	132
Mock_P03_1	13	313336	98
Mock_P03_1	13	313336	98
Mock_P03_1	13	313336	69
Mock_P03_1	13	313336	91
Mock_P03_1	13	313336	92
Mock_P03_1	13	313336	88
Mock_P03_1	13	313336	142
Mock_P03_1	13	313336	32
Mock_P03_1	13	313336	35
Mock_P03_1	13	313336	165
Mock_P03_1	13	313336	69
Mock_P03_1	13	313336	106
Mock_P03_1	13	313336	102
Mock_P03_1	13	313336	130
Mock_P03_1	13	313336	289
Mock_P03_1	13	313336	132
Mock_P03_1	13	313336	95
Mock_P03_1	13	313336	83
Mock_P03_1	13	313336	158
Mock_P03_1	13	313336	99
Mock_P03_1	13	313336	85
Mock_P03_1	13	313336	86
Mock_P03_1	13	313336	187
Mock_P03_1	13	313336	67
Mock_P03_1	13	313336	175
Mock_P03_1	13	313336	152
Mock_P03_1	13	313336	136
Mock_P03_1	13	313336	75
Mock_P03_1	13	313336	86
Mock_P03_1	13	313336	144
Mock_P03_1	13	313336	103
Mock_P03_1	13	313336	108
Mock_P03_1	13	313336	56
Mock_P03_1	13	313336	177
Mock_P03_1	13	313336	40
Mock_P03_1	13	313336	89
Mock_P03_1	13	313336	181
Mock_P03_1	13	313336	202
Mock_P03_1	13	313336	95
Mock_P03_1	13	313336	89
Mock_P03_1	13	313336	45
Mock_P03_1	13	313336	37
Mock_P03_1	13	313336	81
Mock_P03_1	13	313336	98
Mock_P03_1	13	313336	55
Mock_P03_1	13	313336	113
Mock_P03_1	13	313336	78
Mock_P03_1	13	313336	105
Mock_P03_1	13	313336	195
Mock_P03_1	13	313336	87
Mock_P03_1	13	313336	107
Mock_P03_1	13	313336	223
Mock_P03_1	13	313336	96
Mock_P03_1	13	313336	116
Mock_P03_1	13	313336	160
Mock_P03_1	13	313336	95
Mock_P03_1	13	313336	104
Mock_P03_1	13	313336	174
Mock_P03_1	13	313336	92
Mock_P03_1	13	313336	73
Mock_P03_1	13	313336	214
Mock_P03_1	13	313336	93
Mock_P03_1	13	313336	265
Mock_P03_1	13	313336	174
Mock_P03_1	13	313336	91
Mock_P03_1	13	313336	90
Mock_P03_1	13	313336	115
Mock_P03_1	13	313336	96
Mock_P03_1	13	313336	137
Mock_P03_1	13	313336	110
Mock_P03_1	13	313336	117
Mock_P03_1	13	313336	102
Mock_P03_1	13	313336	138
Mock_P03_1	13	313336	146
Mock_P03_1	13	313336	57
Mock_P03_1	13	313336	114
Mock_P03_1	13	313336	82
Mock_P03_1	13	313336	124
Mock_P03_1	13	313336	81
Mock_P03_1	13	313336	137
Mock_P03_1	13	313336	194
Mock_P03_1	13	313336	73
Mock_P03_1	13	313336	109
Mock_P03_1	13	313336	71
Mock_P03_1	13	313336	144
Mock_P03_1	13	313336	87
Mock_P03_1	13	313336	223
Mock_P03_1	13	313336	84
Mock_P03_1	13	313336	46
Mock_P03_1	13	313336	74
Mock_P03_1	13	313336	190
Mock_P03_1	13	313336	119
Mock_P03_1	13	313336	177
Mock_P03_1	13	313336	104
Mock_P03_1	13	313336	114
Mock_P03_1	13	313336	140
Mock_P03_1	13	313336	75
Mock_P03_1	13	313336	68
Mock_P03_1	13	313336	249
Mock_P03_1	13	313336	191
Mock_P03_1	13	313336	116
Mock_P03_1	13	313336	94
Mock_P03_1	13	313336	133
Mock_P03_1	13	313336	95
Mock_P03_1	13	313336	139
Mock_P03_1	13	313336	100
Mock_P03_1	13	313336	106
Mock_P03_1	13	313336	47
Mock_P03_1	13	313336	129
Mock_P03_1	14	216025	132
Mock_P03_1	14	216025	169
Mock_P03_1	14	216025	137
Mock_P03_1	14	216025	120
Mock_P03_1	14	216025	113
Mock_P03_1	14	216025	129
Mock_P03_1	14	216025	96
Mock_P03_1	14	216025	131
Mock_P03_1	14	216025	159
Mock_P03_1	14	216025	92
Mock_P03_1	14	216025	108
Mock_P03_1	14	216025	135
Mock_P03_1	14	216025	258
Mock_P03_1	14	216025	79
Mock_P03_1	14	216025	128
Mock_P03_1	14	216025	99
Mock_P03_1	14	216025	107
Mock_P03_1	14	216025	51
Mock_P03_1	14	216025	78
Mock_P03_1	14	216025	72
Mock_P03_1	14	216025	218
Mock_P03_1	14	216025	124
Mock_P03_1	14	216025	94
Mock_P03_1	14	216025	466
Mock_P03_1	14	216025	266
Mock_P03_1	14	216025	94
Mock_P03_1	14	216025	79
Mock_P03_1	14	216025	219
Mock_P03_1	14	216025	107
Mock_P03_1	14	216025	94
Mock_P03_1	14	216025	129
Mock_P03_1	14	216025	38
Mock_P03_1	14	216025	111
Mock_P03_1	14	216025	139
Mock_P03_1	14	216025	106
Mock_P03_1	14	216025	141
Mock_P03_1	14	216025	42
Mock_P03_1	14	216025	191
Mock_P03_1	14	216025	88
Mock_P03_1	14	216025	205
Mock_P03_1	14	216025	118
Mock_P03_1	14	216025	110
Mock_P03_1	14	216025	167
Mock_P03_1	14	216025	79
Mock_P03_1	14	216025	199
Mock_P03_1	14	216025	165
Mock_P03_1	14	216025	101
Mock_P03_1	14	216025	470
Mock_P03_1	14	216025	120
Mock_P03_1	14	216025	125
Mock_P03_1	14	216025	413
Mock_P03_1	14	216025	113
Mock_P03_1	14	216025	110
Mock_P03_1	14	216025	159
Mock_P03_1	14	216025	268
Mock_P03_1	14	216025	121
Mock_P03_1	14	216025	124
Mock_P03_1	14	216025	244
Mock_P03_1	14	216025	10
Mock_P03_1	14	216025	128
Mock_P03_1	14	216025	121
Mock_P03_1	14	216025	201
Mock_P03_1	14	216025	78
Mock_P03_1	14	216025	104
Mock_P03_1	14	216025	120
Mock_P03_1	14	216025	160
Mock_P03_1	14	216025	128
Mock_P03_1	14	216025	100
Mock_P03_1	14	216025	89
Mock_P03_1	14	216025	240
Mock_P03_1	14	216025	119
Mock_P03_1	14	216025	199
Mock_P03_1	14	216025	70
Mock_P03_1	14	216025	71
Mock_P03_1	14	216025	111
Mock_P03_1	14	216025	273
Mock_P03_1	14	216025	79
Mock_P03_1	14	216025	88
Mock_P03_1	14	216025	73
Mock_P03_1	14	216025	68
Mock_P03_1	14	216025	108
Mock_P03_1	14	216025	125
Mock_P03_1	14	216025	39
Mock_P03_1	14	216025	84
Mock_P03_1	14	216025	106
Mock_P03_1	14	216025	172
Mock_P03_1	14	216025	98
Mock_P03_1	14	216025	180
Mock_P03_1	14	216025	48
Mock_P03_1	14	216025	98
Mock_P03_1	14	216025	106
Mock_P03_1	14	216025	69
Mock_P03_1	14	216025	96
Mock_P03_1	14	216025	50
Mock_P03_1	14	216025	66
Mock_P03_1	14	216025	69
Mock_P03_1	14	216025	120
Mock_P03_1	14	216025	110
Mock_P03_1	14	216025	113
Mock_P03_1	15	331715	77
Mock_P03_1	15	331715	93
Mock_P03_1	15	331715	111
Mock_P03_1	15	331715	136
Mock_P03_1	15	331715	92
Mock_P03_1	15	331715	72
Mock_P03_1	15	331715	119
Mock_P03_1	15	331715	116
Mock_P03_1	15	331715	97
Mock_P03_1	15	331715	45
Mock_P03_1	15	331715	60
Mock_P03_1	15	331715	103
Mock_P03_1	15	331715	142
Mock_P03_1	15	331715	36
Mock_P03_1	15	331715	141
Mock_P03_1	15	331715	26
Mock_P03_1	15	331715	73
Mock_P03_1	15	331715	171
Mock_P03_1	15	331715	78
Mock_P03_1	15	331715	125
Mock_P03_1	15	331715	140
Mock_P03_1	15	331715	81
Mock_P03_1	15	331715	51
Mock_P03_1	15	331715	72
Mock_P03_1	15	331715	185
Mock_P03_1	15	331715	108
Mock_P03_1	15	331715	69
Mock_P03_1	15	331715	70
Mock_P03_1	15	331715	60
Mock_P03_1	15	331715	93
Mock_P03_1	15	331715	44
Mock_P03_1	15	331715	61
Mock_P03_1	15	331715	118
Mock_P03_1	15	331715	44
Mock_P03_1	15	331715	55
Mock_P03_1	15	331715	88
Mock_P03_1	15	331715	65
Mock_P03_1	15	331715	181
Mock_P03_1	15	331715	90
Mock_P03_1	15	331715	69
Mock_P03_1	15	331715	75
Mock_P03_1	15	331715	85
Mock_P03_1	15	331715	98
Mock_P03_1	15	331715	94
Mock_P03_1	15	331715	79
Mock_P03_1	15	331715	159
Mock_P03_1	15	331715	113
Mock_P03_1	15	331715	87
Mock_P03_1	15	331715	87
Mock_P03_1	15	331715	115
Mock_P03_1	15	331715	173
Mock_P03_1	15	331715	99
Mock_P03_1	15	331715	127
Mock_P03_1	15	331715	143
Mock_P03_1	15	331715	87
Mock_P03_1	15	331715	77
Mock_P03_1	15	331715	72
Mock_P03_1	15	331715	98
Mock_P03_1	15	331715	113
Mock_P03_1	15	331715	51
Mock_P03_1	15	331715	133
Mock_P03_1	15	331715	234
Mock_P03_1	15	331715	297
Mock_P03_1	15	331715	63
Mock_P03_1	15	331715	88
Mock_P03_1	15	331715	100
Mock_P03_1	15	331715	157
Mock_P03_1	15	331715	91
Mock_P03_1	15	331715	56
Mock_P03_1	15	331715	65
Mock_P03_1	15	331715	125
Mock_P03_1	15	331715	101
Mock_P03_1	15	331715	366
Mock_P03_1	15	331715	79
Mock_P03_1	15	331715	24
Mock_P03_1	15	331715	39
Mock_P03_1	15	331715	194
Mock_P03_1	15	331715	73
Mock_P03_1	15	331715	125
Mock_P03_1	15	331715	103
Mock_P03_1	15	331715	91
Mock_P03_1	15	331715	115
Mock_P03_1	15	331715	111
Mock_P03_1	15	331715	67
Mock_P03_1	15	331715	187
Mock_P03_1	15	331715	115
Mock_P03_1	15	331715	83
Mock_P03_1	15	331715	133
Mock_P03_1	15	331715	99
Mock_P03_1	15	331715	70
Mock_P03_1	15	331715	94
Mock_P03_1	15	331715	52
Mock_P03_1	15	331715	115
Mock_P03_1	15	331715	50
Mock_P03_1	15	331715	248
Mock_P03_1	15	331715	65
Mock_P03_1	15	331715	129
Mock_P03_1	15	331715	75
Mock_P03_1	15	331715	87
Mock_P03_1	15	331715	81
Mock_P03_1	15	331715	113
Mock_P03_1	15	331715	81
Mock_P03_1	15	331715	97
Mock_P03_1	15	331715	40
Mock_P03_1	15	331715	31
Mock_P03_1	15	331715	48
Mock_P03_1	15	331715	46
Mock_P03_1	15	331715	34
Mock_P03_1	15	331715	96
Mock_P03_1	15	331715	255
Mock_P03_1	15	331715	102
Mock_P03_1	15	331715	101
Mock_P03_1	15	331715	17
Mock_P03_1	15	331715	86
Mock_P03_1	15	331715	93
Mock_P03_1	15	331715	97
Mock_P03_1	15	331715	108
Mock_P03_1	15	331715	80
Mock_P03_1	15	331715	43
Mock_P03_1	15	331715	143
Mock_P03_1	15	331715	99
Mock_P03_1	15	331715	70
Mock_P03_1	15	331715	165
Mock_P03_1	15	331715	179
Mock_P03_1	15	331715	84
Mock_P03_1	15	331715	82
Mock_P03_1	15	331715	86
Mock_P03_1	15	331715	98
Mock_P03_1	15	331715	114
Mock_P03_1	15	331715	179
Mock_P03_1	16	338973	71
Mock_P03_1	16	338973	84
Mock_P03_1	16	338973	55
Mock_P03_1	16	338973	151
Mock_P03_1	16	338973	58
Mock_P03_1	16	338973	84
Mock_P03_1	16	338973	65
Mock_P03_1	16	338973	50
Mock_P03_1	16	338973	27
Mock_P03_1	16	338973	151
Mock_P03_1	16	338973	186
Mock_P03_1	16	338973	81
Mock_P03_1	16	338973	86
Mock_P03_1	16	338973	54
Mock_P03_1	16	338973	97
Mock_P03_1	16	338973	120
Mock_P03_1	16	338973	97
Mock_P03_1	16	338973	72
Mock_P03_1	16	338973	60
Mock_P03_1	16	338973	29
Mock_P03_1	16	338973	125
Mock_P03_1	16	338973	205
Mock_P03_1	16	338973	27
Mock_P03_1	16	338973	135
Mock_P03_1	16	338973	47
Mock_P03_1	16	338973	34
Mock_P03_1	16	338973	63
Mock_P03_1	16	338973	129
Mock_P03_1	16	338973	124
Mock_P03_1	16	338973	107
Mock_P03_1	16	338973	95
Mock_P03_1	16	338973	136
Mock_P03_1	16	338973	67
Mock_P03_1	16	338973	72
Mock_P03_1	16	338973	86
Mock_P03_1	16	338973	161
Mock_P03_1	16	338973	106
Mock_P03_1	16	338973	158
Mock_P03_1	16	338973	142
Mock_P03_1	16	338973	125
Mock_P03_1	16	338973	79
Mock_P03_1	16	338973	89
Mock_P03_1	16	338973	98
Mock_P03_1	16	338973	97
Mock_P03_1	16	338973	103
Mock_P03_1	16	338973	119
Mock_P03_1	16	338973	182
Mock_P03_1	16	338973	186
Mock_P03_1	16	338973	123
Mock_P03_1	16	338973	90
Mock_P03_1	16	338973	68
Mock_P03_1	16	338973	269
Mock_P03_1	16	338973	207
Mock_P03_1	16	338973	195
Mock_P03_1	16	338973	97
Mock_P03_1	16	338973	163
Mock_P03_1	16	338973	109
Mock_P03_1	16	338973	57
Mock_P03_1	16	338973	148
Mock_P03_1	16	338973	111
Mock_P03_1	16	338973	73
Mock_P03_1	16	338973	151
Mock_P03_1	16	338973	139
Mock_P03_1	16	338973	155
Mock_P03_1	16	338973	180
Mock_P03_1	16	338973	158
Mock_P03_1	16	338973	10
Mock_P03_1	16	338973	146
Mock_P03_1	16	338973	128
Mock_P03_1	16	338973	192
Mock_P03_1	16	338973	170
Mock_P03_1	16	338973	161
Mock_P03_1	16	338973	179
Mock_P03_1	16	338973	172
Mock_P03_1	16	338973	133
Mock_P03_1	16	338973	272
Mock_P03_1	16	338973	254
Mock_P03_1	16	338973	58
Mock_P03_1	16	338973	88
Mock_P03_1	16	338973	88
Mock_P03_1	16	338973	95
Mock_P03_1	16	338973	110
Mock_P03_1	16	338973	68
Mock_P03_1	16	338973	142
Mock_P03_1	16	338973	66
Mock_P03_1	16	338973	123
Mock_P03_1	16	338973	143
Mock_P03_1	16	338973	160
Mock_P03_1	16	338973	102
Mock_P03_1	16	338973	111
Mock_P03_1	16	338973	124
Mock_P03_1	16	338973	190
Mock_P03_1	16	338973	77
Mock_P03_1	16	338973	56
Mock_P03_1	16	338973	237
Mock_P03_1	16	338973	98
Mock_P03_1	16	338973	135
Mock_P03_1	16	338973	197
Mock_P03_1	16	338973	71
Mock_P03_1	16	338973	105
Mock_P03_1	16	338973	150
Mock_P03_1	16	338973	129
Mock_P03_1	16	338973	106
Mock_P03_1	16	338973	124
Mock_P03_1	16	338973	273
Mock_P03_1	16	338973	118
Mock_P03_1	16	338973	51
Mock_P03_1	16	338973	70
Mock_P03_1	16	338973	263
Mock_P03_1	16	338973	118
Mock_P03_1	16	338973	104
Mock_P03_1	16	338973	90
Mock_P03_1	16	338973	96
Mock_P03_1	16	338973	81
Mock_P03_1	16	338973	329
Mock_P03_1	16	338973	78
Mock_P03_1	16	338973	130
Mock_P03_1	16	338973	99
Mock_P03_1	16	338973	132
Mock_P03_1	16	338973	95
Mock_P03_1	16	338973	83
Mock_P03_1	16	338973	106
Mock_P03_1	16	338973	35
Mock_P03_1	16	338973	175
Mock_P03_1	16	338973	92
Mock_P03_1	16	338973	196
Mock_P03_1	16	338973	144
Mock_P03_1	16	338973	145
Mock_P03_1	16	338973	128
Mock_P03_1	16	338973	155
Mock_P03_1	16	338973	194
Mock_P03_1	16	338973	154
Mock_P03_1	16	338973	82
Mock_P03_1	16	338973	114
Mock_P03_1	16	338973	71
Mock_P03_1	16	338973	102
Mock_P03_1	16	338973	88
Mock_P03_1	16	338973	90
Mock_P03_1	16	338973	403
Mock_P03_1	16	338973	87
Mock_P03_1	16	338973	27
Mock_P03_1	16	338973	103
Mock_P03_1	16	338973	77
Mock_P03_1	16	338973	125
Mock_P03_1	16	338973	176
Mock_P03_1	16	338973	63
Mock_P03_1	16	338973	64
Mock_P03_1	16	338973	130
Mock_P03_1	16	338973	17
Mock_P03_1	16	338973	184
Mock_P03_1	16	338973	55
Mock_P03_1	16	338973	106
Mock_P03_1	16	338973	73
Mock_P03_1	16	338973	134
Mock_P03_1	17	285794	77
Mock_P03_1	17	285794	122
Mock_P03_1	17	285794	172
Mock_P03_1	17	285794	168
Mock_P03_1	17	285794	32
Mock_P03_1	17	285794	116
Mock_P03_1	17	285794	184
Mock_P03_1	17	285794	231
Mock_P03_1	17	285794	24
Mock_P03_1	17	285794	441
Mock_P03_1	17	285794	103
Mock_P03_1	17	285794	304
Mock_P03_1	17	285794	119
Mock_P03_1	17	285794	369
Mock_P03_1	17	285794	146
Mock_P03_1	17	285794	216
Mock_P03_1	17	285794	124
Mock_P03_1	17	285794	69
Mock_P03_1	17	285794	222
Mock_P03_1	17	285794	97
Mock_P03_1	17	285794	156
Mock_P03_1	17	285794	91
Mock_P03_1	17	285794	75
Mock_P03_1	17	285794	162
Mock_P03_1	17	285794	69
Mock_P03_1	17	285794	128
Mock_P03_1	17	285794	94
Mock_P03_1	17	285794	200
Mock_P03_1	17	285794	169
Mock_P03_1	17	285794	64
Mock_P03_1	17	285794	59
Mock_P03_1	17	285794	149
Mock_P03_1	17	285794	128
Mock_P03_1	17	285794	365
Mock_P03_1	17	285794	57
Mock_P03_1	17	285794	90
Mock_P03_1	17	285794	136
Mock_P03_1	17	285794	93
Mock_P03_1	17	285794	142
Mock_P03_1	17	285794	120
Mock_P03_1	17	285794	211
Mock_P03_1	17	285794	154
Mock_P03_1	17	285794	123
Mock_P03_1	17	285794	141
Mock_P03_1	17	285794	161
Mock_P03_1	17	285794	13
Mock_P03_1	17	285794	88
Mock_P03_1	17	285794	119
Mock_P03_1	17	285794	179
Mock_P03_1	17	285794	113
Mock_P03_1	17	285794	133
Mock_P03_1	17	285794	144
Mock_P03_1	17	285794	147
Mock_P03_1	17	285794	78
Mock_P03_1	17	285794	77
Mock_P03_1	17	285794	84
Mock_P03_1	17	285794	136
Mock_P03_1	17	285794	103
Mock_P03_1	17	285794	79
Mock_P03_1	17	285794	194
Mock_P03_1	17	285794	103
Mock_P03_1	17	285794	122
Mock_P03_1	17	285794	56
Mock_P03_1	17	285794	131
Mock_P03_1	17	285794	72
Mock_P03_1	17	285794	147
Mock_P03_1	17	285794	68
Mock_P03_1	17	285794	217
Mock_P03_1	17	285794	76
Mock_P03_1	17	285794	178
Mock_P03_1	17	285794	181
Mock_P03_1	17	285794	57
Mock_P03_1	17	285794	22
Mock_P03_1	17	285794	74
Mock_P03_1	17	285794	67
Mock_P03_1	17	285794	124
Mock_P03_1	17	285794	217
Mock_P03_1	17	285794	21
Mock_P03_1	17	285794	68
Mock_P03_1	17	285794	179
Mock_P03_1	17	285794	96
Mock_P03_1	17	285794	75
Mock_P03_1	17	285794	111
Mock_P03_1	17	285794	74
Mock_P03_1	17	285794	148
Mock_P03_1	17	285794	111
Mock_P03_1	17	285794	49
Mock_P03_1	17	285794	170
Mock_P03_1	17	285794	139
Mock_P03_1	17	285794	230
Mock_P03_1	17	285794	100
Mock_P03_1	17	285794	60
Mock_P03_1	17	285794	115
Mock_P03_1	17	285794	247
Mock_P03_1	17	285794	27
Mock_P03_1	17	285794	115
Mock_P03_1	17	285794	105
Mock_P03_1	17	285794	41
Mock_P03_1	17	285794	223
Mock_P03_1	17	285794	181
Mock_P03_1	17	285794	79
Mock_P03_1	17	285794	55
Mock_P03_1	17	285794	204
Mock_P03_1	17	285794	114
Mock_P03_1	17	285794	67
Mock_P03_1	17	285794	56
Mock_P03_1	17	285794	93
Mock_P03_1	17	285794	85
Mock_P03_1	17	285794	102
Mock_P03_1	17	285794	135
Mock_P03_1	17	285794	153
Mock_P03_1	17	285794	104
Mock_P03_1	17	285794	43
Mock_P03_1	17	285794	60
Mock_P03_1	17	285794	123
Mock_P03_1	17	285794	239
Mock_P03_1	17	285794	126
Mock_P03_1	17	285794	396
Mock_P03_1	17	285794	134
Mock_P03_1	17	285794	130
Mock_P03_1	17	285794	103
Mock_P03_1	17	285794	117
Mock_P03_1	17	285794	84
Mock_P03_1	17	285794	111
Mock_P03_1	17	285794	111
Mock_P03_1	17	285794	146
Mock_P03_1	17	285794	225
Mock_P03_1	17	285794	84
Mock_P03_1	17	285794	189
Mock_P03_1	17	285794	77
Mock_P03_1	17	285794	20
Mock_P03_1	17	285794	82
Mock_P03_1	17	285794	153
Mock_P03_1	17	285794	75
Mock_P03_1	17	285794	99
Mock_P03_1	17	285794	65
Mock_P03_1	17	285794	115
Mock_P03_1	17	285794	138
Mock_P03_1	17	285794	121
Mock_P03_1	17	285794	86
Mock_P03_1	17	285794	147
Mock_P03_1	17	285794	219
Mock_P03_1	17	285794	90
Mock_P03_1	17	285794	83
Mock_P03_1	17	285794	115
Mock_P03_1	17	285794	230
Mock_P03_1	18	298008	152
Mock_P03_1	18	298008	211
Mock_P03_1	18	298008	120
Mock_P03_1	18	298008	98
Mock_P03_1	18	298008	108
Mock_P03_1	18	298008	205
Mock_P03_1	18	298008	117
Mock_P03_1	18	298008	161
Mock_P03_1	18	298008	96
Mock_P03_1	18	298008	96
Mock_P03_1	18	298008	173
Mock_P03_1	18	298008	189
Mock_P03_1	18	298008	184
Mock_P03_1	18	298008	167
Mock_P03_1	18	298008	108
Mock_P03_1	18	298008	321
Mock_P03_1	18	298008	113
Mock_P03_1	18	298008	67
Mock_P03_1	18	298008	179
Mock_P03_1	18	298008	237
Mock_P03_1	18	298008	122
Mock_P03_1	18	298008	100
Mock_P03_1	18	298008	218
Mock_P03_1	18	298008	175
Mock_P03_1	18	298008	103
Mock_P03_1	18	298008	135
Mock_P03_1	18	298008	122
Mock_P03_1	18	298008	190
Mock_P03_1	18	298008	52
Mock_P03_1	18	298008	199
Mock_P03_1	18	298008	157
Mock_P03_1	18	298008	80
Mock_P03_1	18	298008	136
Mock_P03_1	18	298008	143
Mock_P03_1	18	298008	28
Mock_P03_1	18	298008	12
Mock_P03_1	18	298008	89
Mock_P03_1	18	298008	130
Mock_P03_1	18	298008	181
Mock_P03_1	18	298008	200
Mock_P03_1	18	298008	89
Mock_P03_1	18	298008	90
Mock_P03_1	18	298008	199
Mock_P03_1	18	298008	229
Mock_P03_1	18	298008	289
Mock_P03_1	18	298008	124
Mock_P03_1	18	298008	122
Mock_P03_1	18	298008	81
Mock_P03_1	18	298008	70
Mock_P03_1	18	298008	80
Mock_P03_1	18	298008	254
Mock_P03_1	18	298008	95
Mock_P03_1	18	298008	57
Mock_P03_1	18	298008	163
Mock_P03_1	18	298008	189
Mock_P03_1	18	298008	108
Mock_P03_1	18	298008	174
Mock_P03_1	18	298008	130
Mock_P03_1	18	298008	99
Mock_P03_1	18	298008	89
Mock_P03_1	18	298008	70
Mock_P03_1	18	298008	83
Mock_P03_1	18	298008	129
Mock_P03_1	18	298008	88
Mock_P03_1	18	298008	82
Mock_P03_1	18	298008	212
Mock_P03_1	18	298008	84
Mock_P03_1	18	298008	85
Mock_P03_1	18	298008	32
Mock_P03_1	18	298008	96
Mock_P03_1	18	298008	112
Mock_P03_1	18	298008	127
Mock_P03_1	18	298008	62
Mock_P03_1	18	298008	136
Mock_P03_1	18	298008	82
Mock_P03_1	18	298008	34
Mock_P03_1	18	298008	108
Mock_P03_1	18	298008	183
Mock_P03_1	18	298008	109
Mock_P03_1	18	298008	167
Mock_P03_1	18	298008	78
Mock_P03_1	18	298008	105
Mock_P03_1	18	298008	74
Mock_P03_1	18	298008	21
Mock_P03_1	18	298008	124
Mock_P03_1	18	298008	101
Mock_P03_1	18	298008	68
Mock_P03_1	18	298008	93
Mock_P03_1	18	298008	34
Mock_P03_1	18	298008	75
Mock_P03_1	18	298008	63
Mock_P03_1	18	298008	91
Mock_P03_1	18	298008	105
Mock_P03_1	18	298008	66
Mock_P03_1	18	298008	61
Mock_P03_1	18	298008	110
Mock_P03_1	18	298008	65
Mock_P03_1	18	298008	99
Mock_P03_1	18	298008	33
Mock_P03_1	18	298008	126
Mock_P03_1	18	298008	41
Mock_P03_1	18	298008	146
Mock_P03_1	18	298008	42
Mock_P03_1	18	298008	39
Mock_P03_1	18	298008	12
Mock_P03_1	18	298008	57
Mock_P03_1	18	298008	98
Mock_P03_1	18	298008	68
Mock_P03_1	18	298008	88
Mock_P03_1	18	298008	105
Mock_P03_1	18	298008	100
Mock_P03_1	18	298008	70
Mock_P03_1	18	298008	211
Mock_P03_1	18	298008	78
Mock_P03_1	18	298008	135
Mock_P03_1	18	298008	44
Mock_P03_1	18	298008	105
Mock_P03_1	18	298008	76
Mock_P03_1	18	298008	182
Mock_P03_1	18	298008	80
Mock_P03_1	18	298008	116
Mock_P03_1	18	298008	121
Mock_P03_1	18	298008	64
Mock_P03_1	18	298008	36
Mock_P03_1	18	298008	49
Mock_P03_1	18	298008	54
Mock_P03_1	18	298008	64
Mock_P03_1	18	298008	99
Mock_P03_1	18	298008	76
Mock_P03_1	18	298008	31
Mock_P03_1	18	298008	92
Mock_P03_1	18	298008	235
Mock_P03_1	18	298008	108
Mock_P03_1	18	298008	32
Mock_P03_1	18	298008	72
Mock_P03_1	18	298008	138
Mock_P03_1	18	298008	39
Mock_P03_1	18	298008	192
Mock_P03_1	18	298008	76
Mock_P03_1	18	298008	66
Mock_P03_1	18	298008	80
Mock_P03_1	18	298008	49
Mock_P03_1	18	298008	62
Mock_P03_1	18	298008	24
Mock_P03_1	18	298008	149
Mock_P03_1	18	298008	207
Mock_P03_1	18	298008	67
Mock_P03_1	18	298008	38
Mock_P03_1	18	298008	91
Mock_P03_1	18	298008	81
Mock_P03_1	18	298008	103
Mock_P03_1	18	298008	65
Mock_P03_1	18	298008	97
Mock_P03_1	18	298008	80
Mock_P03_1	18	298008	54
Mock_P03_1	18	298008	38
Mock_P03_1	18	298008	55
Mock_P03_1	18	298008	79
Mock_P03_1	18	298008	34
Mock_P03_1	18	298008	66
Mock_P03_1	18	298008	39
Mock_P03_1	18	298008	84
Mock_P03_1	18	298008	16
Mock_P03_1	18	298008	70
Mock_P03_1	18	298008	44
Mock_P03_1	18	298008	164
Mock_P03_1	18	298008	102
Mock_P03_1	18	298008	62
Mock_P03_1	18	298008	41
Mock_P03_1	18	298008	86
Mock_P03_1	19	309067	112
Mock_P03_1	19	309067	66
Mock_P03_1	19	309067	78
Mock_P03_1	19	309067	139
Mock_P03_1	19	309067	32
Mock_P03_1	19	309067	33
Mock_P03_1	19	309067	13
Mock_P03_1	19	309067	33
Mock_P03_1	19	309067	116
Mock_P03_1	19	309067	66
Mock_P03_1	19	309067	94
Mock_P03_1	19	309067	115
Mock_P03_1	19	309067	99
Mock_P03_1	19	309067	139
Mock_P03_1	19	309067	72
Mock_P03_1	19	309067	86
Mock_P03_1	19	309067	113
Mock_P03_1	19	309067	240
Mock_P03_1	19	309067	129
Mock_P03_1	19	309067	88
Mock_P03_1	19	309067	76
Mock_P03_1	19	309067	141
Mock_P03_1	19	309067	97
Mock_P03_1	19	309067	97
Mock_P03_1	19	309067	35
Mock_P03_1	19	309067	92
Mock_P03_1	19	309067	46
Mock_P03_1	19	309067	77
Mock_P03_1	19	309067	83
Mock_P03_1	19	309067	94
Mock_P03_1	19	309067	159
Mock_P03_1	19	309067	100
Mock_P03_1	19	309067	95
Mock_P03_1	19	309067	79
Mock_P03_1	19	309067	92
Mock_P03_1	19	309067	112
Mock_P03_1	19	309067	86
Mock_P03_1	19	309067	82
Mock_P03_1	19	309067	269
Mock_P03_1	19	309067	119
Mock_P03_1	19	309067	87
Mock_P03_1	19	309067	98
Mock_P03_1	19	309067	83
Mock_P03_1	19	309067	82
Mock_P03_1	19	309067	98
Mock_P03_1	19	309067	89
Mock_P03_1	19	309067	141
Mock_P03_1	19	309067	74
Mock_P03_1	19	309067	129
Mock_P03_1	19	309067	49
Mock_P03_1	19	309067	196
Mock_P03_1	19	309067	74
Mock_P03_1	19	309067	103
Mock_P03_1	19	309067	59
Mock_P03_1	19	309067	102
Mock_P03_1	19	309067	75
Mock_P03_1	19	309067	74
Mock_P03_1	19	309067	84
Mock_P03_1	19	309067	112
Mock_P03_1	19	309067	75
Mock_P03_1	19	309067	125
Mock_P03_1	19	309067	193
Mock_P03_1	19	309067	27
Mock_P03_1	19	309067	242
Mock_P03_1	19	309067	87
Mock_P03_1	19	309067	127
Mock_P03_1	19	309067	73
Mock_P03_1	19	309067	233
Mock_P03_1	19	309067	56
Mock_P03_1	19	309067	69
Mock_P03_1	19	309067	99
Mock_P03_1	19	309067	178
Mock_P03_1	19	309067	76
Mock_P03_1	19	309067	112
Mock_P03_1	19	309067	105
Mock_P03_1	19	309067	103
Mock_P03_1	19	309067	113
Mock_P03_1	19	309067	107
Mock_P03_1	19	309067	121
Mock_P03_1	19	309067	62
Mock_P03_1	19	309067	101
Mock_P03_1	19	309067	146
Mock_P03_1	19	309067	71
Mock_P03_1	19	309067	131
Mock_P03_1	19	309067	152
Mock_P03_1	19	309067	131
Mock_P03_1	19	309067	26
Mock_P03_1	19	309067	71
Mock_P03_1	19	309067	85
Mock_P03_1	19	309067	108
Mock_P03_1	19	309067	341
Mock_P03_1	19	309067	67
Mock_P03_1	19	309067	104
Mock_P03_1	19	309067	58
Mock_P03_1	19	309067	34
Mock_P03_1	19	309067	35
Mock_P03_1	19	309067	58
Mock_P03_1	19	309067	126
Mock_P03_1	19	309067	42
Mock_P03_1	19	309067	82
Mock_P03_1	19	309067	90
Mock_P03_1	19	309067	97
Mock_P03_1	19	309067	84
Mock_P03_1	19	309067	82
Mock_P03_1	19	309067	86
Mock_P03_1	19	309067	195
Mock_P03_1	19	309067	140
Mock_P03_1	19	309067	95
Mock_P03_1	19	309067	119
Mock_P03_1	19	309067	216
Mock_P03_1	19	309067	137
Mock_P03_1	19	309067	127
Mock_P03_1	19	309067	104
Mock_P03_1	19	309067	115
Mock_P03_1	19	309067	89
Mock_P03_1	19	309067	95
Mock_P03_1	19	309067	85
Mock_P03_1	19	309067	86
Mock_P03_1	19	309067	125
Mock_P03_1	19	309067	118
Mock_P03_1	19	309067	119
Mock_P03_1	19	309067	62
Mock_P03_1	19	309067	109
Mock_P03_1	19	309067	163
Mock_P03_1	19	309067	219
Mock_P03_1	19	309067	137
Mock_P03_1	19	309067	116
Mock_P03_1	19	309067	130
Mock_P03_1	19	309067	121
Mock_P03_1	19	309067	168
Mock_P03_1	19	309067	112
Mock_P03_1	19	309067	152
Mock_P03_1	19	309067	82
Mock_P03_1	19	309067	137
Mock_P03_1	19	309067	123
Mock_P03_1	19	309067	114
Mock_P03_1	19	309067	87
Mock_P03_1	19	309067	53
Mock_P03_1	19	309067	49
Mock_P03_1	19	309067	54
Mock_P03_1	19	309067	122
Mock_P03_1	19	309067	98
Mock_P03_1	19	309067	89
Mock_P03_1	19	309067	83
Mock_P03_1	19	309067	99
Mock_P03_1	19	309067	81
Mock_P03_1	19	309067	150
Mock_P03_1	19	309067	64
Mock_P03_1	19	309067	103
Mock_P03_1	19	309067	74
Mock_P03_1	19	309067	133
Mock_P03_1	19	309067	77
Mock_P03_1	19	309067	89
Mock_P03_1	19	309067	54
Mock_P03_1	19	309067	102
Mock_P03_1	19	309067	200
Mock_P03_1	19	309067	41
Mock_P03_1	19	309067	76
Mock_P03_1	19	309067	113
Mock_P03_1	19	309067	156
Mock_P03_1	19	309067	88
Mock_P03_1	19	309067	79
Mock_P03_1	19	309067	122
Mock_P03_1	19	309067	80
Mock_P03_1	19	309067	79
Mock_P03_1	19	309067	244
Mock_P03_1	19	309067	96
Mock_P03_1	19	309067	90
Mock_P03_1	19	309067	143
Mock_P03_1	19	309067	148
Mock_P03_1	19	309067	112
Mock_P03_1	19	309067	124
Mock_P03_1	19	309067	61
Mock_P03_1	19	309067	46
Mock_P03_1	19	309067	63
Mock_P03_1	19	309067	57
Mock_P03_1	19	309067	142
Mock_P03_1	19	309067	365
Mock_P03_1	19	309067	100
Mock_P03_1	19	309067	99
Mock_P03_1	19	309067	65
Mock_P03_1	19	309067	133
Mock_P03_1	19	309067	113
Mock_P03_1	19	309067	81
Mock_P03_1	19	309067	16
Mock_P03_1	19	309067	431
Mock_P03_1	19	309067	61
Mock_P03_1	19	309067	83
Mock_P03_1	19	309067	31
Mock_P03_1	19	309067	56
Mock_P03_1	19	309067	37
Mock_P03_1	19	309067	58
Mock_P03_1	19	309067	140
Mock_P03_1	19	309067	30
Mock_P03_1	19	309067	65
Mock_P03_1	19	309067	56
Mock_P03_1	19	309067	94
Mock_P03_1	19	309067	187
Mock_P03_1	19	309067	29
Mock_P03_1	19	309067	32
Mock_P03_1	19	309067	55
Mock_P03_1	19	309067	160
Mock_P03_1	19	309067	58
Mock_P03_1	19	309067	16
Mock_P03_1	19	309067	245
Mock_P03_1	19	309067	43
Mock_P03_1	19	309067	44
Mock_P03_1	19	309067	119
Mock_P03_1	19	309067	21
Mock_P03_1	19	309067	101
Mock_P03_1	19	309067	74
Mock_P03_1	19	309067	54
Mock_P03_1	19	309067	114
Mock_P03_1	19	309067	28
Mock_P03_1	19	309067	281
Mock_P03_1	19	309067	81
Mock_P03_1	19	309067	59
Mock_P03_1	19	309067	64
Mock_P03_1	19	309067	75
Mock_P03_1	19	309067	139
Mock_P03_1	19	309067	74
Mock_P03_1	20	260957	14
Mock_P03_1	20	260957	33
Mock_P03_1	20	260957	111
Mock_P03_1	20	260957	107
Mock_P03_1	20	260957	88
Mock_P03_1	20	260957	85
Mock_P03_1	20	260957	120
Mock_P03_1	20	260957	274
Mock_P03_1	20	260957	82
Mock_P03_1	20	260957	246
Mock_P03_1	20	260957	123
Mock_P03_1	20	260957	138
Mock_P03_1	20	260957	85
Mock_P03_1	20	260957	131
Mock_P03_1	20	260957	19
Mock_P03_1	20	260957	144
Mock_P03_1	20	260957	203
Mock_P03_1	20	260957	212
Mock_P03_1	20	260957	48
Mock_P03_1	20	260957	109
Mock_P03_1	20	260957	116
Mock_P03_1	20	260957	66
Mock_P03_1	20	260957	47
Mock_P03_1	20	260957	14
Mock_P03_1	20	260957	93
Mock_P03_1	20	260957	110
Mock_P03_1	20	260957	133
Mock_P03_1	20	260957	104
Mock_P03_1	20	260957	54
Mock_P03_1	20	260957	12
Mock_P03_1	20	260957	59
Mock_P03_1	20	260957	57
Mock_P03_1	20	260957	256
Mock_P03_1	20	260957	66
Mock_P03_1	20	260957	40
Mock_P03_1	20	260957	62
Mock_P03_1	20	260957	44
Mock_P03_1	20	260957	70
Mock_P03_1	20	260957	80
Mock_P03_1	20	260957	61
Mock_P03_1	20	260957	60
Mock_P03_1	20	260957	73
Mock_P03_1	20	260957	124
Mock_P03_1	20	260957	64
Mock_P03_1	20	260957	54
Mock_P03_1	20	260957	62
Mock_P03_1	20	260957	14
Mock_P03_1	20	260957	100
Mock_P03_1	20	260957	14
Mock_P03_1	20	260957	54
Mock_P03_1	20	260957	50
Mock_P03_1	20	260957	36
Mock_P03_1	20	260957	38
Mock_P03_1	20	260957	20
Mock_P03_1	20	260957	35
Mock_P03_1	20	260957	62
Mock_P03_1	20	260957	71
Mock_P03_1	20	260957	20
Mock_P03_1	20	260957	39
Mock_P03_1	20	260957	33
Mock_P03_1	20	260957	45
Mock_P03_1	20	260957	35
Mock_P03_1	20	260957	59
Mock_P03_1	20	260957	54
Mock_P03_1	20	260957	49
Mock_P03_1	20	260957	146
Mock_P03_1	20	260957	19
Mock_P03_1	20	260957	60
Mock_P03_1	20	260957	47
Mock_P03_1	20	260957	105
Mock_P03_1	20	260957	101
Mock_P03_1	20	260957	64
Mock_P03_1	20	260957	76
Mock_P03_1	20	260957	43
Mock_P03_1	20	260957	54
Mock_P03_1	20	260957	32
Mock_P03_1	20	260957	65
Mock_P03_1	20	260957	188
Mock_P03_1	20	260957	41
Mock_P03_1	20	260957	33
Mock_P03_1	20	260957	68
Mock_P03_1	20	260957	91
Mock_P03_1	20	260957	70
Mock_P03_1	20	260957	41
Mock_P03_1	20	260957	35
Mock_P03_1	20	260957	61
Mock_P03_1	20	260957	29
Mock_P03_1	20	260957	87
Mock_P03_1	20	260957	89
Mock_P03_1	20	260957	37
Mock_P03_1	20	260957	61
Mock_P03_1	20	260957	94
Mock_P03_1	20	260957	63
Mock_P03_1	20	260957	92
Mock_P03_1	20	260957	65
Mock_P03_1	20	260957	76
Mock_P03_1	20	260957	86
Mock_P03_1	20	260957	91
Mock_P03_1	20	260957	40
Mock_P03_1	20	260957	56
Mock_P03_1	20	260957	136
Mock_P03_1	20	260957	55
Mock_P03_1	20	260957	156
Mock_P03_1	20	260957	86
Mock_P03_1	20	260957	35
Mock_P03_1	20	260957	78
Mock_P03_1	20	260957	79
Mock_P03_1	20	260957	96
Mock_P03_1	20	260957	130
Mock_P03_1	20	260957	44
Mock_P03_1	20	260957	105
Mock_P03_1	20	260957	121
Mock_P03_1	20	260957	107
Mock_P03_1	20	260957	174
Mock_P03_1	20	260957	106
Mock_P03_1	20	260957	98
Mock_P03_1	20	260957	80
Mock_P03_1	20	260957	70
Mock_P03_1	20	260957	69
Mock_P03_1	20	260957	142
Mock_P03_1	20	260957	114
Mock_P03_1	20	260957	78
Mock_P03_1	20	260957	69
Mock_P03_1	20	260957	64
Mock_P03_1	20	260957	98
Mock_P03_1	20	260957	59
Mock_P03_1	20	260957	68
Mock_P03_1	20	260957	442
Mock_P03_1	20	260957	35
Mock_P03_1	20	260957	153
Mock_P03_1	20	260957	68
Mock_P03_1	20	260957	46
Mock_P03_1	20	260957	84
Mock_P03_1	20	260957	19
Mock_P03_1	20	260957	18
Mock_P03_1	20	260957	114
Mock_P03_1	20	260957	48
Mock_P03_1	20	260957	67
Mock_P03_1	20	260957	41
Mock_P03_1	20	260957	97
Mock_P03_1	20	260957	129
Mock_P03_1	20	260957	24
Mock_P03_1	20	260957	29
Mock_P03_1	20	260957	44
Mock_P03_1	20	260957	51
Mock_P03_1	20	260957	82
Mock_P03_1	20	260957	56
Mock_P03_1	20	260957	106
Mock_P03_1	20	260957	119
Mock_P03_1	21	226014	37
Mock_P03_1	21	226014	128
Mock_P03_1	21	226014	44
Mock_P03_1	21	226014	161
Mock_P03_1	21	226014	65
Mock_P03_1	21	226014	147
Mock_P03_1	21	226014	132
Mock_P03_1	21	226014	76
Mock_P03_1	21	226014	100
Mock_P03_1	21	226014	68
Mock_P03_1	21	226014	89
Mock_P03_1	21	226014	83
Mock_P03_1	21	226014	136
Mock_P03_1	21	226014	90
Mock_P03_1	21	226014	87
Mock_P03_1	21	226014	83
Mock_P03_1	21	226014	81
Mock_P03_1	21	226014	93
Mock_P03_1	21	226014	96
Mock_P03_1	21	226014	99
Mock_P03_1	21	226014	170
Mock_P03_1	21	226014	104
Mock_P03_1	21	226014	188
Mock_P03_1	21	226014	138
Mock_P03_1	21	226014	153
Mock_P03_1	21	226014	65
Mock_P03_1	21	226014	118
Mock_P03_1	21	226014	101
Mock_P03_1	21	226014	109
Mock_P03_1	21	226014	160
Mock_P03_1	21	226014	97
Mock_P03_1	21	226014	230
Mock_P03_1	21	226014	97
Mock_P03_1	21	226014	86
Mock_P03_1	21	226014	125
Mock_P03_1	21	226014	93
Mock_P03_1	21	226014	331
Mock_P03_1	21	226014	116
Mock_P03_1	21	226014	178
Mock_P03_1	21	226014	82
Mock_P03_1	21	226014	145
Mock_P03_1	21	226014	271
Mock_P03_1	21	226014	49
Mock_P03_1	21	226014	47
Mock_P03_1	21	226014	177
Mock_P03_1	21	226014	161
Mock_P03_1	21	226014	121
Mock_P03_1	21	226014	223
Mock_P03_1	21	226014	141
Mock_P03_1	21	226014	134
Mock_P03_1	21	226014	59
Mock_P03_1	21	226014	105
Mock_P03_1	21	226014	117
Mock_P03_1	21	226014	141
Mock_P03_1	21	226014	229
Mock_P03_1	21	226014	129
Mock_P03_1	21	226014	92
Mock_P03_1	21	226014	199
Mock_P03_1	21	226014	169
Mock_P03_1	21	226014	233
Mock_P03_1	21	226014	127
Mock_P03_1	21	226014	317
Mock_P03_1	21	226014	86
Mock_P03_1	21	226014	204
Mock_P03_1	21	226014	92
Mock_P03_1	21	226014	214
Mock_P03_1	21	226014	87
Mock_P03_1	21	226014	111
Mock_P03_1	21	226014	104
Mock_P03_1	21	226014	180
Mock_P03_1	21	226014	225
Mock_P03_1	21	226014	219
Mock_P03_1	21	226014	105
Mock_P03_1	21	226014	24
Mock_P03_1	21	226014	190
Mock_P03_1	21	226014	74
Mock_P03_1	21	226014	217
Mock_P03_1	21	226014	159
Mock_P03_1	21	226014	84
Mock_P03_1	21	226014	236
Mock_P03_1	21	226014	146
Mock_P03_1	21	226014	156
Mock_P03_1	21	226014	331
Mock_P03_1	21	226014	132
Mock_P03_1	21	226014	90
Mock_P03_1	21	226014	183
Mock_P03_1	21	226014	280
Mock_P03_1	21	226014	99
Mock_P03_1	21	226014	110
Mock_P03_1	21	226014	86
Mock_P03_1	21	226014	98
Mock_P03_1	21	226014	145
Mock_P03_1	21	226014	75
Mock_P03_1	21	226014	194
Mock_P03_1	21	226014	89
Mock_P03_1	21	226014	213
Mock_P03_1	22	300058	23
Mock_P03_1	22	300058	18
Mock_P03_1	22	300058	61
Mock_P03_1	22	300058	36
Mock_P03_1	22	300058	107
Mock_P03_1	22	300058	39
Mock_P03_1	22	300058	95
Mock_P03_1	22	300058	90
Mock_P03_1	22	300058	109
Mock_P03_1	22	300058	119
Mock_P03_1	22	300058	35
Mock_P03_1	22	300058	100
Mock_P03_1	22	300058	125
Mock_P03_1	22	300058	116
Mock_P03_1	22	300058	178
Mock_P03_1	22	300058	75
Mock_P03_1	22	300058	64
Mock_P03_1	22	300058	247
Mock_P03_1	22	300058	87
Mock_P03_1	22	300058	100
Mock_P03_1	22	300058	104
Mock_P03_1	22	300058	129
Mock_P03_1	22	300058	68
Mock_P03_1	22	300058	67
Mock_P03_1	22	300058	143
Mock_P03_1	22	300058	68
Mock_P03_1	22	300058	93
Mock_P03_1	22	300058	117
Mock_P03_1	22	300058	88
Mock_P03_1	22	300058	110
Mock_P03_1	22	300058	66
Mock_P03_1	22	300058	55
Mock_P03_1	22	300058	118
Mock_P03_1	22	300058	80
Mock_P03_1	22	300058	64
Mock_P03_1	22	300058	80
Mock_P03_1	22	300058	136
Mock_P03_1	22	300058	82
Mock_P03_1	22	300058	79
Mock_P03_1	22	300058	81
Mock_P03_1	22	300058	64
Mock_P03_1	22	300058	32
Mock_P03_1	22	300058	96
Mock_P03_1	22	300058	74
Mock_P03_1	22	300058	55
Mock_P03_1	22	300058	70
Mock_P03_1	22	300058	155
Mock_P03_1	22	300058	192
Mock_P03_1	22	300058	65
Mock_P03_1	22	300058	100
Mock_P03_1	22	300058	102
Mock_P03_1	22	300058	84
Mock_P03_1	22	300058	30
Mock_P03_1	22	300058	84
Mock_P03_1	22	300058	104
Mock_P03_1	22	300058	66
Mock_P03_1	22	300058	120
Mock_P03_1	22	300058	91
Mock_P03_1	22	300058	63
Mock_P03_1	22	300058	88
Mock_P03_1	22	300058	38
Mock_P03_1	22	300058	94
Mock_P03_1	22	300058	68
Mock_P03_1	22	300058	93
Mock_P03_1	22	300058	86
Mock_P03_1	22	300058	109
Mock_P03_1	22	300058	90
Mock_P03_1	22	300058	36
Mock_P03_1	22	300058	161
Mock_P03_1	22	300058	74
Mock_P03_1	22	300058	86
Mock_P03_1	22	300058	109
Mock_P03_1	22	300058	38
Mock_P03_1	22	300058	37
Mock_P03_1	22	300058	124
Mock_P03_1	22	300058	114
Mock_P03_1	22	300058	85
Mock_P03_1	22	300058	131
Mock_P03_1	22	300058	89
Mock_P03_1	22	300058	114
Mock_P03_1	22	300058	42
Mock_P03_1	22	300058	101
Mock_P03_1	22	300058	14
Mock_P03_1	22	300058	74
Mock_P03_1	22	300058	85
Mock_P03_1	22	300058	28
Mock_P03_1	22	300058	120
Mock_P03_1	22	300058	87
Mock_P03_1	22	300058	75
Mock_P03_1	22	300058	70
Mock_P03_1	22	300058	84
Mock_P03_1	22	300058	61
Mock_P03_1	22	300058	84
Mock_P03_1	22	300058	109
Mock_P03_1	22	300058	31
Mock_P03_1	22	300058	68
Mock_P03_1	22	300058	44
Mock_P03_1	22	300058	101
Mock_P03_1	22	300058	52
Mock_P03_1	22	300058	63
Mock_P03_1	22	300058	265
Mock_P03_1	22	300058	79
Mock_P03_1	22	300058	58
Mock_P03_1	22	300058	65
Mock_P03_1	22	300058	91
Mock_P03_1	22	300058	149
Mock_P03_1	22	300058	81
Mock_P03_1	22	300058	95
Mock_P03_1	22	300058	113
Mock_P03_1	22	300058	69
Mock_P03_1	22	300058	47
Mock_P03_1	22	300058	113
Mock_P03_1	22	300058	23
Mock_P03_1	22	300058	44
Mock_P03_1	22	300058	92
Mock_P03_1	22	300058	93
Mock_P03_1	22	300058	66
Mock_P03_1	22	300058	57
Mock_P03_1	22	300058	97
Mock_P03_1	22	300058	68
Mock_P03_1	22	300058	113
Mock_P03_1	22	300058	67
Mock_P03_1	22	300058	56
Mock_P03_1	22	300058	142
Mock_P03_1	22	300058	115
Mock_P03_1	22	300058	47
Mock_P03_1	22	300058	83
Mock_P03_1	22	300058	136
Mock_P03_1	22	300058	88
Mock_P03_1	22	300058	172
Mock_P03_1	22	300058	56
Mock_P03_1	22	300058	45
Mock_P03_1	22	300058	98
Mock_P03_1	22	300058	22
Mock_P03_1	22	300058	93
Mock_P03_1	22	300058	86
Mock_P03_1	22	300058	79
Mock_P03_1	22	300058	147
Mock_P03_1	22	300058	247
Mock_P03_1	22	300058	79
Mock_P03_1	22	300058	118
Mock_P03_1	22	300058	18
Mock_P03_1	22	300058	38
Mock_P03_1	22	300058	138
Mock_P03_1	22	300058	96
Mock_P03_1	22	300058	90
Mock_P03_1	22	300058	145
Mock_P03_1	22	300058	112
Mock_P03_1	22	300058	85
Mock_P03_1	22	300058	107
Mock_P03_1	22	300058	39
Mock_P03_1	22	300058	140
Mock_P03_1	22	300058	163
Mock_P03_1	22	300058	127
Mock_P03_1	22	300058	163
Mock_P03_1	22	300058	140
Mock_P03_1	22	300058	57
Mock_P03_1	22	300058	343
Mock_P03_1	22	300058	80
Mock_P03_1	22	300058	77
Mock_P03_1	22	300058	125
Mock_P03_1	22	300058	99
Mock_P03_1	22	300058	69
Mock_P03_1	22	300058	135
Mock_P03_1	22	300058	116
Mock_P03_1	22	300058	76
Mock_P03_1	22	300058	73
Mock_P03_1	23	308924	64
Mock_P03_1	23	308924	54
Mock_P03_1	23	308924	45
Mock_P03_1	23	308924	66
Mock_P03_1	23	308924	104
Mock_P03_1	23	308924	46
Mock_P03_1	23	308924	102
Mock_P03_1	23	308924	61
Mock_P03_1	23	308924	50
Mock_P03_1	23	308924	82
Mock_P03_1	23	308924	68
Mock_P03_1	23	308924	135
Mock_P03_1	23	308924	101
Mock_P03_1	23	308924	62
Mock_P03_1	23	308924	147
Mock_P03_1	23	308924	94
Mock_P03_1	23	308924	65
Mock_P03_1	23	308924	69
Mock_P03_1	23	308924	231
Mock_P03_1	23	308924	56
Mock_P03_1	23	308924	113
Mock_P03_1	23	308924	55
Mock_P03_1	23	308924	132
Mock_P03_1	23	308924	68
Mock_P03_1	23	308924	57
Mock_P03_1	23	308924	81
Mock_P03_1	23	308924	118
Mock_P03_1	23	308924	57
Mock_P03_1	23	308924	63
Mock_P03_1	23	308924	67
Mock_P03_1	23	308924	116
Mock_P03_1	23	308924	89
Mock_P03_1	23	308924	60
Mock_P03_1	23	308924	123
Mock_P03_1	23	308924	38
Mock_P03_1	23	308924	118
Mock_P03_1	23	308924	55
Mock_P03_1	23	308924	127
Mock_P03_1	23	308924	64
Mock_P03_1	23	308924	193
Mock_P03_1	23	308924	79
Mock_P03_1	23	308924	90
Mock_P03_1	23	308924	57
Mock_P03_1	23	308924	65
Mock_P03_1	23	308924	53
Mock_P03_1	23	308924	103
Mock_P03_1	23	308924	15
Mock_P03_1	23	308924	106
Mock_P03_1	23	308924	65
Mock_P03_1	23	308924	54
Mock_P03_1	23	308924	80
Mock_P03_1	23	308924	85
Mock_P03_1	23	308924	112
Mock_P03_1	23	308924	77
Mock_P03_1	23	308924	53
Mock_P03_1	23	308924	56
Mock_P03_1	23	308924	125
Mock_P03_1	23	308924	57
Mock_P03_1	23	308924	83
Mock_P03_1	23	308924	209
Mock_P03_1	23	308924	102
Mock_P03_1	23	308924	160
Mock_P03_1	23	308924	68
Mock_P03_1	23	308924	134
Mock_P03_1	23	308924	123
Mock_P03_1	23	308924	147
Mock_P03_1	23	308924	108
Mock_P03_1	23	308924	109
Mock_P03_1	23	308924	135
Mock_P03_1	23	308924	100
Mock_P03_1	23	308924	109
Mock_P03_1	23	308924	123
Mock_P03_1	23	308924	220
Mock_P03_1	23	308924	28
Mock_P03_1	23	308924	34
Mock_P03_1	23	308924	62
Mock_P03_1	23	308924	55
Mock_P03_1	23	308924	92
Mock_P03_1	23	308924	69
Mock_P03_1	23	308924	115
Mock_P03_1	23	308924	90
Mock_P03_1	23	308924	135
Mock_P03_1	23	308924	174
Mock_P03_1	23	308924	172
Mock_P03_1	23	308924	132
Mock_P03_1	23	308924	101
Mock_P03_1	23	308924	129
Mock_P03_1	23	308924	87
Mock_P03_1	23	308924	50
Mock_P03_1	23	308924	99
Mock_P03_1	23	308924	18
Mock_P03_1	23	308924	132
Mock_P03_1	23	308924	88
Mock_P03_1	23	308924	45
Mock_P03_1	23	308924	128
Mock_P03_1	23	308924	154
Mock_P03_1	23	308924	76
Mock_P03_1	23	308924	177
Mock_P03_1	23	308924	109
Mock_P03_1	23	308924	72
Mock_P03_1	23	308924	82
Mock_P03_1	23	308924	88
Mock_P03_1	23	308924	74
Mock_P03_1	23	308924	55
Mock_P03_1	23	308924	56
Mock_P03_1	23	308924	132
Mock_P03_1	23	308924	90
Mock_P03_1	23	308924	90
Mock_P03_1	23	308924	91
Mock_P03_1	23	308924	80
Mock_P03_1	23	308924	103
Mock_P03_1	23	308924	176
Mock_P03_1	23	308924	131
Mock_P03_1	23	308924	99
Mock_P03_1	23	308924	84
