fichier	leaf	surfaceLeaf	surfaceLesion
Mock_P02_2	1	304848	18
Mock_P02_2	1	304848	141
Mock_P02_2	1	304848	29
Mock_P02_2	1	304848	68
Mock_P02_2	1	304848	196
Mock_P02_2	1	304848	75
Mock_P02_2	1	304848	12
Mock_P02_2	1	304848	121
Mock_P02_2	1	304848	20
Mock_P02_2	1	304848	65
Mock_P02_2	1	304848	79
Mock_P02_2	1	304848	147
Mock_P02_2	1	304848	76
Mock_P02_2	1	304848	49
Mock_P02_2	1	304848	62
Mock_P02_2	1	304848	102
Mock_P02_2	1	304848	71
Mock_P02_2	1	304848	44
Mock_P02_2	1	304848	53
Mock_P02_2	1	304848	41
Mock_P02_2	1	304848	66
Mock_P02_2	1	304848	140
Mock_P02_2	1	304848	35
Mock_P02_2	1	304848	112
Mock_P02_2	1	304848	35
Mock_P02_2	1	304848	44
Mock_P02_2	1	304848	85
Mock_P02_2	1	304848	76
Mock_P02_2	1	304848	58
Mock_P02_2	1	304848	92
Mock_P02_2	1	304848	102
Mock_P02_2	1	304848	43
Mock_P02_2	1	304848	199
Mock_P02_2	1	304848	49
Mock_P02_2	1	304848	104
Mock_P02_2	1	304848	100
Mock_P02_2	1	304848	78
Mock_P02_2	1	304848	75
Mock_P02_2	1	304848	50
Mock_P02_2	1	304848	107
Mock_P02_2	1	304848	115
Mock_P02_2	1	304848	109
Mock_P02_2	1	304848	122
Mock_P02_2	1	304848	75
Mock_P02_2	1	304848	71
Mock_P02_2	1	304848	22
Mock_P02_2	1	304848	75
Mock_P02_2	1	304848	65
Mock_P02_2	1	304848	67
Mock_P02_2	1	304848	73
Mock_P02_2	1	304848	68
Mock_P02_2	1	304848	109
Mock_P02_2	1	304848	79
Mock_P02_2	1	304848	141
Mock_P02_2	1	304848	143
Mock_P02_2	1	304848	114
Mock_P02_2	1	304848	85
Mock_P02_2	1	304848	88
Mock_P02_2	1	304848	70
Mock_P02_2	1	304848	80
Mock_P02_2	1	304848	94
Mock_P02_2	1	304848	52
Mock_P02_2	1	304848	69
Mock_P02_2	1	304848	39
Mock_P02_2	1	304848	45
Mock_P02_2	1	304848	126
Mock_P02_2	1	304848	100
Mock_P02_2	1	304848	112
Mock_P02_2	1	304848	64
Mock_P02_2	1	304848	29
Mock_P02_2	1	304848	59
Mock_P02_2	1	304848	69
Mock_P02_2	1	304848	202
Mock_P02_2	1	304848	109
Mock_P02_2	1	304848	118
Mock_P02_2	1	304848	107
Mock_P02_2	1	304848	50
Mock_P02_2	1	304848	19
Mock_P02_2	1	304848	87
Mock_P02_2	1	304848	102
Mock_P02_2	1	304848	124
Mock_P02_2	1	304848	129
Mock_P02_2	1	304848	57
Mock_P02_2	1	304848	89
Mock_P02_2	1	304848	92
Mock_P02_2	1	304848	127
Mock_P02_2	1	304848	84
Mock_P02_2	1	304848	90
Mock_P02_2	1	304848	90
Mock_P02_2	1	304848	122
Mock_P02_2	1	304848	112
Mock_P02_2	1	304848	104
Mock_P02_2	1	304848	11
Mock_P02_2	1	304848	76
Mock_P02_2	1	304848	97
Mock_P02_2	1	304848	62
Mock_P02_2	1	304848	119
Mock_P02_2	1	304848	72
Mock_P02_2	1	304848	50
Mock_P02_2	1	304848	32
Mock_P02_2	1	304848	47
Mock_P02_2	1	304848	110
Mock_P02_2	1	304848	68
Mock_P02_2	1	304848	55
Mock_P02_2	1	304848	83
Mock_P02_2	1	304848	73
Mock_P02_2	1	304848	79
Mock_P02_2	1	304848	97
Mock_P02_2	1	304848	146
Mock_P02_2	1	304848	63
Mock_P02_2	1	304848	74
Mock_P02_2	1	304848	59
Mock_P02_2	1	304848	81
Mock_P02_2	1	304848	81
Mock_P02_2	1	304848	138
Mock_P02_2	1	304848	118
Mock_P02_2	1	304848	103
Mock_P02_2	1	304848	81
Mock_P02_2	1	304848	151
Mock_P02_2	1	304848	225
Mock_P02_2	1	304848	32
Mock_P02_2	1	304848	179
Mock_P02_2	1	304848	56
Mock_P02_2	1	304848	98
Mock_P02_2	1	304848	19
Mock_P02_2	1	304848	58
Mock_P02_2	1	304848	107
Mock_P02_2	1	304848	40
Mock_P02_2	1	304848	150
Mock_P02_2	1	304848	27
Mock_P02_2	1	304848	119
Mock_P02_2	1	304848	32
Mock_P02_2	1	304848	84
Mock_P02_2	1	304848	15
Mock_P02_2	2	332957	28
Mock_P02_2	2	332957	97
Mock_P02_2	2	332957	122
Mock_P02_2	2	332957	79
Mock_P02_2	2	332957	55
Mock_P02_2	2	332957	117
Mock_P02_2	2	332957	76
Mock_P02_2	2	332957	86
Mock_P02_2	2	332957	63
Mock_P02_2	2	332957	66
Mock_P02_2	2	332957	17
Mock_P02_2	2	332957	60
Mock_P02_2	2	332957	180
Mock_P02_2	2	332957	62
Mock_P02_2	2	332957	78
Mock_P02_2	2	332957	80
Mock_P02_2	2	332957	45
Mock_P02_2	2	332957	176
Mock_P02_2	2	332957	98
Mock_P02_2	2	332957	87
Mock_P02_2	2	332957	60
Mock_P02_2	2	332957	83
Mock_P02_2	2	332957	162
Mock_P02_2	2	332957	99
Mock_P02_2	2	332957	91
Mock_P02_2	2	332957	141
Mock_P02_2	2	332957	86
Mock_P02_2	2	332957	41
Mock_P02_2	2	332957	185
Mock_P02_2	2	332957	116
Mock_P02_2	2	332957	100
Mock_P02_2	2	332957	83
Mock_P02_2	2	332957	72
Mock_P02_2	2	332957	112
Mock_P02_2	2	332957	96
Mock_P02_2	2	332957	90
Mock_P02_2	2	332957	76
Mock_P02_2	2	332957	107
Mock_P02_2	2	332957	58
Mock_P02_2	2	332957	177
Mock_P02_2	2	332957	81
Mock_P02_2	2	332957	67
Mock_P02_2	2	332957	180
Mock_P02_2	2	332957	93
Mock_P02_2	2	332957	135
Mock_P02_2	2	332957	117
Mock_P02_2	2	332957	77
Mock_P02_2	2	332957	109
Mock_P02_2	2	332957	73
Mock_P02_2	2	332957	86
Mock_P02_2	2	332957	43
Mock_P02_2	2	332957	92
Mock_P02_2	2	332957	100
Mock_P02_2	2	332957	93
Mock_P02_2	2	332957	76
Mock_P02_2	2	332957	105
Mock_P02_2	2	332957	91
Mock_P02_2	2	332957	106
Mock_P02_2	2	332957	142
Mock_P02_2	2	332957	116
Mock_P02_2	2	332957	73
Mock_P02_2	2	332957	135
Mock_P02_2	2	332957	126
Mock_P02_2	2	332957	73
Mock_P02_2	2	332957	148
Mock_P02_2	2	332957	128
Mock_P02_2	2	332957	107
Mock_P02_2	2	332957	170
Mock_P02_2	2	332957	96
Mock_P02_2	2	332957	95
Mock_P02_2	2	332957	32
Mock_P02_2	2	332957	99
Mock_P02_2	2	332957	18
Mock_P02_2	2	332957	101
Mock_P02_2	2	332957	32
Mock_P02_2	2	332957	167
Mock_P02_2	2	332957	57
Mock_P02_2	2	332957	72
Mock_P02_2	2	332957	82
Mock_P02_2	2	332957	82
Mock_P02_2	2	332957	80
Mock_P02_2	2	332957	97
Mock_P02_2	2	332957	108
Mock_P02_2	2	332957	134
Mock_P02_2	2	332957	118
Mock_P02_2	2	332957	67
Mock_P02_2	2	332957	51
Mock_P02_2	2	332957	115
Mock_P02_2	2	332957	131
Mock_P02_2	2	332957	114
Mock_P02_2	2	332957	103
Mock_P02_2	2	332957	78
Mock_P02_2	2	332957	112
Mock_P02_2	2	332957	42
Mock_P02_2	2	332957	197
Mock_P02_2	2	332957	264
Mock_P02_2	2	332957	50
Mock_P02_2	2	332957	87
Mock_P02_2	2	332957	74
Mock_P02_2	2	332957	31
Mock_P02_2	2	332957	172
Mock_P02_2	2	332957	99
Mock_P02_2	2	332957	156
Mock_P02_2	2	332957	80
Mock_P02_2	2	332957	114
Mock_P02_2	2	332957	127
Mock_P02_2	2	332957	141
Mock_P02_2	2	332957	88
Mock_P02_2	2	332957	63
Mock_P02_2	2	332957	51
Mock_P02_2	2	332957	15
Mock_P02_2	2	332957	128
Mock_P02_2	2	332957	82
Mock_P02_2	2	332957	114
Mock_P02_2	2	332957	45
Mock_P02_2	2	332957	146
Mock_P02_2	2	332957	65
Mock_P02_2	2	332957	255
Mock_P02_2	2	332957	70
Mock_P02_2	2	332957	59
Mock_P02_2	2	332957	99
Mock_P02_2	2	332957	85
Mock_P02_2	2	332957	237
Mock_P02_2	2	332957	92
Mock_P02_2	2	332957	56
Mock_P02_2	2	332957	98
Mock_P02_2	2	332957	96
Mock_P02_2	2	332957	65
Mock_P02_2	2	332957	68
Mock_P02_2	2	332957	127
Mock_P02_2	2	332957	33
Mock_P02_2	2	332957	32
Mock_P02_2	2	332957	76
Mock_P02_2	2	332957	269
Mock_P02_2	2	332957	272
Mock_P02_2	2	332957	164
Mock_P02_2	2	332957	91
Mock_P02_2	2	332957	207
Mock_P02_2	2	332957	65
Mock_P02_2	2	332957	107
Mock_P02_2	2	332957	95
Mock_P02_2	2	332957	104
Mock_P02_2	2	332957	125
Mock_P02_2	2	332957	92
Mock_P02_2	2	332957	260
Mock_P02_2	2	332957	124
Mock_P02_2	2	332957	106
Mock_P02_2	2	332957	131
Mock_P02_2	2	332957	47
Mock_P02_2	2	332957	208
Mock_P02_2	2	332957	138
Mock_P02_2	2	332957	122
Mock_P02_2	2	332957	126
Mock_P02_2	2	332957	137
Mock_P02_2	2	332957	57
Mock_P02_2	2	332957	61
Mock_P02_2	2	332957	247
Mock_P02_2	2	332957	72
Mock_P02_2	2	332957	82
Mock_P02_2	2	332957	61
Mock_P02_2	2	332957	124
Mock_P02_2	2	332957	85
Mock_P02_2	2	332957	153
Mock_P02_2	2	332957	58
Mock_P02_2	2	332957	43
Mock_P02_2	2	332957	146
Mock_P02_2	2	332957	76
Mock_P02_2	2	332957	28
Mock_P02_2	2	332957	82
Mock_P02_2	2	332957	51
Mock_P02_2	2	332957	103
Mock_P02_2	2	332957	46
Mock_P02_2	3	297544	47
Mock_P02_2	3	297544	99
Mock_P02_2	3	297544	50
Mock_P02_2	3	297544	121
Mock_P02_2	3	297544	50
Mock_P02_2	3	297544	148
Mock_P02_2	3	297544	78
Mock_P02_2	3	297544	126
Mock_P02_2	3	297544	63
Mock_P02_2	3	297544	92
Mock_P02_2	3	297544	135
Mock_P02_2	3	297544	263
Mock_P02_2	3	297544	40
Mock_P02_2	3	297544	96
Mock_P02_2	3	297544	72
Mock_P02_2	3	297544	73
Mock_P02_2	3	297544	232
Mock_P02_2	3	297544	87
Mock_P02_2	3	297544	73
Mock_P02_2	3	297544	52
Mock_P02_2	3	297544	87
Mock_P02_2	3	297544	150
Mock_P02_2	3	297544	72
Mock_P02_2	3	297544	15
Mock_P02_2	3	297544	66
Mock_P02_2	3	297544	103
Mock_P02_2	3	297544	60
Mock_P02_2	3	297544	92
Mock_P02_2	3	297544	163
Mock_P02_2	3	297544	312
Mock_P02_2	3	297544	64
Mock_P02_2	3	297544	75
Mock_P02_2	3	297544	243
Mock_P02_2	3	297544	73
Mock_P02_2	3	297544	62
Mock_P02_2	3	297544	68
Mock_P02_2	3	297544	59
Mock_P02_2	3	297544	116
Mock_P02_2	3	297544	68
Mock_P02_2	3	297544	144
Mock_P02_2	3	297544	65
Mock_P02_2	3	297544	106
Mock_P02_2	3	297544	77
Mock_P02_2	3	297544	62
Mock_P02_2	3	297544	71
Mock_P02_2	3	297544	144
Mock_P02_2	3	297544	52
Mock_P02_2	3	297544	81
Mock_P02_2	3	297544	52
Mock_P02_2	3	297544	235
Mock_P02_2	3	297544	69
Mock_P02_2	3	297544	156
Mock_P02_2	3	297544	141
Mock_P02_2	3	297544	97
Mock_P02_2	3	297544	39
Mock_P02_2	3	297544	38
Mock_P02_2	3	297544	197
Mock_P02_2	3	297544	25
Mock_P02_2	3	297544	28
Mock_P02_2	3	297544	49
Mock_P02_2	3	297544	55
Mock_P02_2	3	297544	44
Mock_P02_2	3	297544	58
Mock_P02_2	3	297544	149
Mock_P02_2	3	297544	121
Mock_P02_2	3	297544	67
Mock_P02_2	3	297544	184
Mock_P02_2	3	297544	133
Mock_P02_2	3	297544	82
Mock_P02_2	3	297544	98
Mock_P02_2	3	297544	10
Mock_P02_2	3	297544	85
Mock_P02_2	3	297544	43
Mock_P02_2	3	297544	186
Mock_P02_2	3	297544	104
Mock_P02_2	3	297544	101
Mock_P02_2	3	297544	204
Mock_P02_2	3	297544	60
Mock_P02_2	3	297544	90
Mock_P02_2	3	297544	186
Mock_P02_2	3	297544	54
Mock_P02_2	3	297544	119
Mock_P02_2	3	297544	114
Mock_P02_2	3	297544	69
Mock_P02_2	3	297544	81
Mock_P02_2	3	297544	277
Mock_P02_2	3	297544	94
Mock_P02_2	3	297544	106
Mock_P02_2	3	297544	83
Mock_P02_2	3	297544	64
Mock_P02_2	3	297544	31
Mock_P02_2	3	297544	108
Mock_P02_2	3	297544	29
Mock_P02_2	3	297544	74
Mock_P02_2	3	297544	107
Mock_P02_2	3	297544	110
Mock_P02_2	3	297544	138
Mock_P02_2	3	297544	216
Mock_P02_2	3	297544	110
Mock_P02_2	3	297544	89
Mock_P02_2	3	297544	67
Mock_P02_2	3	297544	121
Mock_P02_2	3	297544	84
Mock_P02_2	3	297544	169
Mock_P02_2	3	297544	64
Mock_P02_2	3	297544	398
Mock_P02_2	3	297544	101
Mock_P02_2	3	297544	77
Mock_P02_2	3	297544	227
Mock_P02_2	3	297544	100
Mock_P02_2	3	297544	108
Mock_P02_2	3	297544	575
Mock_P02_2	3	297544	32
Mock_P02_2	3	297544	142
Mock_P02_2	3	297544	158
Mock_P02_2	3	297544	68
Mock_P02_2	3	297544	85
Mock_P02_2	3	297544	72
Mock_P02_2	3	297544	93
Mock_P02_2	3	297544	106
Mock_P02_2	3	297544	157
Mock_P02_2	3	297544	105
Mock_P02_2	3	297544	54
Mock_P02_2	3	297544	78
Mock_P02_2	3	297544	117
Mock_P02_2	3	297544	79
Mock_P02_2	3	297544	78
Mock_P02_2	3	297544	56
Mock_P02_2	3	297544	93
Mock_P02_2	3	297544	52
Mock_P02_2	3	297544	78
Mock_P02_2	3	297544	71
Mock_P02_2	3	297544	348
Mock_P02_2	3	297544	32
Mock_P02_2	3	297544	90
Mock_P02_2	3	297544	161
Mock_P02_2	3	297544	128
Mock_P02_2	3	297544	178
Mock_P02_2	3	297544	146
Mock_P02_2	3	297544	123
Mock_P02_2	3	297544	56
Mock_P02_2	3	297544	69
Mock_P02_2	3	297544	106
Mock_P02_2	3	297544	282
Mock_P02_2	3	297544	184
Mock_P02_2	3	297544	317
Mock_P02_2	3	297544	193
Mock_P02_2	3	297544	71
Mock_P02_2	3	297544	87
Mock_P02_2	3	297544	63
Mock_P02_2	3	297544	116
Mock_P02_2	3	297544	262
Mock_P02_2	3	297544	50
Mock_P02_2	3	297544	148
Mock_P02_2	3	297544	88
Mock_P02_2	3	297544	38
Mock_P02_2	3	297544	99
Mock_P02_2	3	297544	34
Mock_P02_2	3	297544	98
Mock_P02_2	3	297544	110
Mock_P02_2	3	297544	23
Mock_P02_2	3	297544	245
Mock_P02_2	3	297544	39
Mock_P02_2	3	297544	67
Mock_P02_2	3	297544	60
Mock_P02_2	3	297544	82
Mock_P02_2	3	297544	81
Mock_P02_2	3	297544	123
Mock_P02_2	4	322143	10
Mock_P02_2	4	322143	78
Mock_P02_2	4	322143	195
Mock_P02_2	4	322143	137
Mock_P02_2	4	322143	101
Mock_P02_2	4	322143	107
Mock_P02_2	4	322143	86
Mock_P02_2	4	322143	92
Mock_P02_2	4	322143	221
Mock_P02_2	4	322143	62
Mock_P02_2	4	322143	255
Mock_P02_2	4	322143	257
Mock_P02_2	4	322143	80
Mock_P02_2	4	322143	164
Mock_P02_2	4	322143	103
Mock_P02_2	4	322143	218
Mock_P02_2	4	322143	136
Mock_P02_2	4	322143	92
Mock_P02_2	4	322143	99
Mock_P02_2	4	322143	237
Mock_P02_2	4	322143	126
Mock_P02_2	4	322143	105
Mock_P02_2	4	322143	158
Mock_P02_2	4	322143	114
Mock_P02_2	4	322143	42
Mock_P02_2	4	322143	129
Mock_P02_2	4	322143	99
Mock_P02_2	4	322143	93
Mock_P02_2	4	322143	118
Mock_P02_2	4	322143	164
Mock_P02_2	4	322143	116
Mock_P02_2	4	322143	90
Mock_P02_2	4	322143	96
Mock_P02_2	4	322143	58
Mock_P02_2	4	322143	183
Mock_P02_2	4	322143	32
Mock_P02_2	4	322143	82
Mock_P02_2	4	322143	107
Mock_P02_2	4	322143	115
Mock_P02_2	4	322143	138
Mock_P02_2	4	322143	92
Mock_P02_2	4	322143	140
Mock_P02_2	4	322143	53
Mock_P02_2	4	322143	102
Mock_P02_2	4	322143	95
Mock_P02_2	4	322143	81
Mock_P02_2	4	322143	130
Mock_P02_2	4	322143	80
Mock_P02_2	4	322143	86
Mock_P02_2	4	322143	81
Mock_P02_2	4	322143	71
Mock_P02_2	4	322143	113
Mock_P02_2	4	322143	143
Mock_P02_2	4	322143	114
Mock_P02_2	4	322143	20
Mock_P02_2	4	322143	51
Mock_P02_2	4	322143	127
Mock_P02_2	4	322143	78
Mock_P02_2	4	322143	70
Mock_P02_2	4	322143	147
Mock_P02_2	4	322143	63
Mock_P02_2	4	322143	126
Mock_P02_2	4	322143	78
Mock_P02_2	4	322143	130
Mock_P02_2	4	322143	114
Mock_P02_2	4	322143	70
Mock_P02_2	4	322143	144
Mock_P02_2	4	322143	104
Mock_P02_2	4	322143	62
Mock_P02_2	4	322143	89
Mock_P02_2	4	322143	186
Mock_P02_2	4	322143	110
Mock_P02_2	4	322143	302
Mock_P02_2	4	322143	70
Mock_P02_2	4	322143	51
Mock_P02_2	4	322143	125
Mock_P02_2	4	322143	96
Mock_P02_2	4	322143	98
Mock_P02_2	4	322143	97
Mock_P02_2	4	322143	42
Mock_P02_2	4	322143	190
Mock_P02_2	4	322143	92
Mock_P02_2	4	322143	49
Mock_P02_2	4	322143	60
Mock_P02_2	4	322143	18
Mock_P02_2	4	322143	88
Mock_P02_2	4	322143	119
Mock_P02_2	4	322143	109
Mock_P02_2	4	322143	153
Mock_P02_2	4	322143	97
Mock_P02_2	4	322143	64
Mock_P02_2	4	322143	64
Mock_P02_2	4	322143	106
Mock_P02_2	4	322143	51
Mock_P02_2	4	322143	195
Mock_P02_2	4	322143	77
Mock_P02_2	4	322143	12
Mock_P02_2	4	322143	65
Mock_P02_2	4	322143	113
Mock_P02_2	4	322143	186
Mock_P02_2	4	322143	103
Mock_P02_2	4	322143	110
Mock_P02_2	4	322143	103
Mock_P02_2	4	322143	61
Mock_P02_2	4	322143	127
Mock_P02_2	4	322143	159
Mock_P02_2	4	322143	158
Mock_P02_2	4	322143	118
Mock_P02_2	4	322143	67
Mock_P02_2	4	322143	51
Mock_P02_2	4	322143	41
Mock_P02_2	4	322143	91
Mock_P02_2	4	322143	70
Mock_P02_2	4	322143	122
Mock_P02_2	4	322143	82
Mock_P02_2	4	322143	79
Mock_P02_2	4	322143	87
Mock_P02_2	4	322143	76
Mock_P02_2	4	322143	96
Mock_P02_2	4	322143	125
Mock_P02_2	4	322143	127
Mock_P02_2	4	322143	60
Mock_P02_2	4	322143	77
Mock_P02_2	4	322143	61
Mock_P02_2	4	322143	60
Mock_P02_2	4	322143	104
Mock_P02_2	4	322143	142
Mock_P02_2	4	322143	72
Mock_P02_2	4	322143	48
Mock_P02_2	4	322143	65
Mock_P02_2	4	322143	83
Mock_P02_2	4	322143	93
Mock_P02_2	4	322143	45
Mock_P02_2	4	322143	91
Mock_P02_2	4	322143	22
Mock_P02_2	4	322143	47
Mock_P02_2	4	322143	79
Mock_P02_2	4	322143	55
Mock_P02_2	4	322143	73
Mock_P02_2	4	322143	138
Mock_P02_2	4	322143	125
Mock_P02_2	4	322143	137
Mock_P02_2	4	322143	43
Mock_P02_2	4	322143	54
Mock_P02_2	4	322143	89
Mock_P02_2	4	322143	172
Mock_P02_2	4	322143	40
Mock_P02_2	4	322143	210
Mock_P02_2	4	322143	17
Mock_P02_2	4	322143	177
Mock_P02_2	4	322143	86
Mock_P02_2	4	322143	119
Mock_P02_2	4	322143	112
Mock_P02_2	4	322143	37
Mock_P02_2	4	322143	63
Mock_P02_2	4	322143	83
Mock_P02_2	4	322143	75
Mock_P02_2	4	322143	53
Mock_P02_2	4	322143	41
Mock_P02_2	4	322143	34
Mock_P02_2	5	335376	107
Mock_P02_2	5	335376	110
Mock_P02_2	5	335376	123
Mock_P02_2	5	335376	129
Mock_P02_2	5	335376	241
Mock_P02_2	5	335376	76
Mock_P02_2	5	335376	108
Mock_P02_2	5	335376	106
Mock_P02_2	5	335376	120
Mock_P02_2	5	335376	125
Mock_P02_2	5	335376	97
Mock_P02_2	5	335376	67
Mock_P02_2	5	335376	69
Mock_P02_2	5	335376	90
Mock_P02_2	5	335376	79
Mock_P02_2	5	335376	22
Mock_P02_2	5	335376	69
Mock_P02_2	5	335376	104
Mock_P02_2	5	335376	82
Mock_P02_2	5	335376	65
Mock_P02_2	5	335376	220
Mock_P02_2	5	335376	162
Mock_P02_2	5	335376	146
Mock_P02_2	5	335376	65
Mock_P02_2	5	335376	99
Mock_P02_2	5	335376	93
Mock_P02_2	5	335376	52
Mock_P02_2	5	335376	94
Mock_P02_2	5	335376	113
Mock_P02_2	5	335376	94
Mock_P02_2	5	335376	101
Mock_P02_2	5	335376	82
Mock_P02_2	5	335376	139
Mock_P02_2	5	335376	126
Mock_P02_2	5	335376	97
Mock_P02_2	5	335376	228
Mock_P02_2	5	335376	96
Mock_P02_2	5	335376	208
Mock_P02_2	5	335376	232
Mock_P02_2	5	335376	69
Mock_P02_2	5	335376	110
Mock_P02_2	5	335376	59
Mock_P02_2	5	335376	128
Mock_P02_2	5	335376	48
Mock_P02_2	5	335376	56
Mock_P02_2	5	335376	121
Mock_P02_2	5	335376	76
Mock_P02_2	5	335376	185
Mock_P02_2	5	335376	88
Mock_P02_2	5	335376	173
Mock_P02_2	5	335376	74
Mock_P02_2	5	335376	93
Mock_P02_2	5	335376	110
Mock_P02_2	5	335376	183
Mock_P02_2	5	335376	94
Mock_P02_2	5	335376	128
Mock_P02_2	5	335376	87
Mock_P02_2	5	335376	126
Mock_P02_2	5	335376	50
Mock_P02_2	5	335376	85
Mock_P02_2	5	335376	196
Mock_P02_2	5	335376	105
Mock_P02_2	5	335376	119
Mock_P02_2	5	335376	166
Mock_P02_2	5	335376	166
Mock_P02_2	5	335376	146
Mock_P02_2	5	335376	87
Mock_P02_2	5	335376	182
Mock_P02_2	5	335376	96
Mock_P02_2	5	335376	180
Mock_P02_2	5	335376	124
Mock_P02_2	5	335376	102
Mock_P02_2	5	335376	84
Mock_P02_2	5	335376	114
Mock_P02_2	5	335376	97
Mock_P02_2	5	335376	245
Mock_P02_2	5	335376	96
Mock_P02_2	5	335376	100
Mock_P02_2	5	335376	101
Mock_P02_2	5	335376	90
Mock_P02_2	5	335376	166
Mock_P02_2	5	335376	151
Mock_P02_2	5	335376	85
Mock_P02_2	5	335376	95
Mock_P02_2	5	335376	124
Mock_P02_2	5	335376	209
Mock_P02_2	5	335376	101
Mock_P02_2	5	335376	171
Mock_P02_2	5	335376	85
Mock_P02_2	5	335376	78
Mock_P02_2	5	335376	89
Mock_P02_2	5	335376	88
Mock_P02_2	5	335376	274
Mock_P02_2	5	335376	111
Mock_P02_2	5	335376	71
Mock_P02_2	5	335376	110
Mock_P02_2	5	335376	123
Mock_P02_2	5	335376	122
Mock_P02_2	5	335376	68
Mock_P02_2	5	335376	82
Mock_P02_2	5	335376	73
Mock_P02_2	5	335376	134
Mock_P02_2	5	335376	89
Mock_P02_2	5	335376	156
Mock_P02_2	5	335376	75
Mock_P02_2	5	335376	161
Mock_P02_2	5	335376	66
Mock_P02_2	5	335376	54
Mock_P02_2	5	335376	159
Mock_P02_2	5	335376	112
Mock_P02_2	5	335376	112
Mock_P02_2	5	335376	96
Mock_P02_2	5	335376	138
Mock_P02_2	5	335376	111
Mock_P02_2	5	335376	84
Mock_P02_2	5	335376	110
Mock_P02_2	5	335376	146
Mock_P02_2	5	335376	103
Mock_P02_2	5	335376	105
Mock_P02_2	5	335376	84
Mock_P02_2	5	335376	117
Mock_P02_2	5	335376	110
Mock_P02_2	5	335376	62
Mock_P02_2	5	335376	174
Mock_P02_2	5	335376	43
Mock_P02_2	5	335376	112
Mock_P02_2	5	335376	50
Mock_P02_2	5	335376	63
Mock_P02_2	5	335376	116
Mock_P02_2	5	335376	99
Mock_P02_2	5	335376	87
Mock_P02_2	5	335376	109
Mock_P02_2	5	335376	96
Mock_P02_2	5	335376	134
Mock_P02_2	5	335376	59
Mock_P02_2	5	335376	96
Mock_P02_2	5	335376	76
Mock_P02_2	5	335376	95
Mock_P02_2	5	335376	92
Mock_P02_2	5	335376	178
Mock_P02_2	5	335376	93
Mock_P02_2	5	335376	159
Mock_P02_2	5	335376	58
Mock_P02_2	5	335376	70
Mock_P02_2	5	335376	88
Mock_P02_2	5	335376	59
Mock_P02_2	5	335376	219
Mock_P02_2	5	335376	62
Mock_P02_2	5	335376	99
Mock_P02_2	5	335376	115
Mock_P02_2	5	335376	70
Mock_P02_2	5	335376	110
Mock_P02_2	5	335376	118
Mock_P02_2	5	335376	93
Mock_P02_2	5	335376	115
Mock_P02_2	5	335376	70
Mock_P02_2	5	335376	34
Mock_P02_2	5	335376	102
Mock_P02_2	5	335376	49
Mock_P02_2	5	335376	134
Mock_P02_2	5	335376	77
Mock_P02_2	5	335376	107
Mock_P02_2	5	335376	154
Mock_P02_2	5	335376	49
Mock_P02_2	5	335376	77
Mock_P02_2	5	335376	125
Mock_P02_2	5	335376	127
Mock_P02_2	5	335376	21
Mock_P02_2	5	335376	183
Mock_P02_2	5	335376	146
Mock_P02_2	5	335376	99
Mock_P02_2	5	335376	349
Mock_P02_2	5	335376	68
Mock_P02_2	5	335376	204
Mock_P02_2	5	335376	69
Mock_P02_2	5	335376	139
Mock_P02_2	5	335376	84
Mock_P02_2	5	335376	110
Mock_P02_2	5	335376	55
Mock_P02_2	5	335376	133
Mock_P02_2	5	335376	195
Mock_P02_2	5	335376	153
Mock_P02_2	5	335376	133
Mock_P02_2	5	335376	51
Mock_P02_2	5	335376	106
Mock_P02_2	5	335376	256
Mock_P02_2	5	335376	20
Mock_P02_2	5	335376	312
Mock_P02_2	5	335376	180
Mock_P02_2	5	335376	26
Mock_P02_2	5	335376	40
Mock_P02_2	5	335376	38
Mock_P02_2	6	294861	116
Mock_P02_2	6	294861	83
Mock_P02_2	6	294861	115
Mock_P02_2	6	294861	122
Mock_P02_2	6	294861	68
Mock_P02_2	6	294861	96
Mock_P02_2	6	294861	104
Mock_P02_2	6	294861	81
Mock_P02_2	6	294861	83
Mock_P02_2	6	294861	58
Mock_P02_2	6	294861	229
Mock_P02_2	6	294861	69
Mock_P02_2	6	294861	162
Mock_P02_2	6	294861	74
Mock_P02_2	6	294861	137
Mock_P02_2	6	294861	83
Mock_P02_2	6	294861	153
Mock_P02_2	6	294861	62
Mock_P02_2	6	294861	117
Mock_P02_2	6	294861	102
Mock_P02_2	6	294861	117
Mock_P02_2	6	294861	122
Mock_P02_2	6	294861	153
Mock_P02_2	6	294861	186
Mock_P02_2	6	294861	86
Mock_P02_2	6	294861	170
Mock_P02_2	6	294861	134
Mock_P02_2	6	294861	244
Mock_P02_2	6	294861	99
Mock_P02_2	6	294861	58
Mock_P02_2	6	294861	139
Mock_P02_2	6	294861	117
Mock_P02_2	6	294861	70
Mock_P02_2	6	294861	85
Mock_P02_2	6	294861	97
Mock_P02_2	6	294861	55
Mock_P02_2	6	294861	82
Mock_P02_2	6	294861	117
Mock_P02_2	6	294861	57
Mock_P02_2	6	294861	92
Mock_P02_2	6	294861	88
Mock_P02_2	6	294861	149
Mock_P02_2	6	294861	42
Mock_P02_2	6	294861	74
Mock_P02_2	6	294861	98
Mock_P02_2	6	294861	218
Mock_P02_2	6	294861	111
Mock_P02_2	6	294861	119
Mock_P02_2	6	294861	78
Mock_P02_2	6	294861	143
Mock_P02_2	6	294861	118
Mock_P02_2	6	294861	101
Mock_P02_2	6	294861	190
Mock_P02_2	6	294861	109
Mock_P02_2	6	294861	44
Mock_P02_2	6	294861	139
Mock_P02_2	6	294861	186
Mock_P02_2	6	294861	95
Mock_P02_2	6	294861	80
Mock_P02_2	6	294861	82
Mock_P02_2	6	294861	109
Mock_P02_2	6	294861	77
Mock_P02_2	6	294861	119
Mock_P02_2	6	294861	78
Mock_P02_2	6	294861	86
Mock_P02_2	6	294861	40
Mock_P02_2	6	294861	114
Mock_P02_2	6	294861	66
Mock_P02_2	6	294861	76
Mock_P02_2	6	294861	168
Mock_P02_2	6	294861	48
Mock_P02_2	6	294861	93
Mock_P02_2	6	294861	84
Mock_P02_2	6	294861	80
Mock_P02_2	6	294861	51
Mock_P02_2	6	294861	199
Mock_P02_2	6	294861	97
Mock_P02_2	6	294861	33
Mock_P02_2	6	294861	76
Mock_P02_2	6	294861	64
Mock_P02_2	6	294861	78
Mock_P02_2	6	294861	69
Mock_P02_2	6	294861	76
Mock_P02_2	6	294861	122
Mock_P02_2	6	294861	89
Mock_P02_2	6	294861	117
Mock_P02_2	6	294861	213
Mock_P02_2	6	294861	59
Mock_P02_2	6	294861	51
Mock_P02_2	6	294861	58
Mock_P02_2	6	294861	100
Mock_P02_2	6	294861	81
Mock_P02_2	6	294861	62
Mock_P02_2	6	294861	31
Mock_P02_2	6	294861	43
Mock_P02_2	6	294861	47
Mock_P02_2	6	294861	93
Mock_P02_2	6	294861	35
Mock_P02_2	6	294861	67
Mock_P02_2	6	294861	129
Mock_P02_2	6	294861	36
Mock_P02_2	6	294861	105
Mock_P02_2	6	294861	64
Mock_P02_2	6	294861	29
Mock_P02_2	6	294861	44
Mock_P02_2	6	294861	110
Mock_P02_2	6	294861	227
Mock_P02_2	6	294861	45
Mock_P02_2	6	294861	12
Mock_P02_2	6	294861	26
Mock_P02_2	6	294861	86
Mock_P02_2	6	294861	45
Mock_P02_2	6	294861	35
Mock_P02_2	6	294861	22
Mock_P02_2	6	294861	12
Mock_P02_2	6	294861	87
Mock_P02_2	6	294861	54
Mock_P02_2	6	294861	91
Mock_P02_2	6	294861	136
Mock_P02_2	6	294861	31
Mock_P02_2	6	294861	78
Mock_P02_2	6	294861	123
Mock_P02_2	6	294861	79
Mock_P02_2	6	294861	58
Mock_P02_2	6	294861	39
Mock_P02_2	6	294861	41
Mock_P02_2	6	294861	69
Mock_P02_2	6	294861	53
Mock_P02_2	6	294861	83
Mock_P02_2	6	294861	48
Mock_P02_2	6	294861	58
Mock_P02_2	6	294861	51
Mock_P02_2	6	294861	47
Mock_P02_2	6	294861	64
Mock_P02_2	6	294861	136
Mock_P02_2	6	294861	107
Mock_P02_2	6	294861	38
Mock_P02_2	6	294861	55
Mock_P02_2	6	294861	60
Mock_P02_2	6	294861	60
Mock_P02_2	6	294861	104
Mock_P02_2	6	294861	50
Mock_P02_2	6	294861	58
Mock_P02_2	6	294861	57
Mock_P02_2	6	294861	129
Mock_P02_2	6	294861	51
Mock_P02_2	6	294861	47
Mock_P02_2	6	294861	88
Mock_P02_2	6	294861	42
Mock_P02_2	6	294861	56
Mock_P02_2	6	294861	48
Mock_P02_2	6	294861	83
Mock_P02_2	6	294861	58
Mock_P02_2	6	294861	20
Mock_P02_2	6	294861	101
Mock_P02_2	6	294861	64
Mock_P02_2	6	294861	46
Mock_P02_2	6	294861	178
Mock_P02_2	6	294861	100
Mock_P02_2	6	294861	57
Mock_P02_2	6	294861	100
Mock_P02_2	6	294861	43
Mock_P02_2	6	294861	62
Mock_P02_2	6	294861	38
Mock_P02_2	6	294861	72
Mock_P02_2	6	294861	12
Mock_P02_2	6	294861	140
Mock_P02_2	6	294861	215
Mock_P02_2	6	294861	54
Mock_P02_2	6	294861	85
Mock_P02_2	6	294861	95
Mock_P02_2	6	294861	17
Mock_P02_2	6	294861	85
Mock_P02_2	6	294861	68
Mock_P02_2	6	294861	38
Mock_P02_2	6	294861	89
Mock_P02_2	6	294861	31
Mock_P02_2	6	294861	64
Mock_P02_2	6	294861	45
Mock_P02_2	6	294861	85
Mock_P02_2	6	294861	90
Mock_P02_2	6	294861	78
Mock_P02_2	6	294861	39
Mock_P02_2	6	294861	41
Mock_P02_2	7	292363	72
Mock_P02_2	7	292363	113
Mock_P02_2	7	292363	55
Mock_P02_2	7	292363	99
Mock_P02_2	7	292363	85
Mock_P02_2	7	292363	114
Mock_P02_2	7	292363	43
Mock_P02_2	7	292363	143
Mock_P02_2	7	292363	36
Mock_P02_2	7	292363	76
Mock_P02_2	7	292363	87
Mock_P02_2	7	292363	98
Mock_P02_2	7	292363	128
Mock_P02_2	7	292363	92
Mock_P02_2	7	292363	210
Mock_P02_2	7	292363	65
Mock_P02_2	7	292363	89
Mock_P02_2	7	292363	63
Mock_P02_2	7	292363	87
Mock_P02_2	7	292363	93
Mock_P02_2	7	292363	91
Mock_P02_2	7	292363	59
Mock_P02_2	7	292363	123
Mock_P02_2	7	292363	74
Mock_P02_2	7	292363	99
Mock_P02_2	7	292363	128
Mock_P02_2	7	292363	27
Mock_P02_2	7	292363	60
Mock_P02_2	7	292363	150
Mock_P02_2	7	292363	123
Mock_P02_2	7	292363	106
Mock_P02_2	7	292363	80
Mock_P02_2	7	292363	136
Mock_P02_2	7	292363	73
Mock_P02_2	7	292363	102
Mock_P02_2	7	292363	111
Mock_P02_2	7	292363	29
Mock_P02_2	7	292363	29
Mock_P02_2	7	292363	104
Mock_P02_2	7	292363	93
Mock_P02_2	7	292363	86
Mock_P02_2	7	292363	81
Mock_P02_2	7	292363	61
Mock_P02_2	7	292363	15
Mock_P02_2	7	292363	56
Mock_P02_2	7	292363	118
Mock_P02_2	7	292363	98
Mock_P02_2	7	292363	70
Mock_P02_2	7	292363	19
Mock_P02_2	7	292363	87
Mock_P02_2	7	292363	97
Mock_P02_2	7	292363	77
Mock_P02_2	7	292363	81
Mock_P02_2	7	292363	105
Mock_P02_2	7	292363	64
Mock_P02_2	7	292363	20
Mock_P02_2	7	292363	79
Mock_P02_2	7	292363	104
Mock_P02_2	7	292363	81
Mock_P02_2	7	292363	145
Mock_P02_2	7	292363	58
Mock_P02_2	7	292363	66
Mock_P02_2	7	292363	13
Mock_P02_2	7	292363	197
Mock_P02_2	7	292363	156
Mock_P02_2	7	292363	21
Mock_P02_2	7	292363	101
Mock_P02_2	7	292363	24
Mock_P02_2	7	292363	170
Mock_P02_2	7	292363	110
Mock_P02_2	7	292363	59
Mock_P02_2	7	292363	41
Mock_P02_2	7	292363	91
Mock_P02_2	7	292363	94
Mock_P02_2	7	292363	82
Mock_P02_2	7	292363	64
Mock_P02_2	7	292363	53
Mock_P02_2	7	292363	117
Mock_P02_2	7	292363	74
Mock_P02_2	7	292363	13
Mock_P02_2	7	292363	59
Mock_P02_2	7	292363	60
Mock_P02_2	7	292363	78
Mock_P02_2	7	292363	81
Mock_P02_2	7	292363	26
Mock_P02_2	7	292363	51
Mock_P02_2	7	292363	126
Mock_P02_2	7	292363	70
Mock_P02_2	7	292363	45
Mock_P02_2	7	292363	49
Mock_P02_2	7	292363	13
Mock_P02_2	7	292363	41
Mock_P02_2	7	292363	21
Mock_P02_2	7	292363	109
Mock_P02_2	7	292363	74
Mock_P02_2	7	292363	38
Mock_P02_2	7	292363	29
Mock_P02_2	7	292363	77
Mock_P02_2	7	292363	79
Mock_P02_2	7	292363	38
Mock_P02_2	7	292363	181
Mock_P02_2	7	292363	55
Mock_P02_2	7	292363	179
Mock_P02_2	7	292363	76
Mock_P02_2	7	292363	61
Mock_P02_2	7	292363	63
Mock_P02_2	7	292363	51
Mock_P02_2	7	292363	74
Mock_P02_2	7	292363	89
Mock_P02_2	7	292363	72
Mock_P02_2	7	292363	37
Mock_P02_2	7	292363	57
Mock_P02_2	7	292363	52
Mock_P02_2	7	292363	135
Mock_P02_2	7	292363	81
Mock_P02_2	7	292363	48
Mock_P02_2	7	292363	52
Mock_P02_2	7	292363	57
Mock_P02_2	7	292363	143
Mock_P02_2	7	292363	54
Mock_P02_2	7	292363	80
Mock_P02_2	7	292363	44
Mock_P02_2	7	292363	109
Mock_P02_2	7	292363	53
Mock_P02_2	7	292363	75
Mock_P02_2	7	292363	49
Mock_P02_2	7	292363	62
Mock_P02_2	7	292363	88
Mock_P02_2	7	292363	68
Mock_P02_2	7	292363	108
Mock_P02_2	7	292363	65
Mock_P02_2	8	146492	137
Mock_P02_2	8	146492	34
Mock_P02_2	8	146492	52
Mock_P02_2	8	146492	18
Mock_P02_2	8	146492	64
Mock_P02_2	8	146492	32
Mock_P02_2	8	146492	62
Mock_P02_2	8	146492	66
Mock_P02_2	8	146492	18
Mock_P02_2	8	146492	67
Mock_P02_2	8	146492	69
Mock_P02_2	8	146492	74
Mock_P02_2	8	146492	80
Mock_P02_2	8	146492	69
Mock_P02_2	8	146492	32
Mock_P02_2	8	146492	147
Mock_P02_2	8	146492	76
Mock_P02_2	8	146492	73
Mock_P02_2	8	146492	71
Mock_P02_2	8	146492	37
Mock_P02_2	8	146492	51
Mock_P02_2	8	146492	43
Mock_P02_2	8	146492	15
Mock_P02_2	8	146492	59
Mock_P02_2	8	146492	74
Mock_P02_2	8	146492	34
Mock_P02_2	8	146492	162
Mock_P02_2	8	146492	65
Mock_P02_2	8	146492	48
Mock_P02_2	8	146492	35
Mock_P02_2	8	146492	79
Mock_P02_2	8	146492	85
Mock_P02_2	8	146492	45
Mock_P02_2	8	146492	75
Mock_P02_2	8	146492	88
Mock_P02_2	8	146492	113
Mock_P02_2	8	146492	87
Mock_P02_2	8	146492	65
Mock_P02_2	8	146492	53
Mock_P02_2	8	146492	36
Mock_P02_2	8	146492	98
Mock_P02_2	8	146492	86
Mock_P02_2	8	146492	85
Mock_P02_2	8	146492	123
Mock_P02_2	8	146492	34
Mock_P02_2	8	146492	56
Mock_P02_2	8	146492	68
Mock_P02_2	8	146492	53
Mock_P02_2	8	146492	91
Mock_P02_2	8	146492	62
Mock_P02_2	8	146492	26
Mock_P02_2	8	146492	53
Mock_P02_2	8	146492	34
Mock_P02_2	8	146492	35
Mock_P02_2	8	146492	56
Mock_P02_2	8	146492	89
Mock_P02_2	8	146492	15
Mock_P02_2	8	146492	101
Mock_P02_2	8	146492	90
Mock_P02_2	8	146492	82
Mock_P02_2	8	146492	70
Mock_P02_2	8	146492	54
Mock_P02_2	8	146492	75
Mock_P02_2	8	146492	27
Mock_P02_2	8	146492	93
Mock_P02_2	8	146492	124
Mock_P02_2	8	146492	58
Mock_P02_2	8	146492	71
Mock_P02_2	8	146492	48
Mock_P02_2	8	146492	23
Mock_P02_2	8	146492	93
Mock_P02_2	8	146492	49
Mock_P02_2	8	146492	96
Mock_P02_2	9	293798	88
Mock_P02_2	9	293798	61
Mock_P02_2	9	293798	46
Mock_P02_2	9	293798	80
Mock_P02_2	9	293798	153
Mock_P02_2	9	293798	82
Mock_P02_2	9	293798	90
Mock_P02_2	9	293798	66
Mock_P02_2	9	293798	109
Mock_P02_2	9	293798	101
Mock_P02_2	9	293798	97
Mock_P02_2	9	293798	78
Mock_P02_2	9	293798	43
Mock_P02_2	9	293798	83
Mock_P02_2	9	293798	179
Mock_P02_2	9	293798	63
Mock_P02_2	9	293798	86
Mock_P02_2	9	293798	46
Mock_P02_2	9	293798	64
Mock_P02_2	9	293798	85
Mock_P02_2	9	293798	73
Mock_P02_2	9	293798	37
Mock_P02_2	9	293798	48
Mock_P02_2	9	293798	106
Mock_P02_2	9	293798	66
Mock_P02_2	9	293798	93
Mock_P02_2	9	293798	60
Mock_P02_2	9	293798	78
Mock_P02_2	9	293798	111
Mock_P02_2	9	293798	64
Mock_P02_2	9	293798	47
Mock_P02_2	9	293798	44
Mock_P02_2	9	293798	66
Mock_P02_2	9	293798	57
Mock_P02_2	9	293798	147
Mock_P02_2	9	293798	71
Mock_P02_2	9	293798	200
Mock_P02_2	9	293798	16
Mock_P02_2	9	293798	81
Mock_P02_2	9	293798	228
Mock_P02_2	9	293798	152
Mock_P02_2	9	293798	46
Mock_P02_2	9	293798	179
Mock_P02_2	9	293798	22
Mock_P02_2	9	293798	62
Mock_P02_2	9	293798	218
Mock_P02_2	9	293798	59
Mock_P02_2	9	293798	82
Mock_P02_2	9	293798	52
Mock_P02_2	9	293798	79
Mock_P02_2	9	293798	41
Mock_P02_2	9	293798	60
Mock_P02_2	9	293798	146
Mock_P02_2	9	293798	96
Mock_P02_2	9	293798	114
Mock_P02_2	9	293798	166
Mock_P02_2	9	293798	79
Mock_P02_2	9	293798	99
Mock_P02_2	9	293798	44
Mock_P02_2	9	293798	171
Mock_P02_2	9	293798	79
Mock_P02_2	9	293798	96
Mock_P02_2	9	293798	54
Mock_P02_2	9	293798	107
Mock_P02_2	9	293798	93
Mock_P02_2	9	293798	35
Mock_P02_2	9	293798	88
Mock_P02_2	9	293798	156
Mock_P02_2	9	293798	72
Mock_P02_2	9	293798	77
Mock_P02_2	9	293798	132
Mock_P02_2	9	293798	52
Mock_P02_2	9	293798	136
Mock_P02_2	9	293798	90
Mock_P02_2	9	293798	66
Mock_P02_2	9	293798	90
Mock_P02_2	9	293798	15
Mock_P02_2	9	293798	200
Mock_P02_2	9	293798	97
Mock_P02_2	9	293798	55
Mock_P02_2	9	293798	105
Mock_P02_2	9	293798	97
Mock_P02_2	9	293798	63
Mock_P02_2	9	293798	77
Mock_P02_2	9	293798	134
Mock_P02_2	9	293798	77
Mock_P02_2	9	293798	71
Mock_P02_2	9	293798	238
Mock_P02_2	9	293798	66
Mock_P02_2	9	293798	91
Mock_P02_2	9	293798	91
Mock_P02_2	9	293798	107
Mock_P02_2	9	293798	95
Mock_P02_2	9	293798	112
Mock_P02_2	9	293798	188
Mock_P02_2	9	293798	32
Mock_P02_2	9	293798	101
Mock_P02_2	9	293798	235
Mock_P02_2	9	293798	177
Mock_P02_2	9	293798	59
Mock_P02_2	9	293798	124
Mock_P02_2	9	293798	97
Mock_P02_2	9	293798	112
Mock_P02_2	9	293798	60
Mock_P02_2	9	293798	67
Mock_P02_2	9	293798	61
Mock_P02_2	9	293798	42
Mock_P02_2	9	293798	84
Mock_P02_2	9	293798	218
Mock_P02_2	9	293798	49
Mock_P02_2	9	293798	35
Mock_P02_2	9	293798	95
Mock_P02_2	9	293798	30
Mock_P02_2	9	293798	72
Mock_P02_2	9	293798	103
Mock_P02_2	9	293798	57
Mock_P02_2	9	293798	79
Mock_P02_2	9	293798	21
Mock_P02_2	9	293798	73
Mock_P02_2	9	293798	48
Mock_P02_2	9	293798	100
Mock_P02_2	9	293798	98
Mock_P02_2	9	293798	66
Mock_P02_2	9	293798	115
Mock_P02_2	9	293798	11
Mock_P02_2	9	293798	56
Mock_P02_2	9	293798	107
Mock_P02_2	9	293798	30
Mock_P02_2	9	293798	31
Mock_P02_2	9	293798	77
Mock_P02_2	9	293798	92
Mock_P02_2	9	293798	87
Mock_P02_2	9	293798	58
Mock_P02_2	9	293798	146
Mock_P02_2	9	293798	96
Mock_P02_2	9	293798	24
Mock_P02_2	9	293798	64
Mock_P02_2	9	293798	87
Mock_P02_2	9	293798	76
Mock_P02_2	9	293798	97
Mock_P02_2	9	293798	71
Mock_P02_2	9	293798	48
Mock_P02_2	9	293798	144
Mock_P02_2	9	293798	37
Mock_P02_2	9	293798	72
Mock_P02_2	9	293798	90
Mock_P02_2	9	293798	49
Mock_P02_2	9	293798	47
Mock_P02_2	9	293798	36
Mock_P02_2	9	293798	33
Mock_P02_2	9	293798	77
Mock_P02_2	9	293798	65
Mock_P02_2	9	293798	64
Mock_P02_2	9	293798	74
Mock_P02_2	9	293798	64
Mock_P02_2	9	293798	104
Mock_P02_2	9	293798	68
Mock_P02_2	9	293798	49
Mock_P02_2	9	293798	49
Mock_P02_2	9	293798	29
Mock_P02_2	9	293798	58
Mock_P02_2	9	293798	74
Mock_P02_2	9	293798	17
Mock_P02_2	9	293798	61
Mock_P02_2	9	293798	36
Mock_P02_2	9	293798	64
Mock_P02_2	9	293798	54
Mock_P02_2	9	293798	65
Mock_P02_2	9	293798	133
Mock_P02_2	9	293798	20
Mock_P02_2	10	336471	46
Mock_P02_2	10	336471	52
Mock_P02_2	10	336471	64
Mock_P02_2	10	336471	44
Mock_P02_2	10	336471	47
Mock_P02_2	10	336471	87
Mock_P02_2	10	336471	59
Mock_P02_2	10	336471	143
Mock_P02_2	10	336471	72
Mock_P02_2	10	336471	85
Mock_P02_2	10	336471	45
Mock_P02_2	10	336471	45
Mock_P02_2	10	336471	33
Mock_P02_2	10	336471	30
Mock_P02_2	10	336471	87
Mock_P02_2	10	336471	92
Mock_P02_2	10	336471	51
Mock_P02_2	10	336471	46
Mock_P02_2	10	336471	38
Mock_P02_2	10	336471	42
Mock_P02_2	10	336471	75
Mock_P02_2	10	336471	126
Mock_P02_2	10	336471	17
Mock_P02_2	10	336471	109
Mock_P02_2	10	336471	25
Mock_P02_2	10	336471	28
Mock_P02_2	10	336471	47
Mock_P02_2	10	336471	32
Mock_P02_2	10	336471	43
Mock_P02_2	10	336471	55
Mock_P02_2	10	336471	17
Mock_P02_2	10	336471	81
Mock_P02_2	10	336471	144
Mock_P02_2	10	336471	70
Mock_P02_2	10	336471	78
Mock_P02_2	10	336471	31
Mock_P02_2	10	336471	44
Mock_P02_2	10	336471	36
Mock_P02_2	10	336471	46
Mock_P02_2	10	336471	117
Mock_P02_2	10	336471	33
Mock_P02_2	10	336471	34
Mock_P02_2	10	336471	38
Mock_P02_2	10	336471	31
Mock_P02_2	10	336471	36
Mock_P02_2	10	336471	34
Mock_P02_2	10	336471	62
Mock_P02_2	10	336471	19
Mock_P02_2	10	336471	44
Mock_P02_2	10	336471	41
Mock_P02_2	10	336471	12
Mock_P02_2	10	336471	29
Mock_P02_2	10	336471	39
Mock_P02_2	10	336471	119
Mock_P02_2	10	336471	36
Mock_P02_2	10	336471	62
Mock_P02_2	10	336471	58
Mock_P02_2	10	336471	52
Mock_P02_2	10	336471	113
Mock_P02_2	10	336471	58
Mock_P02_2	10	336471	104
Mock_P02_2	10	336471	67
Mock_P02_2	10	336471	59
Mock_P02_2	10	336471	113
Mock_P02_2	10	336471	48
Mock_P02_2	10	336471	48
Mock_P02_2	10	336471	62
Mock_P02_2	10	336471	132
Mock_P02_2	10	336471	98
Mock_P02_2	10	336471	20
Mock_P02_2	10	336471	95
Mock_P02_2	10	336471	102
Mock_P02_2	10	336471	72
Mock_P02_2	10	336471	89
Mock_P02_2	10	336471	81
Mock_P02_2	10	336471	74
Mock_P02_2	10	336471	92
Mock_P02_2	10	336471	17
Mock_P02_2	10	336471	72
Mock_P02_2	10	336471	46
Mock_P02_2	10	336471	41
Mock_P02_2	10	336471	48
Mock_P02_2	10	336471	41
Mock_P02_2	10	336471	51
Mock_P02_2	10	336471	16
Mock_P02_2	10	336471	80
Mock_P02_2	10	336471	106
Mock_P02_2	10	336471	82
Mock_P02_2	10	336471	64
Mock_P02_2	10	336471	85
Mock_P02_2	10	336471	33
Mock_P02_2	10	336471	129
Mock_P02_2	10	336471	70
Mock_P02_2	10	336471	82
Mock_P02_2	10	336471	91
Mock_P02_2	10	336471	19
Mock_P02_2	10	336471	53
Mock_P02_2	10	336471	70
Mock_P02_2	10	336471	83
Mock_P02_2	10	336471	37
Mock_P02_2	10	336471	53
Mock_P02_2	10	336471	17
Mock_P02_2	10	336471	81
Mock_P02_2	10	336471	51
Mock_P02_2	10	336471	69
Mock_P02_2	10	336471	83
Mock_P02_2	10	336471	43
Mock_P02_2	10	336471	62
Mock_P02_2	10	336471	45
Mock_P02_2	10	336471	123
Mock_P02_2	10	336471	18
Mock_P02_2	10	336471	71
Mock_P02_2	10	336471	57
Mock_P02_2	10	336471	36
Mock_P02_2	10	336471	97
Mock_P02_2	10	336471	31
Mock_P02_2	10	336471	162
Mock_P02_2	10	336471	75
Mock_P02_2	10	336471	12
Mock_P02_2	10	336471	62
Mock_P02_2	10	336471	61
Mock_P02_2	10	336471	97
Mock_P02_2	10	336471	19
Mock_P02_2	10	336471	57
Mock_P02_2	10	336471	142
Mock_P02_2	10	336471	47
Mock_P02_2	10	336471	24
Mock_P02_2	10	336471	102
Mock_P02_2	10	336471	50
Mock_P02_2	10	336471	94
Mock_P02_2	10	336471	163
Mock_P02_2	10	336471	111
Mock_P02_2	10	336471	24
Mock_P02_2	10	336471	58
Mock_P02_2	10	336471	49
Mock_P02_2	10	336471	32
Mock_P02_2	10	336471	62
Mock_P02_2	10	336471	47
Mock_P02_2	10	336471	62
Mock_P02_2	10	336471	95
Mock_P02_2	10	336471	116
Mock_P02_2	10	336471	82
Mock_P02_2	10	336471	33
Mock_P02_2	10	336471	42
Mock_P02_2	10	336471	76
Mock_P02_2	10	336471	57
Mock_P02_2	10	336471	46
Mock_P02_2	10	336471	102
Mock_P02_2	10	336471	58
Mock_P02_2	10	336471	71
Mock_P02_2	10	336471	175
Mock_P02_2	10	336471	56
Mock_P02_2	10	336471	32
Mock_P02_2	10	336471	28
Mock_P02_2	10	336471	28
Mock_P02_2	10	336471	54
Mock_P02_2	10	336471	91
Mock_P02_2	10	336471	40
Mock_P02_2	10	336471	44
Mock_P02_2	10	336471	106
Mock_P02_2	10	336471	119
Mock_P02_2	10	336471	140
Mock_P02_2	10	336471	32
Mock_P02_2	10	336471	32
Mock_P02_2	10	336471	101
Mock_P02_2	10	336471	23
Mock_P02_2	10	336471	42
Mock_P02_2	10	336471	84
Mock_P02_2	10	336471	71
Mock_P02_2	10	336471	25
Mock_P02_2	10	336471	62
Mock_P02_2	10	336471	96
Mock_P02_2	10	336471	97
Mock_P02_2	10	336471	49
Mock_P02_2	10	336471	76
Mock_P02_2	10	336471	60
Mock_P02_2	10	336471	82
Mock_P02_2	10	336471	115
Mock_P02_2	10	336471	25
Mock_P02_2	10	336471	51
Mock_P02_2	10	336471	80
Mock_P02_2	10	336471	88
Mock_P02_2	10	336471	65
Mock_P02_2	10	336471	62
Mock_P02_2	10	336471	48
Mock_P02_2	10	336471	69
Mock_P02_2	11	313750	50
Mock_P02_2	11	313750	89
Mock_P02_2	11	313750	54
Mock_P02_2	11	313750	50
Mock_P02_2	11	313750	80
Mock_P02_2	11	313750	99
Mock_P02_2	11	313750	340
Mock_P02_2	11	313750	43
Mock_P02_2	11	313750	141
Mock_P02_2	11	313750	94
Mock_P02_2	11	313750	76
Mock_P02_2	11	313750	78
Mock_P02_2	11	313750	87
Mock_P02_2	11	313750	76
Mock_P02_2	11	313750	85
Mock_P02_2	11	313750	95
Mock_P02_2	11	313750	72
Mock_P02_2	11	313750	130
Mock_P02_2	11	313750	62
Mock_P02_2	11	313750	106
Mock_P02_2	11	313750	85
Mock_P02_2	11	313750	90
Mock_P02_2	11	313750	86
Mock_P02_2	11	313750	45
Mock_P02_2	11	313750	56
Mock_P02_2	11	313750	34
Mock_P02_2	11	313750	143
Mock_P02_2	11	313750	71
Mock_P02_2	11	313750	65
Mock_P02_2	11	313750	64
Mock_P02_2	11	313750	29
Mock_P02_2	11	313750	23
Mock_P02_2	11	313750	60
Mock_P02_2	11	313750	134
Mock_P02_2	11	313750	14
Mock_P02_2	11	313750	35
Mock_P02_2	11	313750	46
Mock_P02_2	11	313750	91
Mock_P02_2	11	313750	54
Mock_P02_2	11	313750	129
Mock_P02_2	11	313750	66
Mock_P02_2	11	313750	98
Mock_P02_2	11	313750	164
Mock_P02_2	11	313750	94
Mock_P02_2	11	313750	109
Mock_P02_2	11	313750	66
Mock_P02_2	11	313750	99
Mock_P02_2	11	313750	66
Mock_P02_2	11	313750	66
Mock_P02_2	11	313750	86
Mock_P02_2	11	313750	89
Mock_P02_2	11	313750	47
Mock_P02_2	11	313750	77
Mock_P02_2	11	313750	14
Mock_P02_2	11	313750	50
Mock_P02_2	11	313750	77
Mock_P02_2	11	313750	41
Mock_P02_2	11	313750	101
Mock_P02_2	11	313750	124
Mock_P02_2	11	313750	129
Mock_P02_2	11	313750	110
Mock_P02_2	11	313750	66
Mock_P02_2	11	313750	147
Mock_P02_2	11	313750	63
Mock_P02_2	11	313750	98
Mock_P02_2	11	313750	60
Mock_P02_2	11	313750	68
Mock_P02_2	11	313750	54
Mock_P02_2	11	313750	84
Mock_P02_2	11	313750	53
Mock_P02_2	11	313750	60
Mock_P02_2	11	313750	75
Mock_P02_2	11	313750	121
Mock_P02_2	11	313750	88
Mock_P02_2	11	313750	16
Mock_P02_2	11	313750	163
Mock_P02_2	11	313750	75
Mock_P02_2	11	313750	89
Mock_P02_2	11	313750	63
Mock_P02_2	11	313750	110
Mock_P02_2	11	313750	131
Mock_P02_2	11	313750	116
Mock_P02_2	11	313750	20
Mock_P02_2	11	313750	96
Mock_P02_2	11	313750	149
Mock_P02_2	11	313750	150
Mock_P02_2	11	313750	92
Mock_P02_2	11	313750	59
Mock_P02_2	11	313750	116
Mock_P02_2	11	313750	96
Mock_P02_2	11	313750	70
Mock_P02_2	11	313750	108
Mock_P02_2	11	313750	117
Mock_P02_2	11	313750	180
Mock_P02_2	11	313750	98
Mock_P02_2	11	313750	68
Mock_P02_2	11	313750	249
Mock_P02_2	11	313750	203
Mock_P02_2	11	313750	20
Mock_P02_2	11	313750	77
Mock_P02_2	11	313750	158
Mock_P02_2	11	313750	158
Mock_P02_2	11	313750	10
Mock_P02_2	11	313750	139
Mock_P02_2	11	313750	123
Mock_P02_2	11	313750	187
Mock_P02_2	11	313750	168
Mock_P02_2	11	313750	78
Mock_P02_2	11	313750	87
Mock_P02_2	11	313750	53
Mock_P02_2	11	313750	117
Mock_P02_2	11	313750	92
Mock_P02_2	11	313750	86
Mock_P02_2	11	313750	423
Mock_P02_2	11	313750	133
Mock_P02_2	11	313750	119
Mock_P02_2	11	313750	65
Mock_P02_2	11	313750	115
Mock_P02_2	11	313750	76
Mock_P02_2	11	313750	73
Mock_P02_2	12	207044	15
Mock_P02_2	12	207044	48
Mock_P02_2	12	207044	66
Mock_P02_2	12	207044	22
Mock_P02_2	12	207044	86
Mock_P02_2	12	207044	55
Mock_P02_2	12	207044	106
Mock_P02_2	12	207044	74
Mock_P02_2	12	207044	36
Mock_P02_2	12	207044	105
Mock_P02_2	12	207044	36
Mock_P02_2	12	207044	73
Mock_P02_2	12	207044	92
Mock_P02_2	12	207044	151
Mock_P02_2	12	207044	38
Mock_P02_2	12	207044	93
Mock_P02_2	12	207044	229
Mock_P02_2	12	207044	93
Mock_P02_2	12	207044	83
Mock_P02_2	12	207044	48
Mock_P02_2	12	207044	321
Mock_P02_2	12	207044	37
Mock_P02_2	12	207044	50
Mock_P02_2	12	207044	37
Mock_P02_2	12	207044	49
Mock_P02_2	12	207044	84
Mock_P02_2	12	207044	151
Mock_P02_2	12	207044	77
Mock_P02_2	12	207044	44
Mock_P02_2	12	207044	114
Mock_P02_2	12	207044	62
Mock_P02_2	12	207044	39
Mock_P02_2	12	207044	105
Mock_P02_2	12	207044	200
Mock_P02_2	12	207044	106
Mock_P02_2	12	207044	60
Mock_P02_2	12	207044	66
Mock_P02_2	12	207044	201
Mock_P02_2	12	207044	76
Mock_P02_2	12	207044	36
Mock_P02_2	12	207044	36
Mock_P02_2	12	207044	93
Mock_P02_2	12	207044	128
Mock_P02_2	12	207044	105
Mock_P02_2	12	207044	54
Mock_P02_2	12	207044	103
Mock_P02_2	12	207044	19
Mock_P02_2	12	207044	119
Mock_P02_2	12	207044	100
Mock_P02_2	12	207044	38
Mock_P02_2	12	207044	33
Mock_P02_2	12	207044	74
Mock_P02_2	12	207044	74
Mock_P02_2	12	207044	96
Mock_P02_2	12	207044	164
Mock_P02_2	12	207044	74
Mock_P02_2	12	207044	88
Mock_P02_2	12	207044	80
Mock_P02_2	12	207044	72
Mock_P02_2	12	207044	98
Mock_P02_2	12	207044	57
Mock_P02_2	12	207044	82
Mock_P02_2	12	207044	92
Mock_P02_2	12	207044	210
Mock_P02_2	12	207044	59
Mock_P02_2	12	207044	59
Mock_P02_2	12	207044	20
Mock_P02_2	12	207044	81
Mock_P02_2	12	207044	64
Mock_P02_2	12	207044	71
Mock_P02_2	12	207044	95
Mock_P02_2	12	207044	246
Mock_P02_2	12	207044	103
Mock_P02_2	12	207044	71
Mock_P02_2	12	207044	70
Mock_P02_2	12	207044	26
Mock_P02_2	12	207044	134
Mock_P02_2	12	207044	60
Mock_P02_2	12	207044	41
Mock_P02_2	12	207044	173
Mock_P02_2	12	207044	266
Mock_P02_2	13	302434	141
Mock_P02_2	13	302434	59
Mock_P02_2	13	302434	67
Mock_P02_2	13	302434	139
Mock_P02_2	13	302434	78
Mock_P02_2	13	302434	156
Mock_P02_2	13	302434	87
Mock_P02_2	13	302434	78
Mock_P02_2	13	302434	69
Mock_P02_2	13	302434	225
Mock_P02_2	13	302434	57
Mock_P02_2	13	302434	92
Mock_P02_2	13	302434	199
Mock_P02_2	13	302434	79
Mock_P02_2	13	302434	52
Mock_P02_2	13	302434	88
Mock_P02_2	13	302434	43
Mock_P02_2	13	302434	78
Mock_P02_2	13	302434	52
Mock_P02_2	13	302434	76
Mock_P02_2	13	302434	114
Mock_P02_2	13	302434	60
Mock_P02_2	13	302434	137
Mock_P02_2	13	302434	94
Mock_P02_2	13	302434	42
Mock_P02_2	13	302434	79
Mock_P02_2	13	302434	60
Mock_P02_2	13	302434	53
Mock_P02_2	13	302434	154
Mock_P02_2	13	302434	84
Mock_P02_2	13	302434	69
Mock_P02_2	13	302434	39
Mock_P02_2	13	302434	79
Mock_P02_2	13	302434	157
Mock_P02_2	13	302434	181
Mock_P02_2	13	302434	107
Mock_P02_2	13	302434	65
Mock_P02_2	13	302434	146
Mock_P02_2	13	302434	77
Mock_P02_2	13	302434	88
Mock_P02_2	13	302434	44
Mock_P02_2	13	302434	245
Mock_P02_2	13	302434	134
Mock_P02_2	13	302434	59
Mock_P02_2	13	302434	91
Mock_P02_2	13	302434	177
Mock_P02_2	13	302434	93
Mock_P02_2	13	302434	104
Mock_P02_2	13	302434	95
Mock_P02_2	13	302434	108
Mock_P02_2	13	302434	195
Mock_P02_2	13	302434	99
Mock_P02_2	13	302434	183
Mock_P02_2	13	302434	53
Mock_P02_2	13	302434	87
Mock_P02_2	13	302434	195
Mock_P02_2	13	302434	116
Mock_P02_2	13	302434	36
Mock_P02_2	13	302434	143
Mock_P02_2	13	302434	60
Mock_P02_2	13	302434	96
Mock_P02_2	13	302434	48
Mock_P02_2	13	302434	134
Mock_P02_2	13	302434	91
Mock_P02_2	13	302434	59
Mock_P02_2	13	302434	96
Mock_P02_2	13	302434	101
Mock_P02_2	13	302434	37
Mock_P02_2	13	302434	102
Mock_P02_2	13	302434	87
Mock_P02_2	13	302434	43
Mock_P02_2	13	302434	123
Mock_P02_2	13	302434	507
Mock_P02_2	13	302434	82
Mock_P02_2	13	302434	144
Mock_P02_2	13	302434	94
Mock_P02_2	13	302434	116
Mock_P02_2	13	302434	65
Mock_P02_2	13	302434	97
Mock_P02_2	13	302434	89
Mock_P02_2	13	302434	80
Mock_P02_2	13	302434	117
Mock_P02_2	13	302434	79
Mock_P02_2	13	302434	114
Mock_P02_2	13	302434	126
Mock_P02_2	13	302434	142
Mock_P02_2	13	302434	358
Mock_P02_2	13	302434	123
Mock_P02_2	13	302434	86
Mock_P02_2	13	302434	146
Mock_P02_2	13	302434	108
Mock_P02_2	13	302434	113
Mock_P02_2	13	302434	116
Mock_P02_2	13	302434	153
Mock_P02_2	13	302434	117
Mock_P02_2	13	302434	160
Mock_P02_2	13	302434	54
Mock_P02_2	13	302434	109
Mock_P02_2	13	302434	30
Mock_P02_2	13	302434	142
Mock_P02_2	13	302434	81
Mock_P02_2	13	302434	98
Mock_P02_2	13	302434	102
Mock_P02_2	13	302434	161
Mock_P02_2	13	302434	165
Mock_P02_2	13	302434	112
Mock_P02_2	13	302434	80
Mock_P02_2	13	302434	74
Mock_P02_2	13	302434	118
Mock_P02_2	13	302434	466
Mock_P02_2	13	302434	57
Mock_P02_2	13	302434	148
Mock_P02_2	13	302434	92
Mock_P02_2	13	302434	197
Mock_P02_2	13	302434	86
Mock_P02_2	13	302434	95
Mock_P02_2	13	302434	75
Mock_P02_2	13	302434	70
Mock_P02_2	13	302434	119
Mock_P02_2	13	302434	134
Mock_P02_2	13	302434	134
Mock_P02_2	13	302434	144
Mock_P02_2	13	302434	111
Mock_P02_2	13	302434	392
Mock_P02_2	13	302434	81
Mock_P02_2	13	302434	102
Mock_P02_2	13	302434	93
Mock_P02_2	13	302434	173
Mock_P02_2	13	302434	128
Mock_P02_2	13	302434	153
Mock_P02_2	13	302434	22
Mock_P02_2	13	302434	77
Mock_P02_2	13	302434	91
Mock_P02_2	13	302434	129
Mock_P02_2	13	302434	59
Mock_P02_2	13	302434	157
Mock_P02_2	13	302434	86
Mock_P02_2	13	302434	35
Mock_P02_2	13	302434	68
Mock_P02_2	13	302434	182
Mock_P02_2	13	302434	118
Mock_P02_2	13	302434	106
Mock_P02_2	13	302434	172
Mock_P02_2	13	302434	101
Mock_P02_2	13	302434	46
Mock_P02_2	13	302434	128
Mock_P02_2	13	302434	103
Mock_P02_2	13	302434	89
Mock_P02_2	13	302434	67
Mock_P02_2	13	302434	69
Mock_P02_2	13	302434	131
Mock_P02_2	13	302434	80
Mock_P02_2	13	302434	102
Mock_P02_2	13	302434	29
Mock_P02_2	13	302434	107
Mock_P02_2	13	302434	125
Mock_P02_2	13	302434	127
Mock_P02_2	13	302434	72
Mock_P02_2	13	302434	89
Mock_P02_2	13	302434	43
Mock_P02_2	13	302434	30
Mock_P02_2	13	302434	98
Mock_P02_2	13	302434	68
Mock_P02_2	13	302434	69
Mock_P02_2	13	302434	84
Mock_P02_2	14	315073	1059
Mock_P02_2	14	315073	211
Mock_P02_2	14	315073	74
Mock_P02_2	14	315073	1805
Mock_P02_2	14	315073	83
Mock_P02_2	14	315073	50
Mock_P02_2	14	315073	71
Mock_P02_2	14	315073	42
Mock_P02_2	14	315073	59
Mock_P02_2	14	315073	49
Mock_P02_2	14	315073	51
Mock_P02_2	14	315073	23
Mock_P02_2	14	315073	71
Mock_P02_2	14	315073	74
Mock_P02_2	14	315073	48
Mock_P02_2	14	315073	25
Mock_P02_2	14	315073	51
Mock_P02_2	14	315073	50
Mock_P02_2	14	315073	87
Mock_P02_2	14	315073	59
Mock_P02_2	14	315073	209
Mock_P02_2	14	315073	79
Mock_P02_2	14	315073	149
Mock_P02_2	14	315073	81
Mock_P02_2	14	315073	43
Mock_P02_2	14	315073	68
Mock_P02_2	14	315073	71
Mock_P02_2	14	315073	70
Mock_P02_2	14	315073	31
Mock_P02_2	14	315073	29
Mock_P02_2	14	315073	100
Mock_P02_2	14	315073	61
Mock_P02_2	14	315073	27
Mock_P02_2	14	315073	48
Mock_P02_2	14	315073	93
Mock_P02_2	14	315073	59
Mock_P02_2	14	315073	66
Mock_P02_2	14	315073	115
Mock_P02_2	14	315073	52
Mock_P02_2	14	315073	144
Mock_P02_2	14	315073	74
Mock_P02_2	14	315073	20
Mock_P02_2	14	315073	46
Mock_P02_2	14	315073	52
Mock_P02_2	14	315073	52
Mock_P02_2	14	315073	90
Mock_P02_2	14	315073	119
Mock_P02_2	14	315073	62
Mock_P02_2	14	315073	95
Mock_P02_2	14	315073	56
Mock_P02_2	14	315073	89
Mock_P02_2	14	315073	67
Mock_P02_2	14	315073	89
Mock_P02_2	14	315073	85
Mock_P02_2	14	315073	108
Mock_P02_2	14	315073	31
Mock_P02_2	14	315073	86
Mock_P02_2	14	315073	58
Mock_P02_2	14	315073	62
Mock_P02_2	14	315073	75
Mock_P02_2	14	315073	77
Mock_P02_2	14	315073	88
Mock_P02_2	14	315073	121
Mock_P02_2	14	315073	63
Mock_P02_2	14	315073	55
Mock_P02_2	14	315073	55
Mock_P02_2	14	315073	128
Mock_P02_2	14	315073	59
Mock_P02_2	14	315073	80
Mock_P02_2	14	315073	95
Mock_P02_2	14	315073	90
Mock_P02_2	14	315073	30
Mock_P02_2	14	315073	27
Mock_P02_2	14	315073	114
Mock_P02_2	14	315073	108
Mock_P02_2	14	315073	146
Mock_P02_2	14	315073	115
Mock_P02_2	14	315073	75
Mock_P02_2	14	315073	74
Mock_P02_2	14	315073	44
Mock_P02_2	14	315073	105
Mock_P02_2	14	315073	36
Mock_P02_2	14	315073	103
Mock_P02_2	14	315073	96
Mock_P02_2	14	315073	62
Mock_P02_2	14	315073	123
Mock_P02_2	14	315073	136
Mock_P02_2	14	315073	65
Mock_P02_2	14	315073	66
Mock_P02_2	14	315073	118
Mock_P02_2	14	315073	82
Mock_P02_2	14	315073	98
Mock_P02_2	14	315073	80
Mock_P02_2	14	315073	176
Mock_P02_2	14	315073	76
Mock_P02_2	14	315073	114
Mock_P02_2	14	315073	86
Mock_P02_2	14	315073	140
Mock_P02_2	14	315073	107
Mock_P02_2	14	315073	56
Mock_P02_2	14	315073	76
Mock_P02_2	14	315073	65
Mock_P02_2	14	315073	51
Mock_P02_2	14	315073	75
Mock_P02_2	14	315073	125
Mock_P02_2	14	315073	97
Mock_P02_2	14	315073	109
Mock_P02_2	14	315073	83
Mock_P02_2	14	315073	109
Mock_P02_2	14	315073	47
Mock_P02_2	14	315073	36
Mock_P02_2	14	315073	55
Mock_P02_2	15	259050	31
Mock_P02_2	15	259050	26
Mock_P02_2	15	259050	54
Mock_P02_2	15	259050	70
Mock_P02_2	15	259050	27
Mock_P02_2	15	259050	208
Mock_P02_2	15	259050	59
Mock_P02_2	15	259050	70
Mock_P02_2	15	259050	46
Mock_P02_2	15	259050	67
Mock_P02_2	15	259050	74
Mock_P02_2	15	259050	150
Mock_P02_2	15	259050	29
Mock_P02_2	15	259050	74
Mock_P02_2	15	259050	18
Mock_P02_2	15	259050	61
Mock_P02_2	15	259050	145
Mock_P02_2	15	259050	134
Mock_P02_2	15	259050	82
Mock_P02_2	15	259050	155
Mock_P02_2	15	259050	189
Mock_P02_2	15	259050	77
Mock_P02_2	15	259050	100
Mock_P02_2	15	259050	96
Mock_P02_2	15	259050	107
Mock_P02_2	15	259050	205
Mock_P02_2	15	259050	65
Mock_P02_2	15	259050	277
Mock_P02_2	15	259050	118
Mock_P02_2	15	259050	88
Mock_P02_2	15	259050	52
Mock_P02_2	15	259050	75
Mock_P02_2	15	259050	92
Mock_P02_2	15	259050	69
Mock_P02_2	15	259050	94
Mock_P02_2	15	259050	129
Mock_P02_2	15	259050	86
Mock_P02_2	15	259050	207
Mock_P02_2	15	259050	206
Mock_P02_2	15	259050	10
Mock_P02_2	15	259050	189
Mock_P02_2	15	259050	97
Mock_P02_2	15	259050	120
Mock_P02_2	15	259050	177
Mock_P02_2	15	259050	153
Mock_P02_2	15	259050	48
Mock_P02_2	15	259050	198
Mock_P02_2	15	259050	81
Mock_P02_2	15	259050	150
Mock_P02_2	15	259050	68
Mock_P02_2	15	259050	127
Mock_P02_2	15	259050	90
Mock_P02_2	15	259050	110
Mock_P02_2	15	259050	65
Mock_P02_2	15	259050	153
Mock_P02_2	15	259050	48
Mock_P02_2	15	259050	75
Mock_P02_2	15	259050	90
Mock_P02_2	15	259050	116
Mock_P02_2	15	259050	56
Mock_P02_2	15	259050	94
Mock_P02_2	15	259050	80
Mock_P02_2	15	259050	232
Mock_P02_2	15	259050	76
Mock_P02_2	15	259050	101
Mock_P02_2	15	259050	126
Mock_P02_2	15	259050	85
Mock_P02_2	15	259050	98
Mock_P02_2	15	259050	166
Mock_P02_2	15	259050	80
Mock_P02_2	15	259050	152
Mock_P02_2	15	259050	107
Mock_P02_2	15	259050	72
Mock_P02_2	15	259050	35
Mock_P02_2	15	259050	162
Mock_P02_2	15	259050	92
Mock_P02_2	15	259050	357
Mock_P02_2	15	259050	130
Mock_P02_2	15	259050	107
Mock_P02_2	15	259050	163
Mock_P02_2	15	259050	105
Mock_P02_2	15	259050	90
Mock_P02_2	15	259050	295
Mock_P02_2	15	259050	98
Mock_P02_2	15	259050	293
Mock_P02_2	15	259050	157
Mock_P02_2	15	259050	109
Mock_P02_2	15	259050	111
Mock_P02_2	15	259050	102
Mock_P02_2	15	259050	104
Mock_P02_2	15	259050	169
Mock_P02_2	15	259050	102
Mock_P02_2	15	259050	74
Mock_P02_2	15	259050	144
Mock_P02_2	15	259050	134
Mock_P02_2	15	259050	184
Mock_P02_2	15	259050	210
Mock_P02_2	15	259050	389
Mock_P02_2	15	259050	228
Mock_P02_2	15	259050	73
Mock_P02_2	15	259050	104
Mock_P02_2	15	259050	80
Mock_P02_2	15	259050	42
Mock_P02_2	15	259050	103
Mock_P02_2	15	259050	284
Mock_P02_2	15	259050	126
Mock_P02_2	15	259050	132
Mock_P02_2	15	259050	184
Mock_P02_2	15	259050	220
Mock_P02_2	15	259050	260
Mock_P02_2	15	259050	125
Mock_P02_2	15	259050	78
Mock_P02_2	15	259050	92
Mock_P02_2	15	259050	116
Mock_P02_2	15	259050	99
Mock_P02_2	15	259050	124
Mock_P02_2	15	259050	122
Mock_P02_2	15	259050	138
Mock_P02_2	15	259050	251
Mock_P02_2	15	259050	142
Mock_P02_2	15	259050	135
Mock_P02_2	15	259050	115
Mock_P02_2	15	259050	119
Mock_P02_2	15	259050	145
Mock_P02_2	15	259050	111
Mock_P02_2	15	259050	138
Mock_P02_2	15	259050	109
Mock_P02_2	15	259050	62
Mock_P02_2	15	259050	78
Mock_P02_2	16	218807	142
Mock_P02_2	16	218807	111
Mock_P02_2	16	218807	57
Mock_P02_2	16	218807	52
Mock_P02_2	16	218807	113
Mock_P02_2	16	218807	95
Mock_P02_2	16	218807	221
Mock_P02_2	16	218807	100
Mock_P02_2	16	218807	32
Mock_P02_2	16	218807	159
Mock_P02_2	16	218807	34
Mock_P02_2	16	218807	107
Mock_P02_2	16	218807	59
Mock_P02_2	16	218807	97
Mock_P02_2	16	218807	87
Mock_P02_2	16	218807	158
Mock_P02_2	16	218807	74
Mock_P02_2	16	218807	92
Mock_P02_2	16	218807	88
Mock_P02_2	16	218807	154
Mock_P02_2	16	218807	81
Mock_P02_2	16	218807	53
Mock_P02_2	16	218807	24
Mock_P02_2	16	218807	106
Mock_P02_2	16	218807	71
Mock_P02_2	16	218807	78
Mock_P02_2	16	218807	102
Mock_P02_2	16	218807	83
Mock_P02_2	16	218807	107
Mock_P02_2	16	218807	195
Mock_P02_2	16	218807	108
Mock_P02_2	16	218807	63
Mock_P02_2	16	218807	155
Mock_P02_2	16	218807	102
Mock_P02_2	16	218807	71
Mock_P02_2	16	218807	57
Mock_P02_2	16	218807	106
Mock_P02_2	16	218807	72
Mock_P02_2	16	218807	59
Mock_P02_2	16	218807	120
Mock_P02_2	16	218807	49
Mock_P02_2	16	218807	87
Mock_P02_2	16	218807	80
Mock_P02_2	16	218807	94
Mock_P02_2	16	218807	158
Mock_P02_2	16	218807	161
Mock_P02_2	16	218807	41
Mock_P02_2	16	218807	135
Mock_P02_2	16	218807	125
Mock_P02_2	16	218807	104
Mock_P02_2	16	218807	77
Mock_P02_2	16	218807	96
Mock_P02_2	16	218807	83
Mock_P02_2	16	218807	113
Mock_P02_2	16	218807	266
Mock_P02_2	16	218807	82
Mock_P02_2	16	218807	89
Mock_P02_2	16	218807	122
Mock_P02_2	16	218807	84
Mock_P02_2	16	218807	108
Mock_P02_2	16	218807	482
Mock_P02_2	16	218807	74
Mock_P02_2	16	218807	106
Mock_P02_2	16	218807	101
Mock_P02_2	16	218807	113
Mock_P02_2	16	218807	440
Mock_P02_2	16	218807	106
Mock_P02_2	16	218807	55
Mock_P02_2	16	218807	28
Mock_P02_2	16	218807	88
Mock_P02_2	16	218807	104
Mock_P02_2	16	218807	106
Mock_P02_2	16	218807	94
Mock_P02_2	16	218807	82
Mock_P02_2	16	218807	68
Mock_P02_2	16	218807	60
Mock_P02_2	16	218807	110
Mock_P02_2	16	218807	164
Mock_P02_2	16	218807	36
Mock_P02_2	16	218807	38
Mock_P02_2	16	218807	158
Mock_P02_2	16	218807	119
Mock_P02_2	16	218807	65
Mock_P02_2	16	218807	77
Mock_P02_2	16	218807	78
Mock_P02_2	16	218807	107
Mock_P02_2	16	218807	54
Mock_P02_2	16	218807	274
Mock_P02_2	16	218807	74
Mock_P02_2	16	218807	121
Mock_P02_2	16	218807	48
Mock_P02_2	16	218807	108
Mock_P02_2	16	218807	113
Mock_P02_2	16	218807	65
Mock_P02_2	16	218807	144
Mock_P02_2	16	218807	26
Mock_P02_2	16	218807	102
Mock_P02_2	16	218807	101
Mock_P02_2	16	218807	102
Mock_P02_2	16	218807	103
Mock_P02_2	16	218807	113
Mock_P02_2	16	218807	117
Mock_P02_2	16	218807	128
Mock_P02_2	16	218807	134
Mock_P02_2	16	218807	123
Mock_P02_2	16	218807	69
Mock_P02_2	16	218807	154
Mock_P02_2	16	218807	126
Mock_P02_2	16	218807	114
Mock_P02_2	16	218807	101
Mock_P02_2	16	218807	133
Mock_P02_2	16	218807	107
Mock_P02_2	16	218807	61
Mock_P02_2	17	252673	49
Mock_P02_2	17	252673	58
Mock_P02_2	17	252673	45
Mock_P02_2	17	252673	20
Mock_P02_2	17	252673	121
Mock_P02_2	17	252673	40
Mock_P02_2	17	252673	124
Mock_P02_2	17	252673	73
Mock_P02_2	17	252673	62
Mock_P02_2	17	252673	55
Mock_P02_2	17	252673	104
Mock_P02_2	17	252673	89
Mock_P02_2	17	252673	29
Mock_P02_2	17	252673	57
Mock_P02_2	17	252673	52
Mock_P02_2	17	252673	72
Mock_P02_2	17	252673	85
Mock_P02_2	17	252673	118
Mock_P02_2	17	252673	92
Mock_P02_2	17	252673	84
Mock_P02_2	17	252673	79
Mock_P02_2	17	252673	62
Mock_P02_2	17	252673	108
Mock_P02_2	17	252673	159
Mock_P02_2	17	252673	71
Mock_P02_2	17	252673	73
Mock_P02_2	17	252673	81
Mock_P02_2	17	252673	85
Mock_P02_2	17	252673	59
Mock_P02_2	17	252673	99
Mock_P02_2	17	252673	90
Mock_P02_2	17	252673	98
Mock_P02_2	17	252673	91
Mock_P02_2	17	252673	169
Mock_P02_2	17	252673	36
Mock_P02_2	17	252673	86
Mock_P02_2	17	252673	143
Mock_P02_2	17	252673	59
Mock_P02_2	17	252673	42
Mock_P02_2	17	252673	91
Mock_P02_2	17	252673	97
Mock_P02_2	17	252673	153
Mock_P02_2	17	252673	61
Mock_P02_2	17	252673	64
Mock_P02_2	17	252673	89
Mock_P02_2	17	252673	19
Mock_P02_2	17	252673	131
Mock_P02_2	17	252673	62
Mock_P02_2	17	252673	93
Mock_P02_2	17	252673	126
Mock_P02_2	17	252673	145
Mock_P02_2	17	252673	186
Mock_P02_2	17	252673	15
Mock_P02_2	17	252673	69
Mock_P02_2	17	252673	89
Mock_P02_2	17	252673	136
Mock_P02_2	17	252673	56
Mock_P02_2	17	252673	156
Mock_P02_2	17	252673	44
Mock_P02_2	17	252673	200
Mock_P02_2	17	252673	64
Mock_P02_2	17	252673	47
Mock_P02_2	17	252673	45
Mock_P02_2	17	252673	60
Mock_P02_2	17	252673	144
Mock_P02_2	17	252673	118
Mock_P02_2	17	252673	124
Mock_P02_2	17	252673	65
Mock_P02_2	17	252673	58
Mock_P02_2	17	252673	136
Mock_P02_2	17	252673	67
Mock_P02_2	17	252673	105
Mock_P02_2	17	252673	112
Mock_P02_2	17	252673	205
Mock_P02_2	17	252673	68
Mock_P02_2	17	252673	138
Mock_P02_2	17	252673	120
Mock_P02_2	17	252673	57
Mock_P02_2	17	252673	392
Mock_P02_2	17	252673	254
Mock_P02_2	17	252673	79
Mock_P02_2	17	252673	97
Mock_P02_2	17	252673	78
Mock_P02_2	17	252673	173
Mock_P02_2	17	252673	137
Mock_P02_2	17	252673	72
Mock_P02_2	17	252673	113
Mock_P02_2	17	252673	50
Mock_P02_2	17	252673	10
Mock_P02_2	17	252673	96
Mock_P02_2	17	252673	98
Mock_P02_2	17	252673	52
Mock_P02_2	17	252673	280
Mock_P02_2	17	252673	181
Mock_P02_2	17	252673	151
Mock_P02_2	17	252673	117
Mock_P02_2	17	252673	116
Mock_P02_2	17	252673	88
Mock_P02_2	17	252673	424
Mock_P02_2	17	252673	75
Mock_P02_2	17	252673	95
Mock_P02_2	17	252673	112
Mock_P02_2	17	252673	46
Mock_P02_2	17	252673	105
Mock_P02_2	17	252673	229
Mock_P02_2	17	252673	74
Mock_P02_2	17	252673	193
Mock_P02_2	17	252673	125
Mock_P02_2	17	252673	63
Mock_P02_2	17	252673	261
Mock_P02_2	17	252673	68
Mock_P02_2	17	252673	92
Mock_P02_2	17	252673	78
Mock_P02_2	17	252673	170
Mock_P02_2	17	252673	139
Mock_P02_2	17	252673	131
Mock_P02_2	17	252673	70
Mock_P02_2	17	252673	138
Mock_P02_2	17	252673	61
Mock_P02_2	17	252673	103
Mock_P02_2	17	252673	316
Mock_P02_2	17	252673	104
Mock_P02_2	17	252673	155
Mock_P02_2	17	252673	54
Mock_P02_2	17	252673	42
Mock_P02_2	17	252673	26
Mock_P02_2	17	252673	156
Mock_P02_2	17	252673	97
Mock_P02_2	17	252673	266
Mock_P02_2	17	252673	70
Mock_P02_2	17	252673	30
Mock_P02_2	17	252673	134
Mock_P02_2	17	252673	241
Mock_P02_2	17	252673	140
Mock_P02_2	17	252673	63
Mock_P02_2	17	252673	121
Mock_P02_2	17	252673	186
Mock_P02_2	17	252673	55
Mock_P02_2	17	252673	111
Mock_P02_2	17	252673	105
Mock_P02_2	17	252673	108
Mock_P02_2	17	252673	97
Mock_P02_2	17	252673	129
Mock_P02_2	17	252673	57
Mock_P02_2	17	252673	93
Mock_P02_2	17	252673	65
Mock_P02_2	17	252673	209
Mock_P02_2	17	252673	61
Mock_P02_2	17	252673	87
Mock_P02_2	17	252673	107
Mock_P02_2	17	252673	102
Mock_P02_2	17	252673	81
Mock_P02_2	17	252673	122
Mock_P02_2	17	252673	130
Mock_P02_2	17	252673	138
Mock_P02_2	17	252673	71
Mock_P02_2	17	252673	108
Mock_P02_2	17	252673	97
Mock_P02_2	17	252673	74
Mock_P02_2	17	252673	114
Mock_P02_2	18	272051	53
Mock_P02_2	18	272051	31
Mock_P02_2	18	272051	103
Mock_P02_2	18	272051	45
Mock_P02_2	18	272051	52
Mock_P02_2	18	272051	22
Mock_P02_2	18	272051	40
Mock_P02_2	18	272051	86
Mock_P02_2	18	272051	146
Mock_P02_2	18	272051	39
Mock_P02_2	18	272051	134
Mock_P02_2	18	272051	63
Mock_P02_2	18	272051	148
Mock_P02_2	18	272051	68
Mock_P02_2	18	272051	63
Mock_P02_2	18	272051	83
Mock_P02_2	18	272051	173
Mock_P02_2	18	272051	82
Mock_P02_2	18	272051	67
Mock_P02_2	18	272051	125
Mock_P02_2	18	272051	190
Mock_P02_2	18	272051	60
Mock_P02_2	18	272051	53
Mock_P02_2	18	272051	78
Mock_P02_2	18	272051	43
Mock_P02_2	18	272051	51
Mock_P02_2	18	272051	122
Mock_P02_2	18	272051	89
Mock_P02_2	18	272051	216
Mock_P02_2	18	272051	138
Mock_P02_2	18	272051	97
Mock_P02_2	18	272051	231
Mock_P02_2	18	272051	153
Mock_P02_2	18	272051	110
Mock_P02_2	18	272051	86
Mock_P02_2	18	272051	87
Mock_P02_2	18	272051	87
Mock_P02_2	18	272051	104
Mock_P02_2	18	272051	113
Mock_P02_2	18	272051	18
Mock_P02_2	18	272051	99
Mock_P02_2	18	272051	88
Mock_P02_2	18	272051	222
Mock_P02_2	18	272051	174
Mock_P02_2	18	272051	106
Mock_P02_2	18	272051	103
Mock_P02_2	18	272051	91
Mock_P02_2	18	272051	116
Mock_P02_2	18	272051	93
Mock_P02_2	18	272051	147
Mock_P02_2	18	272051	264
Mock_P02_2	18	272051	77
Mock_P02_2	18	272051	94
Mock_P02_2	18	272051	119
Mock_P02_2	18	272051	70
Mock_P02_2	18	272051	88
Mock_P02_2	18	272051	129
Mock_P02_2	18	272051	83
Mock_P02_2	18	272051	107
Mock_P02_2	18	272051	114
Mock_P02_2	18	272051	102
Mock_P02_2	18	272051	76
Mock_P02_2	18	272051	94
Mock_P02_2	18	272051	30
Mock_P02_2	18	272051	82
Mock_P02_2	18	272051	88
Mock_P02_2	18	272051	131
Mock_P02_2	18	272051	91
Mock_P02_2	18	272051	400
Mock_P02_2	18	272051	184
Mock_P02_2	18	272051	68
Mock_P02_2	18	272051	124
Mock_P02_2	18	272051	110
Mock_P02_2	18	272051	10
Mock_P02_2	18	272051	32
Mock_P02_2	18	272051	76
Mock_P02_2	18	272051	203
Mock_P02_2	18	272051	76
Mock_P02_2	18	272051	106
Mock_P02_2	18	272051	111
Mock_P02_2	18	272051	94
Mock_P02_2	18	272051	49
Mock_P02_2	18	272051	215
Mock_P02_2	18	272051	125
Mock_P02_2	18	272051	206
Mock_P02_2	18	272051	103
Mock_P02_2	18	272051	113
Mock_P02_2	18	272051	73
Mock_P02_2	18	272051	156
Mock_P02_2	18	272051	89
Mock_P02_2	18	272051	68
Mock_P02_2	18	272051	149
Mock_P02_2	18	272051	239
Mock_P02_2	18	272051	115
Mock_P02_2	18	272051	67
Mock_P02_2	18	272051	131
Mock_P02_2	18	272051	157
Mock_P02_2	18	272051	180
Mock_P02_2	18	272051	77
Mock_P02_2	18	272051	70
Mock_P02_2	18	272051	104
Mock_P02_2	18	272051	60
Mock_P02_2	18	272051	107
Mock_P02_2	18	272051	116
Mock_P02_2	18	272051	111
Mock_P02_2	18	272051	70
Mock_P02_2	18	272051	184
Mock_P02_2	18	272051	108
Mock_P02_2	18	272051	107
Mock_P02_2	18	272051	64
Mock_P02_2	18	272051	120
Mock_P02_2	18	272051	38
Mock_P02_2	18	272051	60
Mock_P02_2	18	272051	131
Mock_P02_2	18	272051	91
Mock_P02_2	18	272051	85
Mock_P02_2	18	272051	50
Mock_P02_2	18	272051	79
Mock_P02_2	18	272051	93
Mock_P02_2	18	272051	90
Mock_P02_2	18	272051	98
Mock_P02_2	18	272051	170
Mock_P02_2	18	272051	59
Mock_P02_2	18	272051	97
Mock_P02_2	18	272051	116
Mock_P02_2	18	272051	71
Mock_P02_2	18	272051	128
Mock_P02_2	18	272051	81
Mock_P02_2	18	272051	92
Mock_P02_2	18	272051	118
Mock_P02_2	18	272051	72
Mock_P02_2	18	272051	165
Mock_P02_2	18	272051	78
Mock_P02_2	18	272051	109
Mock_P02_2	18	272051	81
Mock_P02_2	18	272051	34
Mock_P02_2	18	272051	142
Mock_P02_2	18	272051	37
Mock_P02_2	18	272051	85
Mock_P02_2	18	272051	74
Mock_P02_2	18	272051	260
Mock_P02_2	18	272051	105
Mock_P02_2	18	272051	94
Mock_P02_2	18	272051	70
Mock_P02_2	18	272051	131
Mock_P02_2	18	272051	53
Mock_P02_2	18	272051	67
Mock_P02_2	18	272051	64
Mock_P02_2	18	272051	48
Mock_P02_2	18	272051	163
Mock_P02_2	18	272051	191
Mock_P02_2	18	272051	57
Mock_P02_2	18	272051	74
Mock_P02_2	18	272051	86
Mock_P02_2	18	272051	60
Mock_P02_2	18	272051	30
Mock_P02_2	18	272051	28
Mock_P02_2	18	272051	80
Mock_P02_2	18	272051	70
Mock_P02_2	18	272051	26
Mock_P02_2	18	272051	81
Mock_P02_2	18	272051	107
Mock_P02_2	18	272051	29
Mock_P02_2	18	272051	51
Mock_P02_2	18	272051	78
Mock_P02_2	18	272051	75
Mock_P02_2	18	272051	36
Mock_P02_2	18	272051	77
Mock_P02_2	18	272051	35
Mock_P02_2	18	272051	102
Mock_P02_2	18	272051	62
Mock_P02_2	19	364961	57
Mock_P02_2	19	364961	22
Mock_P02_2	19	364961	75
Mock_P02_2	19	364961	96
Mock_P02_2	19	364961	43
Mock_P02_2	19	364961	30
Mock_P02_2	19	364961	34
Mock_P02_2	19	364961	13
Mock_P02_2	19	364961	15
Mock_P02_2	19	364961	93
Mock_P02_2	19	364961	31
Mock_P02_2	19	364961	55
Mock_P02_2	19	364961	118
Mock_P02_2	19	364961	79
Mock_P02_2	19	364961	86
Mock_P02_2	19	364961	91
Mock_P02_2	19	364961	94
Mock_P02_2	19	364961	259
Mock_P02_2	19	364961	85
Mock_P02_2	19	364961	104
Mock_P02_2	19	364961	125
Mock_P02_2	19	364961	155
Mock_P02_2	19	364961	79
Mock_P02_2	19	364961	84
Mock_P02_2	19	364961	136
Mock_P02_2	19	364961	85
Mock_P02_2	19	364961	70
Mock_P02_2	19	364961	94
Mock_P02_2	19	364961	68
Mock_P02_2	19	364961	169
Mock_P02_2	19	364961	174
Mock_P02_2	19	364961	18
Mock_P02_2	19	364961	205
Mock_P02_2	19	364961	35
Mock_P02_2	19	364961	60
Mock_P02_2	19	364961	28
Mock_P02_2	19	364961	74
Mock_P02_2	19	364961	40
Mock_P02_2	19	364961	44
Mock_P02_2	19	364961	156
Mock_P02_2	19	364961	83
Mock_P02_2	19	364961	110
Mock_P02_2	19	364961	127
Mock_P02_2	19	364961	83
Mock_P02_2	19	364961	280
Mock_P02_2	19	364961	106
Mock_P02_2	19	364961	70
Mock_P02_2	19	364961	115
Mock_P02_2	19	364961	275
Mock_P02_2	19	364961	182
Mock_P02_2	19	364961	95
Mock_P02_2	19	364961	251
Mock_P02_2	19	364961	91
Mock_P02_2	19	364961	187
Mock_P02_2	19	364961	85
Mock_P02_2	19	364961	149
Mock_P02_2	19	364961	114
Mock_P02_2	19	364961	80
Mock_P02_2	19	364961	118
Mock_P02_2	19	364961	71
Mock_P02_2	19	364961	213
Mock_P02_2	19	364961	53
Mock_P02_2	19	364961	56
Mock_P02_2	19	364961	98
Mock_P02_2	19	364961	147
Mock_P02_2	19	364961	107
Mock_P02_2	19	364961	101
Mock_P02_2	19	364961	119
Mock_P02_2	19	364961	63
Mock_P02_2	19	364961	258
Mock_P02_2	19	364961	105
Mock_P02_2	19	364961	84
Mock_P02_2	19	364961	189
Mock_P02_2	19	364961	62
Mock_P02_2	19	364961	30
Mock_P02_2	19	364961	154
Mock_P02_2	19	364961	123
Mock_P02_2	19	364961	209
Mock_P02_2	19	364961	212
Mock_P02_2	19	364961	137
Mock_P02_2	19	364961	96
Mock_P02_2	19	364961	46
Mock_P02_2	19	364961	111
Mock_P02_2	19	364961	57
Mock_P02_2	19	364961	55
Mock_P02_2	19	364961	111
Mock_P02_2	19	364961	48
Mock_P02_2	19	364961	92
Mock_P02_2	19	364961	80
Mock_P02_2	19	364961	212
Mock_P02_2	19	364961	72
Mock_P02_2	19	364961	60
Mock_P02_2	19	364961	99
Mock_P02_2	19	364961	190
Mock_P02_2	19	364961	156
Mock_P02_2	19	364961	85
Mock_P02_2	19	364961	65
Mock_P02_2	19	364961	97
Mock_P02_2	19	364961	138
Mock_P02_2	19	364961	92
Mock_P02_2	19	364961	97
Mock_P02_2	19	364961	107
Mock_P02_2	19	364961	67
Mock_P02_2	19	364961	73
Mock_P02_2	19	364961	112
Mock_P02_2	19	364961	90
Mock_P02_2	19	364961	80
Mock_P02_2	19	364961	92
Mock_P02_2	19	364961	110
Mock_P02_2	19	364961	90
Mock_P02_2	19	364961	110
Mock_P02_2	19	364961	85
Mock_P02_2	19	364961	204
Mock_P02_2	19	364961	75
Mock_P02_2	19	364961	122
Mock_P02_2	19	364961	61
Mock_P02_2	19	364961	76
Mock_P02_2	19	364961	83
Mock_P02_2	19	364961	38
Mock_P02_2	19	364961	25
Mock_P02_2	19	364961	110
Mock_P02_2	19	364961	144
Mock_P02_2	19	364961	111
Mock_P02_2	19	364961	101
Mock_P02_2	19	364961	186
Mock_P02_2	19	364961	32
Mock_P02_2	19	364961	82
Mock_P02_2	19	364961	230
Mock_P02_2	19	364961	208
Mock_P02_2	19	364961	122
Mock_P02_2	19	364961	253
Mock_P02_2	19	364961	49
Mock_P02_2	19	364961	108
Mock_P02_2	19	364961	71
Mock_P02_2	19	364961	130
Mock_P02_2	19	364961	86
Mock_P02_2	19	364961	106
Mock_P02_2	19	364961	115
Mock_P02_2	19	364961	171
Mock_P02_2	19	364961	104
Mock_P02_2	19	364961	139
Mock_P02_2	19	364961	77
Mock_P02_2	19	364961	102
Mock_P02_2	19	364961	94
Mock_P02_2	19	364961	149
Mock_P02_2	19	364961	55
Mock_P02_2	19	364961	65
Mock_P02_2	19	364961	82
Mock_P02_2	19	364961	505
Mock_P02_2	19	364961	104
Mock_P02_2	19	364961	69
Mock_P02_2	19	364961	25
Mock_P02_2	19	364961	133
Mock_P02_2	19	364961	56
Mock_P02_2	19	364961	14
Mock_P02_2	19	364961	28
Mock_P02_2	19	364961	29
Mock_P02_2	19	364961	64
Mock_P02_2	19	364961	96
Mock_P02_2	19	364961	86
Mock_P02_2	19	364961	85
Mock_P02_2	19	364961	77
Mock_P02_2	19	364961	57
Mock_P02_2	19	364961	61
Mock_P02_2	19	364961	95
Mock_P02_2	19	364961	55
Mock_P02_2	19	364961	98
Mock_P02_2	19	364961	94
Mock_P02_2	19	364961	66
Mock_P02_2	19	364961	90
Mock_P02_2	19	364961	128
Mock_P02_2	19	364961	76
Mock_P02_2	19	364961	80
Mock_P02_2	19	364961	86
Mock_P02_2	19	364961	173
Mock_P02_2	19	364961	127
Mock_P02_2	19	364961	42
Mock_P02_2	19	364961	94
Mock_P02_2	19	364961	65
Mock_P02_2	19	364961	83
Mock_P02_2	19	364961	70
Mock_P02_2	19	364961	44
Mock_P02_2	19	364961	70
Mock_P02_2	19	364961	34
Mock_P02_2	19	364961	73
Mock_P02_2	19	364961	109
Mock_P02_2	19	364961	68
Mock_P02_2	19	364961	47
Mock_P02_2	19	364961	60
Mock_P02_2	19	364961	91
Mock_P02_2	19	364961	28
Mock_P02_2	19	364961	153
Mock_P02_2	19	364961	47
Mock_P02_2	19	364961	68
Mock_P02_2	19	364961	61
Mock_P02_2	19	364961	89
Mock_P02_2	19	364961	94
Mock_P02_2	19	364961	58
Mock_P02_2	19	364961	117
Mock_P02_2	19	364961	86
Mock_P02_2	19	364961	96
Mock_P02_2	19	364961	144
Mock_P02_2	19	364961	86
Mock_P02_2	19	364961	150
Mock_P02_2	19	364961	152
Mock_P02_2	19	364961	127
Mock_P02_2	19	364961	30
Mock_P02_2	20	340400	15
Mock_P02_2	20	340400	103
Mock_P02_2	20	340400	89
Mock_P02_2	20	340400	82
Mock_P02_2	20	340400	68
Mock_P02_2	20	340400	80
Mock_P02_2	20	340400	134
Mock_P02_2	20	340400	86
Mock_P02_2	20	340400	220
Mock_P02_2	20	340400	33
Mock_P02_2	20	340400	147
Mock_P02_2	20	340400	97
Mock_P02_2	20	340400	48
Mock_P02_2	20	340400	72
Mock_P02_2	20	340400	64
Mock_P02_2	20	340400	100
Mock_P02_2	20	340400	45
Mock_P02_2	20	340400	107
Mock_P02_2	20	340400	127
Mock_P02_2	20	340400	77
Mock_P02_2	20	340400	83
Mock_P02_2	20	340400	101
Mock_P02_2	20	340400	168
Mock_P02_2	20	340400	74
Mock_P02_2	20	340400	106
Mock_P02_2	20	340400	104
Mock_P02_2	20	340400	139
Mock_P02_2	20	340400	164
Mock_P02_2	20	340400	36
Mock_P02_2	20	340400	50
Mock_P02_2	20	340400	106
Mock_P02_2	20	340400	169
Mock_P02_2	20	340400	86
Mock_P02_2	20	340400	75
Mock_P02_2	20	340400	105
Mock_P02_2	20	340400	110
Mock_P02_2	20	340400	85
Mock_P02_2	20	340400	73
Mock_P02_2	20	340400	67
Mock_P02_2	20	340400	90
Mock_P02_2	20	340400	50
Mock_P02_2	20	340400	90
Mock_P02_2	20	340400	56
Mock_P02_2	20	340400	51
Mock_P02_2	20	340400	176
Mock_P02_2	20	340400	130
Mock_P02_2	20	340400	103
Mock_P02_2	20	340400	85
Mock_P02_2	20	340400	70
Mock_P02_2	20	340400	111
Mock_P02_2	20	340400	103
Mock_P02_2	20	340400	102
Mock_P02_2	20	340400	107
Mock_P02_2	20	340400	91
Mock_P02_2	20	340400	137
Mock_P02_2	20	340400	169
Mock_P02_2	20	340400	175
Mock_P02_2	20	340400	134
Mock_P02_2	20	340400	86
Mock_P02_2	20	340400	134
Mock_P02_2	20	340400	21
Mock_P02_2	20	340400	237
Mock_P02_2	20	340400	201
Mock_P02_2	20	340400	86
Mock_P02_2	20	340400	70
Mock_P02_2	20	340400	87
Mock_P02_2	20	340400	118
Mock_P02_2	20	340400	152
Mock_P02_2	20	340400	148
Mock_P02_2	20	340400	205
Mock_P02_2	20	340400	102
Mock_P02_2	20	340400	57
Mock_P02_2	20	340400	129
Mock_P02_2	20	340400	121
Mock_P02_2	20	340400	130
Mock_P02_2	20	340400	117
Mock_P02_2	20	340400	507
Mock_P02_2	20	340400	77
Mock_P02_2	20	340400	72
Mock_P02_2	20	340400	70
Mock_P02_2	20	340400	116
Mock_P02_2	20	340400	116
Mock_P02_2	20	340400	149
Mock_P02_2	20	340400	124
Mock_P02_2	20	340400	74
Mock_P02_2	20	340400	110
Mock_P02_2	20	340400	85
Mock_P02_2	20	340400	163
Mock_P02_2	20	340400	115
Mock_P02_2	20	340400	100
Mock_P02_2	20	340400	57
Mock_P02_2	20	340400	115
Mock_P02_2	20	340400	83
Mock_P02_2	20	340400	20
Mock_P02_2	20	340400	124
Mock_P02_2	20	340400	160
Mock_P02_2	20	340400	148
Mock_P02_2	20	340400	43
Mock_P02_2	20	340400	43
Mock_P02_2	20	340400	96
Mock_P02_2	20	340400	25
Mock_P02_2	20	340400	323
Mock_P02_2	20	340400	239
Mock_P02_2	20	340400	108
Mock_P02_2	20	340400	96
Mock_P02_2	20	340400	50
Mock_P02_2	20	340400	159
Mock_P02_2	20	340400	81
Mock_P02_2	20	340400	128
Mock_P02_2	20	340400	174
Mock_P02_2	20	340400	149
Mock_P02_2	20	340400	183
Mock_P02_2	20	340400	96
Mock_P02_2	20	340400	124
Mock_P02_2	20	340400	103
Mock_P02_2	20	340400	83
Mock_P02_2	20	340400	50
Mock_P02_2	20	340400	121
Mock_P02_2	20	340400	128
Mock_P02_2	20	340400	47
Mock_P02_2	20	340400	52
Mock_P02_2	20	340400	48
Mock_P02_2	20	340400	15
Mock_P02_2	20	340400	53
Mock_P02_2	20	340400	215
Mock_P02_2	20	340400	37
Mock_P02_2	20	340400	180
Mock_P02_2	20	340400	96
Mock_P02_2	20	340400	53
Mock_P02_2	20	340400	101
Mock_P02_2	20	340400	171
Mock_P02_2	20	340400	215
Mock_P02_2	20	340400	76
Mock_P02_2	20	340400	105
Mock_P02_2	20	340400	204
Mock_P02_2	20	340400	136
Mock_P02_2	20	340400	54
Mock_P02_2	20	340400	88
Mock_P02_2	20	340400	69
Mock_P02_2	20	340400	78
Mock_P02_2	20	340400	54
Mock_P02_2	20	340400	147
Mock_P02_2	20	340400	122
Mock_P02_2	20	340400	174
Mock_P02_2	20	340400	267
Mock_P02_2	20	340400	68
Mock_P02_2	20	340400	164
Mock_P02_2	20	340400	68
Mock_P02_2	20	340400	25
Mock_P02_2	20	340400	162
Mock_P02_2	20	340400	65
Mock_P02_2	20	340400	37
Mock_P02_2	20	340400	41
Mock_P02_2	20	340400	56
Mock_P02_2	20	340400	145
Mock_P02_2	20	340400	189
Mock_P02_2	20	340400	118
Mock_P02_2	20	340400	73
Mock_P02_2	20	340400	111
Mock_P02_2	20	340400	66
Mock_P02_2	20	340400	323
Mock_P02_2	20	340400	205
Mock_P02_2	20	340400	193
Mock_P02_2	20	340400	105
Mock_P02_2	20	340400	91
Mock_P02_2	20	340400	201
Mock_P02_2	20	340400	103
Mock_P02_2	20	340400	140
Mock_P02_2	20	340400	91
Mock_P02_2	20	340400	150
Mock_P02_2	20	340400	131
Mock_P02_2	20	340400	174
Mock_P02_2	20	340400	72
Mock_P02_2	20	340400	202
Mock_P02_2	20	340400	96
Mock_P02_2	20	340400	120
Mock_P02_2	20	340400	74
Mock_P02_2	20	340400	110
Mock_P02_2	20	340400	115
Mock_P02_2	20	340400	176
Mock_P02_2	20	340400	133
Mock_P02_2	20	340400	117
Mock_P02_2	21	346378	188
Mock_P02_2	21	346378	196
Mock_P02_2	21	346378	76
Mock_P02_2	21	346378	126
Mock_P02_2	21	346378	68
Mock_P02_2	21	346378	45
Mock_P02_2	21	346378	102
Mock_P02_2	21	346378	119
Mock_P02_2	21	346378	129
Mock_P02_2	21	346378	124
Mock_P02_2	21	346378	82
Mock_P02_2	21	346378	130
Mock_P02_2	21	346378	76
Mock_P02_2	21	346378	89
Mock_P02_2	21	346378	52
Mock_P02_2	21	346378	16
Mock_P02_2	21	346378	115
Mock_P02_2	21	346378	176
Mock_P02_2	21	346378	160
Mock_P02_2	21	346378	82
Mock_P02_2	21	346378	100
Mock_P02_2	21	346378	115
Mock_P02_2	21	346378	80
Mock_P02_2	21	346378	79
Mock_P02_2	21	346378	115
Mock_P02_2	21	346378	27
Mock_P02_2	21	346378	135
Mock_P02_2	21	346378	64
Mock_P02_2	21	346378	158
Mock_P02_2	21	346378	27
Mock_P02_2	21	346378	124
Mock_P02_2	21	346378	45
Mock_P02_2	21	346378	254
Mock_P02_2	21	346378	97
Mock_P02_2	21	346378	202
Mock_P02_2	21	346378	77
Mock_P02_2	21	346378	58
Mock_P02_2	21	346378	32
Mock_P02_2	21	346378	76
Mock_P02_2	21	346378	13
Mock_P02_2	21	346378	112
Mock_P02_2	21	346378	41
Mock_P02_2	21	346378	57
Mock_P02_2	21	346378	53
Mock_P02_2	21	346378	27
Mock_P02_2	21	346378	170
Mock_P02_2	21	346378	297
Mock_P02_2	21	346378	147
Mock_P02_2	21	346378	62
Mock_P02_2	21	346378	30
Mock_P02_2	21	346378	137
Mock_P02_2	21	346378	120
Mock_P02_2	21	346378	90
Mock_P02_2	21	346378	108
Mock_P02_2	21	346378	81
Mock_P02_2	21	346378	201
Mock_P02_2	21	346378	115
Mock_P02_2	21	346378	198
Mock_P02_2	21	346378	30
Mock_P02_2	21	346378	71
Mock_P02_2	21	346378	170
Mock_P02_2	21	346378	91
Mock_P02_2	21	346378	113
Mock_P02_2	21	346378	192
Mock_P02_2	21	346378	111
Mock_P02_2	21	346378	123
Mock_P02_2	21	346378	204
Mock_P02_2	21	346378	133
Mock_P02_2	21	346378	93
Mock_P02_2	21	346378	112
Mock_P02_2	21	346378	45
Mock_P02_2	21	346378	44
Mock_P02_2	21	346378	129
Mock_P02_2	21	346378	63
Mock_P02_2	21	346378	49
Mock_P02_2	21	346378	104
Mock_P02_2	21	346378	85
Mock_P02_2	21	346378	71
Mock_P02_2	21	346378	36
Mock_P02_2	21	346378	27
Mock_P02_2	21	346378	84
Mock_P02_2	21	346378	47
Mock_P02_2	21	346378	39
Mock_P02_2	21	346378	62
Mock_P02_2	21	346378	32
Mock_P02_2	21	346378	78
Mock_P02_2	21	346378	195
Mock_P02_2	21	346378	141
Mock_P02_2	21	346378	61
Mock_P02_2	21	346378	98
Mock_P02_2	21	346378	196
Mock_P02_2	21	346378	78
Mock_P02_2	21	346378	72
Mock_P02_2	21	346378	42
Mock_P02_2	21	346378	73
Mock_P02_2	21	346378	68
Mock_P02_2	21	346378	96
Mock_P02_2	21	346378	13
Mock_P02_2	21	346378	108
Mock_P02_2	21	346378	62
Mock_P02_2	21	346378	37
Mock_P02_2	21	346378	25
Mock_P02_2	21	346378	44
Mock_P02_2	21	346378	147
Mock_P02_2	21	346378	46
Mock_P02_2	21	346378	47
Mock_P02_2	21	346378	28
Mock_P02_2	21	346378	150
Mock_P02_2	21	346378	69
Mock_P02_2	21	346378	79
Mock_P02_2	21	346378	114
Mock_P02_2	21	346378	107
Mock_P02_2	21	346378	114
Mock_P02_2	21	346378	59
Mock_P02_2	21	346378	75
Mock_P02_2	21	346378	74
Mock_P02_2	21	346378	72
Mock_P02_2	21	346378	78
Mock_P02_2	21	346378	58
Mock_P02_2	21	346378	99
Mock_P02_2	21	346378	100
Mock_P02_2	21	346378	140
Mock_P02_2	21	346378	54
Mock_P02_2	21	346378	93
Mock_P02_2	21	346378	76
Mock_P02_2	21	346378	47
Mock_P02_2	21	346378	77
Mock_P02_2	21	346378	49
Mock_P02_2	21	346378	228
Mock_P02_2	21	346378	64
Mock_P02_2	21	346378	19
Mock_P02_2	21	346378	100
Mock_P02_2	21	346378	125
Mock_P02_2	21	346378	161
Mock_P02_2	21	346378	62
Mock_P02_2	21	346378	117
Mock_P02_2	21	346378	76
Mock_P02_2	21	346378	107
Mock_P02_2	21	346378	75
Mock_P02_2	21	346378	56
Mock_P02_2	21	346378	249
Mock_P02_2	21	346378	10
Mock_P02_2	21	346378	130
Mock_P02_2	21	346378	132
Mock_P02_2	21	346378	43
Mock_P02_2	21	346378	193
Mock_P02_2	21	346378	64
Mock_P02_2	21	346378	74
Mock_P02_2	21	346378	103
Mock_P02_2	21	346378	114
Mock_P02_2	21	346378	143
Mock_P02_2	21	346378	96
Mock_P02_2	21	346378	79
Mock_P02_2	21	346378	145
Mock_P02_2	21	346378	121
Mock_P02_2	21	346378	137
Mock_P02_2	21	346378	70
Mock_P02_2	21	346378	90
Mock_P02_2	21	346378	92
Mock_P02_2	21	346378	117
Mock_P02_2	21	346378	137
Mock_P02_2	21	346378	95
Mock_P02_2	21	346378	87
Mock_P02_2	21	346378	128
Mock_P02_2	21	346378	69
Mock_P02_2	21	346378	73
Mock_P02_2	21	346378	72
Mock_P02_2	21	346378	48
Mock_P02_2	21	346378	60
Mock_P02_2	21	346378	115
Mock_P02_2	21	346378	118
Mock_P02_2	21	346378	36
Mock_P02_2	21	346378	142
Mock_P02_2	21	346378	84
Mock_P02_2	21	346378	153
Mock_P02_2	21	346378	75
Mock_P02_2	21	346378	59
Mock_P02_2	21	346378	82
Mock_P02_2	21	346378	128
Mock_P02_2	21	346378	90
Mock_P02_2	21	346378	49
Mock_P02_2	21	346378	111
Mock_P02_2	21	346378	125
Mock_P02_2	21	346378	156
Mock_P02_2	21	346378	160
Mock_P02_2	21	346378	120
Mock_P02_2	21	346378	29
Mock_P02_2	21	346378	188
Mock_P02_2	21	346378	71
Mock_P02_2	21	346378	98
Mock_P02_2	21	346378	82
Mock_P02_2	21	346378	47
Mock_P02_2	21	346378	53
Mock_P02_2	21	346378	91
Mock_P02_2	21	346378	151
Mock_P02_2	21	346378	79
Mock_P02_2	21	346378	89
Mock_P02_2	21	346378	231
Mock_P02_2	21	346378	57
Mock_P02_2	21	346378	142
Mock_P02_2	21	346378	114
Mock_P02_2	21	346378	69
Mock_P02_2	22	333354	44
Mock_P02_2	22	333354	88
Mock_P02_2	22	333354	106
Mock_P02_2	22	333354	84
Mock_P02_2	22	333354	143
Mock_P02_2	22	333354	110
Mock_P02_2	22	333354	119
Mock_P02_2	22	333354	165
Mock_P02_2	22	333354	159
Mock_P02_2	22	333354	194
Mock_P02_2	22	333354	132
Mock_P02_2	22	333354	93
Mock_P02_2	22	333354	103
Mock_P02_2	22	333354	120
Mock_P02_2	22	333354	90
Mock_P02_2	22	333354	51
Mock_P02_2	22	333354	152
Mock_P02_2	22	333354	29
Mock_P02_2	22	333354	90
Mock_P02_2	22	333354	103
Mock_P02_2	22	333354	200
Mock_P02_2	22	333354	106
Mock_P02_2	22	333354	110
Mock_P02_2	22	333354	94
Mock_P02_2	22	333354	89
Mock_P02_2	22	333354	159
Mock_P02_2	22	333354	84
Mock_P02_2	22	333354	83
Mock_P02_2	22	333354	76
Mock_P02_2	22	333354	55
Mock_P02_2	22	333354	42
Mock_P02_2	22	333354	172
Mock_P02_2	22	333354	96
Mock_P02_2	22	333354	103
Mock_P02_2	22	333354	57
Mock_P02_2	22	333354	80
Mock_P02_2	22	333354	20
Mock_P02_2	22	333354	88
Mock_P02_2	22	333354	47
Mock_P02_2	22	333354	66
Mock_P02_2	22	333354	84
Mock_P02_2	22	333354	25
Mock_P02_2	22	333354	45
Mock_P02_2	22	333354	102
Mock_P02_2	22	333354	156
Mock_P02_2	22	333354	174
Mock_P02_2	22	333354	68
Mock_P02_2	22	333354	70
Mock_P02_2	22	333354	32
Mock_P02_2	22	333354	87
Mock_P02_2	22	333354	109
Mock_P02_2	22	333354	153
Mock_P02_2	22	333354	42
Mock_P02_2	22	333354	68
Mock_P02_2	22	333354	216
Mock_P02_2	22	333354	94
Mock_P02_2	22	333354	69
Mock_P02_2	22	333354	121
Mock_P02_2	22	333354	96
Mock_P02_2	22	333354	160
Mock_P02_2	22	333354	86
Mock_P02_2	22	333354	134
Mock_P02_2	22	333354	149
Mock_P02_2	22	333354	186
Mock_P02_2	22	333354	28
Mock_P02_2	22	333354	96
Mock_P02_2	22	333354	100
Mock_P02_2	22	333354	58
Mock_P02_2	22	333354	72
Mock_P02_2	22	333354	142
Mock_P02_2	22	333354	75
Mock_P02_2	22	333354	75
Mock_P02_2	22	333354	67
Mock_P02_2	22	333354	80
Mock_P02_2	22	333354	74
Mock_P02_2	22	333354	81
Mock_P02_2	22	333354	59
Mock_P02_2	22	333354	122
Mock_P02_2	22	333354	106
Mock_P02_2	22	333354	60
Mock_P02_2	22	333354	99
Mock_P02_2	22	333354	149
Mock_P02_2	22	333354	117
Mock_P02_2	22	333354	69
Mock_P02_2	22	333354	37
Mock_P02_2	22	333354	81
Mock_P02_2	22	333354	37
Mock_P02_2	22	333354	91
Mock_P02_2	22	333354	177
Mock_P02_2	22	333354	66
Mock_P02_2	22	333354	48
Mock_P02_2	22	333354	27
Mock_P02_2	22	333354	76
Mock_P02_2	22	333354	89
Mock_P02_2	22	333354	41
Mock_P02_2	22	333354	163
Mock_P02_2	22	333354	56
Mock_P02_2	22	333354	108
Mock_P02_2	22	333354	168
Mock_P02_2	22	333354	63
Mock_P02_2	22	333354	77
Mock_P02_2	22	333354	108
Mock_P02_2	22	333354	51
Mock_P02_2	22	333354	127
Mock_P02_2	22	333354	42
Mock_P02_2	22	333354	94
Mock_P02_2	22	333354	81
Mock_P02_2	22	333354	186
Mock_P02_2	22	333354	156
Mock_P02_2	22	333354	94
Mock_P02_2	22	333354	73
Mock_P02_2	22	333354	130
Mock_P02_2	22	333354	160
Mock_P02_2	22	333354	113
Mock_P02_2	22	333354	66
Mock_P02_2	22	333354	67
Mock_P02_2	22	333354	37
Mock_P02_2	22	333354	42
Mock_P02_2	22	333354	67
Mock_P02_2	22	333354	107
Mock_P02_2	22	333354	48
Mock_P02_2	22	333354	49
Mock_P02_2	22	333354	85
Mock_P02_2	22	333354	191
Mock_P02_2	22	333354	117
Mock_P02_2	22	333354	88
Mock_P02_2	22	333354	109
Mock_P02_2	22	333354	102
Mock_P02_2	22	333354	97
Mock_P02_2	22	333354	107
Mock_P02_2	22	333354	127
Mock_P02_2	22	333354	86
Mock_P02_2	22	333354	170
Mock_P02_2	22	333354	214
Mock_P02_2	22	333354	303
Mock_P02_2	22	333354	122
Mock_P02_2	22	333354	161
Mock_P02_2	22	333354	107
Mock_P02_2	22	333354	101
Mock_P02_2	22	333354	112
Mock_P02_2	22	333354	223
Mock_P02_2	22	333354	173
Mock_P02_2	22	333354	44
Mock_P02_2	22	333354	162
Mock_P02_2	22	333354	283
Mock_P02_2	22	333354	252
Mock_P02_2	22	333354	183
Mock_P02_2	22	333354	282
Mock_P02_2	22	333354	88
Mock_P02_2	22	333354	191
Mock_P02_2	22	333354	106
Mock_P02_2	22	333354	85
Mock_P02_2	22	333354	66
Mock_P02_2	22	333354	116
Mock_P02_2	22	333354	87
Mock_P02_2	22	333354	29
Mock_P02_2	22	333354	127
Mock_P02_2	22	333354	91
Mock_P02_2	22	333354	167
Mock_P02_2	22	333354	150
Mock_P02_2	22	333354	53
Mock_P02_2	22	333354	103
Mock_P02_2	22	333354	70
Mock_P02_2	22	333354	64
Mock_P02_2	22	333354	173
Mock_P02_2	22	333354	47
Mock_P02_2	22	333354	71
Mock_P02_2	22	333354	129
Mock_P02_2	22	333354	114
Mock_P02_2	22	333354	147
Mock_P02_2	22	333354	91
Mock_P02_2	22	333354	127
Mock_P02_2	22	333354	282
Mock_P02_2	22	333354	72
Mock_P02_2	22	333354	20
Mock_P02_2	22	333354	48
Mock_P02_2	22	333354	76
Mock_P02_2	22	333354	138
Mock_P02_2	22	333354	80
Mock_P02_2	22	333354	23
Mock_P02_2	22	333354	100
Mock_P02_2	22	333354	64
Mock_P02_2	22	333354	44
Mock_P02_2	22	333354	85
Mock_P02_2	22	333354	41
Mock_P02_2	22	333354	30
Mock_P02_2	23	366803	79
Mock_P02_2	23	366803	54
Mock_P02_2	23	366803	269
Mock_P02_2	23	366803	78
Mock_P02_2	23	366803	89
Mock_P02_2	23	366803	78
Mock_P02_2	23	366803	109
Mock_P02_2	23	366803	89
Mock_P02_2	23	366803	72
Mock_P02_2	23	366803	68
Mock_P02_2	23	366803	66
Mock_P02_2	23	366803	115
Mock_P02_2	23	366803	93
Mock_P02_2	23	366803	92
Mock_P02_2	23	366803	97
Mock_P02_2	23	366803	106
Mock_P02_2	23	366803	43
Mock_P02_2	23	366803	249
Mock_P02_2	23	366803	205
Mock_P02_2	23	366803	39
Mock_P02_2	23	366803	57
Mock_P02_2	23	366803	41
Mock_P02_2	23	366803	130
Mock_P02_2	23	366803	114
Mock_P02_2	23	366803	110
Mock_P02_2	23	366803	205
Mock_P02_2	23	366803	90
Mock_P02_2	23	366803	91
Mock_P02_2	23	366803	78
Mock_P02_2	23	366803	53
Mock_P02_2	23	366803	307
Mock_P02_2	23	366803	78
Mock_P02_2	23	366803	103
Mock_P02_2	23	366803	155
Mock_P02_2	23	366803	96
Mock_P02_2	23	366803	88
Mock_P02_2	23	366803	240
Mock_P02_2	23	366803	78
Mock_P02_2	23	366803	153
Mock_P02_2	23	366803	167
Mock_P02_2	23	366803	289
Mock_P02_2	23	366803	174
Mock_P02_2	23	366803	38
Mock_P02_2	23	366803	124
Mock_P02_2	23	366803	194
Mock_P02_2	23	366803	306
Mock_P02_2	23	366803	124
Mock_P02_2	23	366803	204
Mock_P02_2	23	366803	119
Mock_P02_2	23	366803	168
Mock_P02_2	23	366803	103
Mock_P02_2	23	366803	117
Mock_P02_2	23	366803	95
Mock_P02_2	23	366803	67
Mock_P02_2	23	366803	43
Mock_P02_2	23	366803	96
Mock_P02_2	23	366803	162
Mock_P02_2	23	366803	50
Mock_P02_2	23	366803	48
Mock_P02_2	23	366803	164
Mock_P02_2	23	366803	155
Mock_P02_2	23	366803	99
Mock_P02_2	23	366803	153
Mock_P02_2	23	366803	124
Mock_P02_2	23	366803	76
Mock_P02_2	23	366803	98
Mock_P02_2	23	366803	158
Mock_P02_2	23	366803	92
Mock_P02_2	23	366803	124
Mock_P02_2	23	366803	29
Mock_P02_2	23	366803	178
Mock_P02_2	23	366803	111
Mock_P02_2	23	366803	35
Mock_P02_2	23	366803	54
Mock_P02_2	23	366803	218
Mock_P02_2	23	366803	73
Mock_P02_2	23	366803	62
Mock_P02_2	23	366803	136
Mock_P02_2	23	366803	64
Mock_P02_2	23	366803	122
Mock_P02_2	23	366803	118
Mock_P02_2	23	366803	184
Mock_P02_2	23	366803	80
Mock_P02_2	23	366803	87
Mock_P02_2	23	366803	126
Mock_P02_2	23	366803	52
Mock_P02_2	23	366803	86
Mock_P02_2	23	366803	122
Mock_P02_2	23	366803	112
Mock_P02_2	23	366803	71
Mock_P02_2	23	366803	66
Mock_P02_2	23	366803	24
Mock_P02_2	23	366803	135
Mock_P02_2	23	366803	114
Mock_P02_2	23	366803	67
Mock_P02_2	23	366803	69
Mock_P02_2	23	366803	72
Mock_P02_2	23	366803	96
Mock_P02_2	23	366803	56
Mock_P02_2	23	366803	42
Mock_P02_2	23	366803	151
Mock_P02_2	23	366803	80
Mock_P02_2	23	366803	103
Mock_P02_2	23	366803	95
Mock_P02_2	23	366803	86
Mock_P02_2	23	366803	42
Mock_P02_2	23	366803	41
Mock_P02_2	23	366803	115
Mock_P02_2	23	366803	52
Mock_P02_2	23	366803	198
Mock_P02_2	23	366803	116
Mock_P02_2	23	366803	127
Mock_P02_2	23	366803	90
Mock_P02_2	23	366803	71
Mock_P02_2	23	366803	42
Mock_P02_2	23	366803	151
Mock_P02_2	23	366803	74
Mock_P02_2	23	366803	73
Mock_P02_2	23	366803	116
Mock_P02_2	23	366803	77
Mock_P02_2	23	366803	12
Mock_P02_2	23	366803	111
Mock_P02_2	23	366803	45
Mock_P02_2	23	366803	193
Mock_P02_2	23	366803	93
Mock_P02_2	23	366803	89
Mock_P02_2	23	366803	118
Mock_P02_2	23	366803	41
Mock_P02_2	23	366803	72
Mock_P02_2	23	366803	72
Mock_P02_2	23	366803	237
Mock_P02_2	23	366803	81
Mock_P02_2	23	366803	64
Mock_P02_2	23	366803	71
Mock_P02_2	23	366803	106
Mock_P02_2	23	366803	213
Mock_P02_2	23	366803	55
Mock_P02_2	23	366803	83
Mock_P02_2	23	366803	72
Mock_P02_2	23	366803	111
Mock_P02_2	23	366803	113
Mock_P02_2	23	366803	63
Mock_P02_2	23	366803	133
Mock_P02_2	23	366803	40
Mock_P02_2	23	366803	108
Mock_P02_2	23	366803	57
Mock_P02_2	23	366803	73
Mock_P02_2	23	366803	163
Mock_P02_2	23	366803	84
Mock_P02_2	23	366803	65
Mock_P02_2	23	366803	91
Mock_P02_2	23	366803	28
Mock_P02_2	23	366803	142
Mock_P02_2	23	366803	47
Mock_P02_2	23	366803	36
Mock_P02_2	23	366803	102
Mock_P02_2	23	366803	34
Mock_P02_2	23	366803	90
Mock_P02_2	23	366803	88
Mock_P02_2	23	366803	80
Mock_P02_2	23	366803	172
Mock_P02_2	23	366803	66
Mock_P02_2	23	366803	195
Mock_P02_2	23	366803	65
Mock_P02_2	23	366803	97
Mock_P02_2	23	366803	68
Mock_P02_2	23	366803	350
Mock_P02_2	23	366803	51
Mock_P02_2	23	366803	33
Mock_P02_2	23	366803	207
Mock_P02_2	23	366803	77
Mock_P02_2	23	366803	64
Mock_P02_2	23	366803	61
Mock_P02_2	23	366803	70
Mock_P02_2	23	366803	87
Mock_P02_2	23	366803	100
Mock_P02_2	23	366803	101
Mock_P02_2	23	366803	141
Mock_P02_2	23	366803	176
Mock_P02_2	23	366803	68
Mock_P02_2	23	366803	110
Mock_P02_2	23	366803	95
Mock_P02_2	23	366803	69
Mock_P02_2	23	366803	114
Mock_P02_2	23	366803	112
Mock_P02_2	23	366803	176
Mock_P02_2	23	366803	44
Mock_P02_2	23	366803	166
Mock_P02_2	23	366803	31
Mock_P02_2	23	366803	108
Mock_P02_2	23	366803	46
Mock_P02_2	23	366803	37
Mock_P02_2	23	366803	184
Mock_P02_2	23	366803	145
Mock_P02_2	23	366803	123
Mock_P02_2	23	366803	75
Mock_P02_2	23	366803	117
Mock_P02_2	23	366803	130
Mock_P02_2	23	366803	96
Mock_P02_2	23	366803	178
Mock_P02_2	23	366803	70
Mock_P02_2	23	366803	191
Mock_P02_2	23	366803	79
Mock_P02_2	23	366803	99
Mock_P02_2	23	366803	53
Mock_P02_2	23	366803	95
Mock_P02_2	23	366803	190
Mock_P02_2	23	366803	103
Mock_P02_2	23	366803	78
Mock_P02_2	23	366803	56
Mock_P02_2	23	366803	151
Mock_P02_2	23	366803	65
Mock_P02_2	23	366803	111
Mock_P02_2	23	366803	45
Mock_P02_2	23	366803	63
Mock_P02_2	23	366803	91
Mock_P02_2	23	366803	74
Mock_P02_2	23	366803	107
Mock_P02_2	23	366803	212
Mock_P02_2	23	366803	61
Mock_P02_2	23	366803	83
Mock_P02_2	23	366803	87
Mock_P02_2	23	366803	11
Mock_P02_2	23	366803	98
Mock_P02_2	23	366803	122
Mock_P02_2	23	366803	34
Mock_P02_2	23	366803	101
Mock_P02_2	23	366803	73
Mock_P02_2	23	366803	138
Mock_P02_2	23	366803	111
Mock_P02_2	23	366803	66
Mock_P02_2	23	366803	385
Mock_P02_2	23	366803	202
Mock_P02_2	23	366803	130
Mock_P02_2	23	366803	62
Mock_P02_2	23	366803	119
Mock_P02_2	23	366803	497
Mock_P02_2	23	366803	177
Mock_P02_2	23	366803	65
Mock_P02_2	23	366803	79
Mock_P02_2	23	366803	83
Mock_P02_2	23	366803	74
Mock_P02_2	23	366803	105
Mock_P02_2	23	366803	91
Mock_P02_2	23	366803	82
Mock_P02_2	23	366803	69
Mock_P02_2	23	366803	538
Mock_P02_2	23	366803	43
Mock_P02_2	23	366803	44
Mock_P02_2	23	366803	118
Mock_P02_2	23	366803	87
Mock_P02_2	23	366803	103
Mock_P02_2	23	366803	88
Mock_P02_2	23	366803	165
Mock_P02_2	23	366803	47
Mock_P02_2	23	366803	66
Mock_P02_2	23	366803	329
Mock_P02_2	23	366803	127
Mock_P02_2	23	366803	105
Mock_P02_2	23	366803	88
Mock_P02_2	23	366803	16
Mock_P02_2	23	366803	96
Mock_P02_2	23	366803	85
Mock_P02_2	23	366803	118
Mock_P02_2	23	366803	91
Mock_P02_2	23	366803	87
Mock_P02_2	23	366803	120
Mock_P02_2	23	366803	90
Mock_P02_2	23	366803	23
Mock_P02_2	23	366803	56
Mock_P02_2	23	366803	64
Mock_P02_2	23	366803	74
Mock_P02_2	23	366803	117
Mock_P02_2	23	366803	112
Mock_P02_2	23	366803	48
Mock_P02_2	23	366803	141
Mock_P02_2	23	366803	96
Mock_P02_2	23	366803	128
Mock_P02_2	23	366803	48
Mock_P02_2	24	336749	75
Mock_P02_2	24	336749	112
Mock_P02_2	24	336749	89
Mock_P02_2	24	336749	128
Mock_P02_2	24	336749	96
Mock_P02_2	24	336749	73
Mock_P02_2	24	336749	68
Mock_P02_2	24	336749	89
Mock_P02_2	24	336749	263
Mock_P02_2	24	336749	60
Mock_P02_2	24	336749	80
Mock_P02_2	24	336749	37
Mock_P02_2	24	336749	73
Mock_P02_2	24	336749	33
Mock_P02_2	24	336749	54
Mock_P02_2	24	336749	90
Mock_P02_2	24	336749	79
Mock_P02_2	24	336749	80
Mock_P02_2	24	336749	86
Mock_P02_2	24	336749	56
Mock_P02_2	24	336749	67
Mock_P02_2	24	336749	103
Mock_P02_2	24	336749	28
Mock_P02_2	24	336749	21
Mock_P02_2	24	336749	82
Mock_P02_2	24	336749	45
Mock_P02_2	24	336749	93
Mock_P02_2	24	336749	85
Mock_P02_2	24	336749	124
Mock_P02_2	24	336749	54
Mock_P02_2	24	336749	114
Mock_P02_2	24	336749	190
Mock_P02_2	24	336749	62
Mock_P02_2	24	336749	135
Mock_P02_2	24	336749	62
Mock_P02_2	24	336749	36
Mock_P02_2	24	336749	67
Mock_P02_2	24	336749	130
Mock_P02_2	24	336749	63
Mock_P02_2	24	336749	172
Mock_P02_2	24	336749	71
Mock_P02_2	24	336749	148
Mock_P02_2	24	336749	93
Mock_P02_2	24	336749	10
Mock_P02_2	24	336749	118
Mock_P02_2	24	336749	123
Mock_P02_2	24	336749	61
Mock_P02_2	24	336749	154
Mock_P02_2	24	336749	81
Mock_P02_2	24	336749	26
Mock_P02_2	24	336749	74
Mock_P02_2	24	336749	147
Mock_P02_2	24	336749	77
Mock_P02_2	24	336749	157
Mock_P02_2	24	336749	127
Mock_P02_2	24	336749	50
Mock_P02_2	24	336749	90
Mock_P02_2	24	336749	110
Mock_P02_2	24	336749	109
Mock_P02_2	24	336749	158
Mock_P02_2	24	336749	188
Mock_P02_2	24	336749	97
Mock_P02_2	24	336749	14
Mock_P02_2	24	336749	152
Mock_P02_2	24	336749	88
Mock_P02_2	24	336749	89
Mock_P02_2	24	336749	81
Mock_P02_2	24	336749	108
Mock_P02_2	24	336749	151
Mock_P02_2	24	336749	116
Mock_P02_2	24	336749	78
Mock_P02_2	24	336749	47
Mock_P02_2	24	336749	140
Mock_P02_2	24	336749	82
Mock_P02_2	24	336749	101
Mock_P02_2	24	336749	78
Mock_P02_2	24	336749	83
Mock_P02_2	24	336749	71
Mock_P02_2	24	336749	166
Mock_P02_2	24	336749	135
Mock_P02_2	24	336749	98
Mock_P02_2	24	336749	129
Mock_P02_2	24	336749	68
Mock_P02_2	24	336749	71
Mock_P02_2	24	336749	118
Mock_P02_2	24	336749	80
Mock_P02_2	24	336749	112
Mock_P02_2	24	336749	130
Mock_P02_2	24	336749	106
Mock_P02_2	24	336749	93
Mock_P02_2	24	336749	156
Mock_P02_2	24	336749	86
Mock_P02_2	24	336749	39
Mock_P02_2	24	336749	233
Mock_P02_2	24	336749	85
Mock_P02_2	24	336749	77
Mock_P02_2	24	336749	78
Mock_P02_2	24	336749	60
Mock_P02_2	24	336749	57
Mock_P02_2	24	336749	87
Mock_P02_2	24	336749	164
Mock_P02_2	24	336749	183
Mock_P02_2	24	336749	91
Mock_P02_2	24	336749	18
Mock_P02_2	24	336749	91
Mock_P02_2	24	336749	73
Mock_P02_2	24	336749	42
Mock_P02_2	24	336749	210
Mock_P02_2	24	336749	64
Mock_P02_2	24	336749	402
Mock_P02_2	24	336749	94
Mock_P02_2	24	336749	77
Mock_P02_2	24	336749	33
Mock_P02_2	24	336749	146
Mock_P02_2	24	336749	20
Mock_P02_2	24	336749	66
Mock_P02_2	24	336749	11
Mock_P02_2	24	336749	183
Mock_P02_2	24	336749	43
Mock_P02_2	24	336749	41
Mock_P02_2	24	336749	28
Mock_P02_2	24	336749	193
Mock_P02_2	24	336749	66
Mock_P02_2	24	336749	225
Mock_P02_2	24	336749	97
Mock_P02_2	24	336749	240
Mock_P02_2	24	336749	86
Mock_P02_2	24	336749	166
Mock_P02_2	24	336749	109
Mock_P02_2	24	336749	104
Mock_P02_2	24	336749	131
Mock_P02_2	24	336749	72
Mock_P02_2	24	336749	83
Mock_P02_2	24	336749	323
Mock_P02_2	24	336749	66
Mock_P02_2	24	336749	83
Mock_P02_2	24	336749	52
Mock_P02_2	24	336749	110
Mock_P02_2	24	336749	11
Mock_P02_2	24	336749	86
Mock_P02_2	24	336749	46
Mock_P02_2	24	336749	66
Mock_P02_2	24	336749	94
Mock_P02_2	24	336749	41
Mock_P02_2	24	336749	46
Mock_P02_2	24	336749	61
Mock_P02_2	24	336749	28
