 	Pyrms37	Pyrms47	Pyrms63	Pyrms77B	Pyrms83B	Pyrms233	Pyrms319	Pyrms427	Pyrms607	Pyrms657
BD0009	199	165	167	194	124	259	281	213	278	166
BD0024	197	163	151	194	115	253	284	211	284	168
BF0030	197	163	151	194	103	250	284	210	284	168
BF0031	197	163	151	194	103	250	284	211	284	168
BF0033	197	165	151	194	112	253	284	213	284	168
BF0034	197	165	151	196	112	253	284	213	284	168
BF0035	197	165	151	194	112	253	284	213	284	168
BF0036	197	165	151	196	112	253	284	213	284	168
BF0041	199	163	151	194	112	250	284	213	284	168
BF0042	199	163	151	194	112	250	284	213	284	168
BF0043	199	163	151	194	112	250	284	213	284	168
BF0044	199	163	151	194	112	250	284	213	284	168
BF0045	199	163	151	194	112	250	284	213	284	168
BF0046	199	163	151	194	112	250	284	213	284	168
BF0047	199	163	151	194	112	250	284	213	284	168
BF0049	199	163	151	194	112	250	284	213	284	168
BF0050	197	163	151	194	103	250	284	211	284	168
BF0051	197	163	151	194	103	250	284	211	284	168
BF0052	197	163	151	194	103	250	284	211	284	168
BF0053	197	165	151	194	121	253	284	215	284	168
BF0055	197	165	151	194	121	253	284	215	284	168
BF0057	197	165	151	194	112	253	284	215	284	168
BF0058	197	165	151	194	112	253	284	215	284	168
BF0059	197	165	151	194	112	253	284	215	284	168
BF0060	197	165	151	194	109	253	284	215	284	168
BF0061	199	165	151	194	112	253	284	213	999	168
BF0062	197	163	151	194	103	250	284	211	284	168
BF0063	199	163	151	194	112	250	284	213	284	168
BF0064	197	165	151	194	112	253	284	217	284	168
BF0065	197	165	151	194	112	253	284	215	284	168
BF0066	197	165	151	194	112	253	284	215	284	168
BF0067	197	165	151	194	112	253	284	215	284	168
BF0068	197	165	151	194	112	253	284	215	284	168
BF0069	197	165	151	194	112	253	284	215	284	168
BF0070	199	163	151	194	112	250	284	213	284	168
BF0072	209	157	151	999	109	241	284	199	272	170
BF0073	197	163	151	194	103	250	284	211	284	168
BF0074	197	163	151	194	103	250	284	211	284	168
BF0075	197	163	151	194	103	250	284	211	284	166
BF0076	197	169	149	196	112	277	287	215	281	166
BF0077	197	163	151	194	103	250	284	211	284	168
BF0078	197	163	151	194	103	250	284	211	284	166
BF0079	197	169	151	194	112	253	284	213	284	168
BF0080	199	183	167	218	112	253	284	217	281	166
BF0081	197	167	149	192	130	268	284	223	281	166
BF0082	197	169	151	194	112	253	284	213	284	168
BF0083	203	157	151	999	109	241	284	199	272	170
BF0084	197	165	151	194	112	253	284	215	284	168
BF0085	197	165	151	194	112	253	284	215	284	168
BF0086	197	163	151	194	109	253	284	215	284	168
BF0087	199	163	149	218	112	253	287	221	284	166
BF0088	197	165	151	194	112	253	284	217	284	168
BF0089	197	165	151	194	112	253	284	215	284	168
BF0090	197	165	151	194	112	253	284	215	284	168
BF0091	199	167	151	194	112	253	284	213	284	168
BF0092	197	169	149	192	130	268	284	223	281	166
BF0093	203	157	151	999	109	241	284	199	272	170
BF0094	197	165	151	194	112	253	284	215	284	168
BF0095	197	165	151	194	91	253	284	215	284	168
BF0096	197	167	149	192	130	247	284	223	281	166
BF0097	197	167	149	192	130	268	284	219	281	166
BF0098	197	165	151	194	112	253	284	215	284	168
BF0099	199	163	149	216	112	253	287	217	284	166
BF0100	199	165	149	218	112	253	287	215	284	166
BF0101	199	163	149	216	112	253	287	217	284	166
BF0102	197	165	151	194	112	253	284	217	284	168
BF0103	199	163	149	216	112	253	287	217	284	166
BF0104	197	165	151	194	112	253	284	221	284	168
BF0105	197	165	151	194	112	253	284	217	284	168
BF0106	199	163	149	218	112	253	287	215	281	166
BF0107	199	159	149	216	112	253	287	213	284	166
BF0108	197	165	151	194	112	253	284	215	284	168
BF0109	197	165	151	194	112	253	284	217	284	168
BF0110	199	165	149	218	112	253	287	213	284	166
BF0111	199	167	151	194	112	253	284	213	284	168
BF0112	197	163	151	194	112	253	284	219	284	168
BF0113	199	163	149	216	112	253	287	213	287	166
BF0114	199	163	149	218	112	253	287	215	281	166
BF0115	197	163	151	194	103	250	284	211	284	168
BF0116	197	163	151	194	103	250	284	211	284	168
BF0117	197	165	151	194	112	253	284	217	284	168
BF0118	199	159	149	216	112	253	287	213	284	166
BF0119	197	165	151	194	112	253	284	217	284	168
BF0120	199	161	149	218	112	253	287	215	281	166
BF0121	197	163	151	194	112	253	284	217	284	168
BF0122	197	165	151	194	112	253	284	219	284	168
BF0123	199	163	149	216	112	253	287	213	287	166
BF0124	199	165	151	194	112	253	284	215	284	168
BF0125	197	165	151	192	112	253	284	217	284	168
BF0126	199	165	151	194	112	253	284	215	284	168
BF0127	197	165	151	194	112	253	284	217	284	168
BF0128	197	165	151	194	112	253	284	217	284	168
BF0129	199	159	149	216	112	253	287	213	284	166
BF0130	197	999	151	194	112	253	284	217	284	168
BF0131	197	165	151	192	112	253	284	217	284	168
BF0132	197	165	151	194	112	253	284	219	284	168
BF0133	197	165	151	194	112	253	284	215	284	168
BF0134	197	163	151	194	103	250	284	211	284	168
BF0135	197	165	151	194	112	253	284	215	284	168
BF0136	197	165	151	194	112	253	284	215	284	168
BF0137	199	163	151	194	112	250	284	213	284	168
BF0138	197	163	151	194	103	250	284	211	284	168
BF0139	199	163	151	194	112	250	284	213	284	168
BF0140	199	163	151	194	112	250	284	213	284	168
BF0141	197	163	151	194	103	250	284	211	284	168
BF0142	197	167	151	194	112	253	284	213	284	168
BF0143	197	165	151	194	112	253	284	213	284	168
BF0144	197	165	151	194	115	253	284	213	284	168
BF0145	197	165	151	194	112	253	284	215	284	168
BF0146	199	165	151	212	112	253	284	213	284	168
BF0147	197	163	151	194	103	250	284	211	284	168
BF0148	197	167	151	194	112	253	284	213	287	168
BF0149	197	163	151	194	103	250	284	211	281	168
BF0150	199	163	159	206	109	250	284	201	281	164
BF0151	197	165	151	194	112	253	284	215	284	168
BF0152	197	163	151	194	103	250	284	209	284	168
BF0153	197	163	151	194	103	250	284	211	284	168
BF0154	197	165	151	194	112	253	284	219	284	168
BF0155	205	157	151	999	109	241	284	199	272	170
BF0156	197	163	151	194	103	250	284	211	284	168
BF0157	197	163	151	194	103	250	284	211	284	168
BF0158	197	163	151	194	103	250	284	211	281	168
BF0159	203	157	151	999	109	241	284	199	272	170
BF0160	197	163	151	194	103	250	284	209	999	168
BF0161	197	163	151	194	103	250	284	209	999	168
BF0162	205	999	151	999	109	241	284	199	272	170
BF0163	197	163	151	194	103	250	284	211	284	168
BF0164	197	163	151	194	103	250	284	209	284	168
BF0165	197	165	151	194	109	253	284	215	284	168
BF0166	199	163	149	216	112	253	287	213	287	166
BF0167	199	163	149	216	112	253	287	213	287	166
BF0169	199	163	149	216	112	253	287	213	287	166
BF0170	199	163	149	216	112	253	287	213	287	166
BF0171	199	163	149	216	112	253	287	213	287	166
BF0172	197	163	151	194	103	250	284	211	284	168
BF0173	199	163	149	216	112	253	287	213	287	166
BF0174	199	163	149	216	112	253	287	211	287	166
BF0175	197	165	151	194	112	253	284	215	284	168
BF0177	197	165	151	194	115	253	284	215	284	168
BF0178	197	165	151	194	112	253	284	215	284	168
BF0179	197	165	151	194	112	253	284	215	284	168
BF0180	199	167	161	222	109	253	284	201	281	164
BF0181	199	165	151	194	112	253	284	213	284	168
BF0182	199	165	151	194	112	253	284	213	284	168
BF0183	199	165	151	194	112	253	284	213	284	168
BF0185	199	163	149	220	999	253	287	215	284	166
BF0186	199	163	149	220	106	253	287	215	284	166
BF0187	197	165	151	194	112	253	284	215	284	168
BF0188	195	167	149	194	112	268	287	217	281	168
BF0189	199	163	149	218	112	253	287	221	284	166
BF0190	197	165	151	194	112	253	284	215	284	168
BF0191	197	167	151	194	115	253	284	213	284	168
BF0192	197	999	149	192	130	268	284	219	281	166
BF0193	199	167	161	222	109	253	284	201	281	164
BF0195	199	167	151	194	112	253	284	213	284	168
BF0196	197	165	151	194	112	253	284	217	284	168
BF0197	199	159	149	216	112	253	287	213	284	166
BF0198	197	165	151	194	112	253	284	219	284	168
BF0199	197	165	151	194	112	253	284	217	284	999
BF0200	197	165	151	194	112	253	284	217	284	168
BF0201	197	165	151	194	112	253	284	217	284	168
BF0202	197	165	151	194	112	253	284	213	284	168
BF0203	197	163	151	194	103	250	284	211	284	168
BF0204	197	165	151	194	112	253	284	219	284	168
BF0205	197	163	151	196	112	250	284	211	284	168
BF0206	197	163	151	194	103	250	284	211	284	168
BF0207	199	167	151	194	112	253	284	213	284	168
BF0208	197	165	151	194	112	253	284	217	284	168
BF0209	197	165	151	194	112	253	284	217	284	168
BF0210	197	163	151	194	103	250	284	211	284	168
BF0211	197	163	151	194	103	250	284	211	284	168
BF0212	197	165	151	194	112	253	284	215	284	168
BF0213	197	165	151	194	112	253	284	215	284	168
BF0215	197	165	151	194	112	253	284	215	284	168
BF0218	199	163	149	216	112	253	287	213	287	166
BF0219	197	165	151	194	112	253	284	215	284	168
BF0220	197	999	151	194	112	253	284	215	284	168
BF0223	199	163	149	216	112	253	287	213	287	166
BF0224	197	163	151	194	103	250	284	209	284	168
BF0225	209	157	151	170	109	241	284	199	272	170
BF0226	197	165	999	194	112	253	284	215	287	168
BF0227	197	165	151	194	112	253	284	215	284	168
BF0228	199	163	149	216	112	253	287	213	287	166
BF0229	199	163	149	216	112	253	287	213	287	166
BF0230	199	163	149	216	112	253	287	211	287	166
BF0231	197	163	151	194	103	250	284	211	284	168
BF0232	197	163	151	194	100	250	284	209	284	168
BF0233	199	163	149	216	112	253	287	213	287	166
BF0234	197	163	151	194	103	250	284	211	284	168
BF0235	197	163	151	194	103	250	284	211	284	168
BF0236	197	163	151	194	103	250	284	211	284	168
BF0237	197	165	151	194	112	253	284	215	284	168
BF0238	197	163	151	194	103	250	284	211	284	168
BF0239	197	167	151	194	112	253	284	215	284	168
BF0241	197	163	151	194	103	250	284	211	284	168
BF0242	197	167	151	194	112	253	284	213	284	168
BF0243	197	165	151	194	112	253	284	213	284	168
BF0244	197	165	151	194	112	253	284	213	284	168
BF0245	197	163	159	196	109	250	284	211	281	168
BF0247	197	165	151	194	112	253	284	213	284	168
BF0249	197	165	151	194	112	253	284	213	284	168
BF0250	197	163	151	194	103	250	284	209	284	168
BF0251	197	163	151	194	103	250	284	209	284	168
BF0252	197	163	151	194	103	250	284	211	284	168
BF0253	197	163	151	194	103	250	284	209	284	170
BF0254	197	163	151	194	103	250	284	211	281	168
BF0255	197	165	151	194	112	253	284	215	284	168
BF0257	197	165	151	194	112	253	284	213	284	168
BF0258	197	163	151	194	103	250	284	211	284	168
BF0259	197	165	151	194	112	253	284	215	284	168
BF0260	197	165	151	194	112	253	284	215	284	168
BF0261	197	165	151	194	112	253	284	215	284	168
BF0262	197	165	151	194	112	253	284	215	284	168
BF0263	197	165	151	194	112	253	284	215	284	168
BF0265	197	163	151	194	103	250	284	211	284	168
BF0266	197	163	151	194	103	250	284	209	284	168
BF0268	197	163	151	194	103	250	284	211	284	168
BF0269	197	163	151	194	103	250	284	209	284	168
BF0270	199	165	151	212	112	253	284	213	284	168
BF0271	197	163	151	194	103	250	284	209	284	170
BF0272	197	163	151	194	112	250	284	209	284	168
BN0013	197	165	151	194	112	253	284	213	284	168
BN0019	197	165	151	194	112	253	284	217	269	168
BN0036	197	165	151	194	118	253	284	215	284	168
BN0037	197	165	151	194	118	253	284	215	284	168
BN0040	197	165	151	194	112	253	284	213	284	168
BN0042	197	165	151	194	118	253	284	215	284	168
BN0047	197	165	149	192	112	247	287	223	281	166
BN0049	197	175	149	194	112	268	287	217	281	166
BN0050	197	175	149	194	112	268	287	217	281	166
BN0051	197	167	151	194	112	253	284	215	284	168
BN0052	197	175	149	194	112	268	287	217	281	166
BN0053	197	167	151	194	112	253	284	215	284	168
BN0054	197	167	151	194	112	253	284	215	284	168
BN0055	197	167	151	194	112	253	284	215	284	168
BN0056	197	165	151	194	112	253	284	213	284	168
BN0057	197	165	151	194	112	253	284	213	284	168
BN0059	197	165	151	194	112	253	284	213	284	168
BN0060	197	165	151	194	112	253	284	213	284	168
BN0064	197	165	151	194	112	253	284	213	284	168
BN0065	197	167	151	194	112	253	284	215	284	168
BN0066	197	165	151	194	112	253	284	213	284	168
BN0069	197	165	151	194	112	253	284	211	284	168
BN0070	197	167	149	194	112	268	287	213	281	166
BN0071	197	165	151	194	112	253	284	211	284	168
BN0072	197	165	151	194	112	253	284	213	284	168
BN0073	197	165	151	194	112	253	284	213	284	168
BN0074	197	165	151	194	112	253	284	213	284	168
BN0075	197	165	151	194	112	253	284	213	284	168
BN0076	197	165	151	194	112	253	284	213	284	168
BN0077	197	165	151	194	112	253	284	213	284	168
BN0081	197	165	151	194	112	253	284	213	284	168
BN0082	197	165	151	194	112	253	284	213	284	168
BN0083	197	167	149	194	112	268	287	217	281	166
BN0085	197	165	151	194	112	253	284	211	284	168
BN0088	197	165	151	194	112	253	284	213	284	168
BN0093	197	165	151	194	112	253	284	213	284	168
BN0094	197	163	151	194	112	253	999	219	284	166
BN0096	197	167	151	194	112	253	284	213	284	168
BN0097	197	165	151	194	112	253	284	213	284	168
BN0100	197	165	151	194	118	253	284	215	284	168
BN0113	199	163	149	216	112	253	287	219	284	166
BN0123	199	163	149	999	112	253	287	219	284	166
BN0125	197	169	151	194	112	253	284	213	284	168
BN0129	197	165	151	194	112	999	284	211	284	168
BN0130	197	165	151	194	112	999	284	999	284	168
BN0138	197	165	151	194	112	253	284	211	284	168
BN0139	197	165	151	194	112	253	284	213	284	168
BN0141	197	165	151	194	112	253	284	211	284	168
BN0143	197	165	151	194	112	253	284	211	284	168
BN0152	197	167	149	192	112	247	287	229	281	166
BN0155	197	165	149	192	112	247	287	227	281	166
BN0157	197	165	149	192	112	247	287	221	281	166
BN0160	197	165	149	192	112	247	287	221	281	166
BN0161	197	165	149	192	112	247	287	221	281	166
BN0162	197	165	149	192	112	247	287	221	281	166
BN0164	197	165	151	194	118	253	284	215	284	168
BN0168	197	165	151	194	118	253	284	215	284	168
BN0169	197	165	151	194	112	253	284	211	284	168
BN0170	197	165	151	194	112	253	284	211	284	168
BN0175	197	175	151	194	118	253	284	215	284	168
BN0187	197	165	151	194	112	253	284	215	284	168
BN0192	197	175	149	194	112	268	287	215	281	166
BN0194	197	167	149	194	112	268	287	215	281	166
BN0195	197	167	149	194	112	268	287	215	281	166
BN0196	197	167	149	194	112	268	287	215	281	166
BN0197	197	167	149	194	112	268	287	215	281	166
BN0199	201	163	151	194	103	250	284	211	284	168
BN0200	197	167	149	194	112	268	287	215	281	166
BN0202	197	167	149	194	112	268	287	215	281	166
BN0203	197	167	149	194	112	268	287	215	281	166
BN0204	197	167	149	194	112	268	287	215	281	166
BN0206	197	167	149	194	112	268	287	215	281	166
BN0207	197	167	149	194	112	268	287	215	281	166
BN0208	197	167	149	194	112	268	287	215	281	166
BN0209	197	167	149	194	112	268	287	215	281	166
BN0211	197	167	149	194	112	268	287	215	281	166
BN0212	197	167	149	194	112	268	287	215	281	166
BN0213	197	167	149	194	112	268	287	215	281	166
BN0214	197	167	149	194	112	268	287	215	281	166
BN0215	197	167	149	194	112	268	287	215	281	166
BN0216	197	167	149	194	112	268	287	215	281	166
BN0217	197	167	149	194	112	268	287	215	281	166
BN0218	197	165	151	194	112	253	284	217	284	168
BN0219	197	167	149	999	112	268	287	215	281	999
BN0220	197	167	149	194	112	268	287	215	281	166
BN0221	197	167	149	194	112	268	287	215	281	166
BN0222	197	167	149	194	112	268	287	215	281	166
BN0223	197	175	149	194	112	268	287	217	281	166
BN0225	197	167	149	194	112	268	287	215	281	166
BN0226	197	167	149	194	112	268	287	215	281	166
BN0227	197	167	149	194	112	268	287	215	281	166
BN0228	197	167	149	194	112	268	287	215	281	166
BN0230	197	167	149	194	112	268	287	215	281	166
BN0231	197	167	149	194	112	268	287	215	281	166
BN0233	197	167	149	194	112	268	287	215	281	166
BN0234	197	167	149	194	112	268	287	215	281	166
BN0235	197	167	149	194	112	268	287	215	281	166
BN0236	197	167	149	194	112	268	287	215	281	166
BN0237	197	167	149	194	112	268	287	215	281	166
BN0238	197	167	149	194	112	268	287	215	281	166
BN0239	197	167	149	194	112	268	287	215	281	166
BN0240	197	167	149	194	112	268	287	215	281	166
BN0241	197	167	149	194	112	268	287	215	281	166
BN0243	197	167	149	194	112	268	287	215	281	166
BN0244	197	167	149	194	112	268	287	215	281	166
BN0245	197	167	149	194	112	268	287	215	281	166
BN0246	197	167	149	194	112	268	287	215	281	166
BN0247	197	167	149	194	112	268	287	215	281	166
BN0248	197	167	149	194	112	268	287	215	281	166
BN0252	197	165	151	194	112	253	284	213	284	168
BN0253	197	163	149	194	112	268	287	999	281	166
BN0254	197	165	151	194	118	253	284	213	284	168
BN0256	197	165	151	194	118	253	284	213	284	168
BN0258	197	167	149	194	112	268	287	215	281	166
BN0259	197	167	149	194	112	268	287	215	281	166
BN0260	201	163	151	194	103	250	284	211	284	168
BN0262	197	165	151	194	112	253	284	213	284	168
BN0264	197	165	151	194	112	253	284	213	284	168
BN0265	197	165	151	194	112	253	284	213	284	168
BN0266	197	167	149	194	112	268	287	215	999	166
BN0267	197	167	149	194	112	268	287	215	281	166
BN0269	197	167	149	194	112	268	287	215	281	166
BN0270	197	167	149	194	112	268	287	215	281	166
BN0273	197	167	149	194	112	268	287	215	281	166
BN0274	197	167	149	194	112	268	287	215	281	166
BN0276	197	167	149	194	112	268	287	215	281	166
BN0277	197	167	149	194	112	268	287	215	281	166
BN0278	197	167	149	194	112	268	287	215	281	166
BN0279	197	167	149	194	112	268	287	215	281	166
BN0280	197	167	149	194	112	268	287	215	281	166
BN0281	197	167	149	194	112	268	287	215	281	166
BN0285	201	163	151	194	103	250	284	211	284	168
BN0287	197	177	149	190	112	268	287	219	281	166
BN0288	201	163	151	194	103	250	284	211	284	168
BN0289	197	177	149	190	112	268	287	219	281	166
BN0291	197	167	149	194	112	268	287	215	281	166
BN0293	197	165	151	194	112	253	284	213	284	168
BN0295	197	177	149	190	112	268	287	219	281	166
BN0296	197	167	149	194	112	268	287	215	281	166
BN0297	197	167	149	194	112	268	287	215	281	166
BN0299	197	167	149	194	112	268	287	215	281	166
BN0300	197	177	149	190	112	268	287	219	281	166
BN0301	197	167	149	194	112	268	287	215	281	166
BN0302	197	167	149	194	112	268	287	215	281	166
BN0303	197	167	149	194	112	268	287	215	281	166
BN0304	197	165	151	194	112	253	284	213	284	168
BN0306	197	165	151	999	112	253	284	213	284	168
BN0307	199	163	149	218	121	253	287	223	284	166
BN0308	199	163	149	218	121	253	287	223	284	166
BN0309	197	167	151	194	112	253	284	213	284	168
BN0310	197	167	151	194	112	253	284	213	284	168
BN0313	195	165	153	178	97	265	999	195	999	164
BN0318	197	999	151	194	112	253	284	213	284	168
BN0319	197	167	151	194	112	253	284	213	284	168
BN0321	197	167	151	194	112	253	284	213	284	168
BN0323	197	165	151	194	112	253	284	213	284	168
BN0324	195	185	151	208	999	274	281	201	269	166
BN0326	195	173	151	208	999	274	281	201	269	166
BN0342	197	165	151	194	112	253	284	219	284	168
BN0343	197	165	151	194	112	253	284	219	284	168
BN0344	197	165	151	194	112	253	284	213	284	168
BN0345	197	165	151	194	112	253	284	213	284	168
BN0346	197	165	151	194	112	253	284	219	284	168
BN0347	197	165	151	194	112	253	284	219	284	168
BN0348	197	165	151	194	112	253	284	219	284	168
BN0352	197	163	149	194	109	253	284	999	284	999
BN0353	197	167	151	194	112	253	284	213	284	168
BN0354	197	167	151	194	112	253	284	213	284	168
BN0355	197	167	151	194	112	253	284	213	284	168
BN0356	197	167	151	194	112	253	284	213	284	168
BN0357	197	165	151	194	112	253	284	213	284	168
BN0358	197	163	999	194	109	253	284	215	284	999
BN0359	999	159	151	999	109	241	284	199	272	170
BN0360	999	159	151	999	109	241	284	199	272	170
BN0361	999	159	151	999	109	241	284	199	272	170
BN0362	999	159	151	999	109	241	284	199	272	170
BN0363	197	165	151	194	112	253	284	213	284	168
BN0365	197	165	151	194	112	253	284	213	284	168
BN0366	197	169	151	194	112	253	284	213	284	168
BN0367	197	169	151	194	112	253	284	213	284	168
BN0368	197	169	151	194	112	253	284	213	284	168
BN0369	197	169	151	194	112	253	284	213	284	168
BN0370	197	169	151	194	112	253	284	213	284	168
BN0371	197	169	151	194	112	253	284	213	284	168
BN0414	205	157	151	999	109	241	284	201	272	170
BN0415	197	165	149	192	112	247	287	221	281	166
CD0019	197	165	151	194	112	253	284	213	284	168
CD0052	197	163	151	194	103	250	284	211	284	168
CD0065	199	999	161	220	109	253	281	201	281	164
CD0073	197	163	151	194	103	250	284	209	284	168
CD0096	199	181	151	200	109	259	284	213	284	166
CD0101	197	163	151	194	112	250	284	211	284	168
CD0113	197	167	149	194	112	268	287	223	281	166
CD0122	199	171	163	214	109	253	284	201	281	164
CD0142	199	183	151	200	109	259	284	213	284	166
CD0212	197	163	151	194	103	250	284	211	284	168
CD0213	197	163	151	194	103	250	284	211	999	168
CD0214	197	163	151	194	103	250	284	211	284	168
CD0215	197	163	151	194	103	250	284	211	284	168
CD0216	197	163	151	194	103	250	284	211	284	168
CD0217	197	163	151	194	103	250	284	211	284	168
CD0218	197	163	151	194	103	250	284	211	284	168
CD0219	197	163	151	194	103	250	284	211	284	168
CD0234	199	163	149	999	112	253	287	213	275	166
CD0235	199	163	149	999	112	253	287	213	999	166
CD0236	197	163	151	194	103	250	284	211	284	168
CD0237	197	163	151	194	103	250	284	211	284	168
CD0238	199	163	149	999	112	253	287	213	275	166
CD0239	199	163	149	226	112	253	287	213	275	166
CD0240	197	163	151	194	103	250	284	211	284	168
CD0241	197	163	151	194	103	250	284	211	284	168
CD0242	197	163	151	194	103	250	284	211	284	168
CD0245	197	163	151	194	103	250	284	211	284	168
CD0246	197	163	151	194	103	250	284	211	284	168
CD0247	197	163	151	194	103	250	284	211	284	168
CD0248	197	163	151	194	103	250	284	211	284	168
CD0249	197	163	151	194	103	250	284	211	284	168
CD0250	203	157	151	999	109	241	284	199	272	170
CD0251	203	157	151	999	109	241	284	199	272	170
CD0252	197	163	151	194	103	250	284	211	284	168
CD0253	197	163	151	194	103	250	284	211	284	168
CD0254	197	167	151	194	115	253	284	213	284	168
CD0255	197	167	151	194	115	253	284	213	284	168
CD0259	195	173	151	999	133	274	281	201	266	166
CD0260	197	163	151	194	103	250	284	211	284	168
CD0261	197	163	151	194	103	250	284	211	999	168
CD0269	197	163	151	194	103	250	284	211	284	168
CD0274	197	999	151	194	103	250	284	211	284	168
CD0276	197	163	151	194	103	250	284	211	284	168
CD0277	197	163	151	194	103	250	284	211	284	168
CD0278	197	163	151	194	103	250	284	211	284	168
CD0280	197	163	151	194	103	250	284	211	284	168
CD0281	197	163	151	194	103	250	284	211	284	168
CD0282	197	163	151	194	103	250	284	211	284	168
CD0283	197	163	151	194	103	250	284	211	284	168
CD0284	197	163	151	194	103	250	284	211	284	168
CD0285	197	163	151	194	103	250	284	211	284	168
CD0286	197	167	151	194	115	253	284	213	284	168
CD0287	197	163	151	194	103	250	284	211	284	168
CD0288	197	163	151	194	103	250	284	211	284	168
CD0289	203	157	151	999	109	241	284	201	272	170
CD0290	203	157	151	999	109	241	284	201	272	170
CD0291	197	163	151	194	103	250	284	211	284	168
CD0292	197	163	151	194	103	250	284	211	284	168
CD0293	197	163	151	194	103	250	284	211	284	168
CD0294	197	163	151	194	103	250	284	211	284	168
CD0295	197	163	151	194	103	250	284	211	284	168
CM0028	197	163	151	194	112	250	284	211	284	168
GH0004	197	165	151	194	112	253	284	213	284	168
GH0006	197	165	151	194	112	253	284	215	284	168
GH0007	197	167	151	194	112	253	284	213	284	168
GH0008	197	167	151	194	112	253	284	213	284	168
KN0011	197	175	149	196	112	265	287	217	290	168
KN0012	199	163	149	198	121	253	287	217	284	166
KN0013	197	163	149	226	112	247	287	211	287	166
KN0014	197	163	149	999	112	247	287	211	287	166
KN0015	197	163	149	226	112	247	287	211	287	999
MD0116	197	163	151	200	115	253	284	211	284	168
MD0153	195	195	153	212	97	264	999	999	272	164
MD0187	201	161	161	214	106	253	284	999	281	164
MD0188	197	163	151	194	115	253	284	209	284	168
MD0191	197	163	151	194	115	253	999	211	284	168
MD0194	197	999	151	194	115	253	284	999	284	168
MD0195	197	163	151	200	115	253	284	211	284	168
MD0197	197	163	151	202	115	253	284	211	284	168
MD0200	197	163	151	194	115	253	999	211	999	168
MD0202	197	163	155	194	115	253	284	211	284	168
MD0204	197	163	151	194	118	253	284	211	284	168
MD0207	197	999	149	194	112	267	287	213	284	166
MD0208	197	999	153	194	112	267	287	213	281	166
MD0212	197	999	151	210	115	253	284	999	284	168
MD0214	197	999	151	194	115	999	284	211	284	168
MD0217	197	999	151	194	112	253	284	211	284	168
MD0219	197	999	151	194	112	253	284	213	284	168
MD0223	197	163	151	194	115	253	287	211	287	168
MD0254	197	163	151	194	115	253	284	211	284	168
MD0256	197	163	151	194	115	253	284	211	284	168
MD0260	197	163	151	194	115	253	284	211	284	168
MD0291	197	163	151	200	115	253	284	211	284	168
MD0292	197	163	151	200	115	253	284	211	284	168
MD0312	197	163	151	202	115	253	284	211	284	168
MD0320	197	163	151	200	115	253	284	211	284	168
MD0326	197	163	151	194	115	253	284	213	284	168
MD0338	197	163	151	194	118	253	284	211	284	168
MD0346	197	163	151	194	115	253	284	211	284	168
MD0355	197	163	151	194	115	253	284	211	284	170
MD0731	197	163	151	202	115	253	284	211	284	999
MD0750	197	163	151	194	115	253	284	213	284	168
MD0761	197	163	151	194	115	253	287	213	287	168
MD0763	197	163	151	194	115	253	284	211	281	168
MD0768	197	163	151	194	130	250	284	211	284	168
MD0772	197	163	151	194	115	253	284	213	281	168
MD0774	197	163	151	200	115	253	284	211	284	166
MD0775	197	163	151	200	115	253	284	211	284	166
MD0779	197	163	151	194	115	253	284	211	278	999
MD0780	197	163	151	200	115	256	284	211	284	168
MD0783	197	163	151	194	115	253	281	211	281	168
MD0790	197	163	151	194	115	253	278	211	278	168
MD0792	197	163	151	194	115	253	284	999	284	168
MD0794	197	163	151	200	118	253	284	211	284	168
MD0796	197	163	151	194	118	253	284	211	284	168
MD0801	197	163	155	194	115	253	284	205	284	168
MD0802	197	163	155	194	112	253	284	211	284	168
MD0805	197	163	151	200	115	253	284	213	284	168
MD0812	197	163	151	194	115	253	284	211	278	168
MD0813	197	163	151	194	115	253	281	211	278	168
MD0817	197	163	155	194	115	253	284	211	284	168
MD0819	197	163	151	194	115	253	281	211	281	168
MD0824	197	163	149	194	115	253	284	211	284	168
MD0836	197	163	151	196	118	253	284	211	284	168
MD0839	197	163	151	200	118	253	284	211	284	168
MD0840	197	163	151	200	115	253	281	211	284	168
MD0846	197	163	151	194	115	253	281	211	284	168
MD0866	197	163	153	194	115	253	284	211	284	168
MD0877	197	167	151	194	115	253	999	213	284	168
MD0880	197	163	151	200	115	253	999	211	999	168
MD0892	197	163	151	194	115	253	284	213	284	168
MD0900	197	163	151	194	115	253	287	211	287	168
MD0914	197	163	151	194	115	253	284	211	287	168
MD0919	197	163	151	200	115	253	284	211	269	168
MD0929	197	163	151	194	115	253	284	211	284	168
MD0931	197	163	155	194	115	253	281	211	281	168
MD0942	197	163	151	194	115	253	281	217	284	168
MD0946	197	163	151	194	118	253	281	211	284	168
MD0948	197	163	151	194	115	250	284	211	284	168
MD0952	197	163	151	194	115	253	284	211	284	168
MD0955	197	163	151	194	115	253	284	211	281	168
MD0982	197	163	151	194	118	253	284	211	284	168
MD0991	197	165	151	194	115	253	284	211	284	168
MD1000	197	163	151	194	115	253	284	211	284	168
MD1004	197	163	151	202	115	253	281	211	281	168
MD1010	197	163	149	194	118	253	284	211	284	168
MD1013	197	163	151	194	115	253	284	211	287	168
MD1026	197	163	151	202	115	253	284	211	284	168
MD1032	197	165	151	194	112	253	284	213	284	168
MD1034	197	163	151	200	115	253	287	211	287	168
MD1040	197	999	149	194	112	267	287	215	281	166
MD1044	197	163	151	200	118	253	284	211	284	168
MD1045	197	165	151	200	115	253	284	211	284	168
MD1046	197	163	151	200	115	253	284	211	284	168
MD1048	197	163	151	202	115	253	284	213	284	999
MD1049	197	163	151	200	115	253	284	211	284	168
MD1051	197	163	151	202	115	253	284	211	284	168
MD1054	197	163	151	196	115	999	287	211	287	999
MD1055	197	163	151	194	109	253	284	205	284	168
MD1057	197	163	149	202	115	253	284	211	284	168
MD1061	197	163	151	200	115	253	281	211	281	168
MD1068	197	163	151	200	115	253	281	211	281	168
MD1080	197	163	151	202	115	253	278	211	278	168
MD1087	197	163	155	194	115	253	281	211	278	168
MD1096	197	167	149	194	112	253	287	215	281	168
MD1098	197	163	145	194	115	253	281	211	281	168
MD1171	197	999	151	194	115	253	284	999	275	168
MD1201	197	163	151	194	115	253	284	211	284	168
MD1203	197	163	151	194	115	253	284	211	284	999
MD1208	197	163	151	194	118	253	278	213	281	168
MD1231	197	163	151	194	115	253	254	211	284	168
MD1246	197	163	151	194	115	253	284	211	284	168
MD1285	197	163	151	194	115	253	284	211	281	168
MD1331	197	163	151	192	115	253	284	211	284	166
MD1337	197	163	151	194	127	253	284	211	284	168
MD1341	197	163	151	192	115	253	284	211	284	168
MD1371	197	163	151	194	115	253	284	211	284	168
ML0025	197	165	151	194	112	253	284	215	284	168
ML0058	197	163	151	194	112	250	284	209	284	168
ML0059	199	177	159	212	109	250	284	201	281	164
ML0060	197	163	151	194	112	250	284	209	284	168
ML0061	197	163	159	194	109	250	284	209	281	168
ML0062	199	177	159	212	109	250	284	201	281	164
ML0063	199	177	159	212	109	250	284	201	281	164
ML0064	199	177	159	212	109	250	284	201	281	164
ML0065	197	165	151	194	112	253	284	217	284	168
ML0066	197	165	151	194	112	253	284	217	284	168
ML0067	197	163	151	194	112	250	284	209	284	168
ML0068	197	165	151	194	112	253	284	215	284	168
ML0069	197	165	151	194	112	253	284	215	284	168
ML0070	197	165	151	194	112	253	284	215	284	168
ML0071	197	165	151	194	112	253	284	215	284	168
ML0072	197	165	151	194	112	253	284	215	284	168
ML0073	197	165	151	194	112	253	284	215	284	168
ML0074	197	163	151	194	112	250	284	211	284	168
ML0079	197	163	151	194	112	250	284	211	284	168
MZ0002	197	165	151	194	112	253	284	215	284	168
NG0009	197	163	151	194	112	253	284	213	284	168
NG0010	197	169	151	196	112	253	284	215	284	168
NG0011	197	163	151	194	112	253	284	213	284	168
NG0012	197	169	151	196	112	253	284	215	284	168
NG0013	197	163	151	194	112	253	284	213	284	168
NG0014	197	163	151	194	112	253	284	213	284	168
NG0015	197	163	151	194	112	253	284	213	284	168
NG0016	197	163	151	194	112	253	284	213	284	168
NG0017	197	163	151	194	112	253	284	213	284	168
NG0018	197	163	151	194	112	253	284	213	284	168
NG0019	197	165	151	194	112	253	284	213	284	168
NG0020	197	165	151	194	112	253	284	217	284	168
NG0023	197	165	151	194	112	253	284	213	284	168
NG0025	197	163	151	194	112	253	284	213	284	168
NG0026	201	163	151	194	103	250	284	211	284	168
NG0027	197	165	151	194	112	253	284	213	284	168
NG0028	197	163	151	194	112	253	284	213	284	168
NG0029	197	163	151	194	112	253	284	213	284	168
NG0030	197	163	151	194	112	253	284	213	284	168
NG0031	197	165	151	194	112	253	284	217	284	168
NG0032	197	165	151	194	112	253	284	213	284	168
NG0033	197	165	151	194	112	253	284	213	284	168
NG0034	197	165	151	194	112	253	284	213	284	168
NG0035	197	163	151	194	112	253	284	213	284	168
NG0036	197	165	151	194	112	253	284	213	284	168
NG0037	197	165	151	194	112	253	284	213	284	168
NG0038	197	163	151	194	112	253	284	213	284	168
NG0039	197	165	151	194	112	253	284	213	284	168
NG0040	197	165	151	194	112	253	284	213	284	168
NG0041	197	165	151	194	112	250	284	213	284	168
NG0042	197	165	151	194	112	253	284	213	284	168
NG0043	197	163	151	194	112	253	284	213	284	168
NG0044	197	163	151	194	112	253	284	213	284	168
NG0046	197	163	151	194	112	253	284	213	284	168
NG0047	197	165	151	194	112	253	284	213	284	168
NG0048	197	163	151	194	112	253	284	213	284	168
NG0050	197	163	151	194	112	253	284	213	284	168
NG0051	197	163	151	194	112	253	284	213	284	168
NG0052	197	163	151	194	112	253	284	213	284	168
NG0053	197	163	151	194	112	253	284	213	284	168
NG0054	197	163	151	194	112	253	284	213	284	168
NG0055	197	163	151	194	112	253	284	213	284	168
NG0056	197	165	151	194	112	253	284	213	284	168
NG0057	197	163	151	194	112	253	284	213	284	168
NG0058	197	163	151	194	112	253	284	213	284	168
NG0059	197	163	151	194	112	253	284	213	284	168
NG0060	197	163	151	194	112	253	284	213	284	168
NG0061	197	165	151	194	133	253	284	215	284	168
NG0062	197	163	151	194	112	253	284	213	284	168
NG0063	197	163	151	194	112	253	284	213	284	168
NG0064	197	163	151	194	112	253	284	213	284	168
NG0065	197	165	151	216	112	253	284	217	284	168
NG0066	197	165	151	194	112	253	284	213	284	168
NG0067	197	165	151	194	112	253	284	213	284	168
NG0068	197	163	151	194	112	253	284	213	284	168
NG0069	197	165	151	194	112	253	284	213	284	168
NG0070	197	165	151	194	112	253	284	213	284	168
NG0071	197	165	151	194	112	253	284	213	284	168
NG0072	197	165	151	194	112	253	284	213	284	168
NG0073	197	165	151	194	112	253	284	213	284	168
NG0074	197	165	151	194	112	253	284	213	284	168
NG0075	197	165	151	194	112	253	284	213	284	168
NG0076	197	163	151	194	112	250	284	209	284	168
NG0077	197	163	151	194	112	253	284	213	284	168
NG0078	197	165	151	194	112	253	284	213	284	168
NG0080	197	163	151	194	112	253	284	213	284	168
NG0081	197	165	151	194	112	253	284	213	284	168
NG0082	197	163	151	194	112	253	284	213	284	168
NG0083	197	163	151	194	112	250	284	209	284	168
NG0084	197	165	151	194	112	253	284	213	284	168
NG0085	197	165	151	194	112	253	284	213	284	168
NG0086	197	163	151	194	112	250	284	209	284	168
NG0087	197	163	151	194	112	250	284	209	284	168
NG0088	199	177	159	212	109	250	284	201	281	164
NG0089	197	165	151	194	112	253	284	217	284	168
NG0090	197	165	151	194	112	253	284	213	284	168
NG0091	197	163	151	194	112	253	284	213	284	168
NG0092	197	163	151	194	112	253	284	213	284	168
NG0093	197	165	151	194	112	253	284	213	284	168
NG0094	197	165	151	194	112	253	284	213	284	168
NG0095	197	163	151	194	112	253	284	211	284	168
NG0096	197	163	151	194	112	253	284	213	284	168
NG0097	197	165	151	194	112	253	284	211	284	168
NG0098	197	165	151	194	112	253	284	211	284	168
NG0099	197	165	151	194	112	253	284	211	284	168
NG0100	197	163	151	194	112	253	284	211	284	168
NG0101	197	165	151	194	112	253	284	999	284	168
NG0102	197	163	999	194	112	253	284	213	999	170
NG0103	197	163	151	999	112	253	284	213	284	168
NG0104	197	165	151	194	112	253	284	217	284	168
NG0105	197	163	151	194	112	253	284	211	284	168
NG0106	197	163	151	194	112	253	284	213	284	168
NG0107	197	165	151	194	112	253	284	211	284	168
NG0108	197	165	151	194	112	253	284	211	284	168
NG0109	197	165	151	194	112	253	284	211	284	168
NG0110	197	165	151	194	112	253	284	215	284	168
NG0111	197	165	151	194	112	253	284	213	284	168
NG0113	197	163	151	194	112	253	284	213	284	168
NG0115	197	163	151	194	112	253	284	211	284	168
NG0116	197	163	151	194	112	253	284	211	284	168
NG0117	197	165	151	194	112	253	284	211	284	168
NG0118	197	165	151	194	112	268	287	213	284	166
NG0119	197	163	151	194	112	253	284	213	284	168
NG0120	197	163	151	194	112	253	284	213	284	168
NG0121	197	171	151	194	112	268	287	211	284	166
NG0122	197	163	151	194	112	253	284	213	284	168
NG0123	197	163	151	194	112	253	284	211	284	168
NG0124	197	165	151	194	112	253	284	211	284	168
NG0125	197	165	151	194	112	253	284	999	284	168
NG0126	197	163	151	194	112	253	284	213	999	168
NG0127	197	163	151	194	112	253	284	213	284	168
NG0128	197	165	151	194	112	253	284	213	284	168
NG0129	197	163	151	194	112	253	284	211	284	168
NG0130	197	163	151	194	112	253	284	213	284	168
NG0131	197	163	151	194	112	253	284	211	284	168
NG0132	197	163	151	194	112	253	284	211	284	168
NG0133	197	163	151	194	112	253	284	999	284	168
NG0134	197	165	151	194	112	253	284	211	284	168
NG0135	197	163	167	194	124	253	284	211	278	168
NG0136	197	163	151	194	115	253	284	211	284	168
NG0137	197	999	151	194	112	253	284	213	284	168
NG0138	197	163	151	194	112	253	284	211	284	168
NG0139	197	163	151	194	112	253	284	211	284	168
NG0140	197	163	151	194	112	253	284	211	284	168
NG0141	197	163	151	194	112	253	284	211	284	168
NG0142	197	165	151	194	112	253	284	211	284	168
NG0143	197	163	151	194	112	253	284	213	284	168
NG0144	197	163	151	194	112	253	284	213	284	168
NG0145	197	163	151	194	112	253	284	213	284	168
NG0146	197	165	151	194	112	253	284	213	284	170
NG0147	197	163	151	194	112	253	284	211	284	168
NG0148	197	165	151	194	112	253	284	217	284	168
NG0149	197	165	151	194	112	253	284	213	284	168
NG0150	197	163	149	194	112	253	284	213	284	168
NG0151	197	163	151	194	112	253	284	213	284	168
NG0152	197	165	151	194	112	253	284	213	284	168
NG0153	197	163	151	194	112	253	284	213	284	168
NG0154	197	163	151	194	112	253	284	213	284	168
NG0155	197	163	151	194	112	253	284	211	284	168
NG0156	197	165	151	194	112	253	284	211	284	168
NG0157	197	163	151	194	112	253	284	213	284	168
NG0158	197	163	151	194	112	253	284	213	284	168
NG0159	197	163	151	194	112	253	284	213	284	168
NG0160	197	165	151	194	112	253	284	213	284	168
NG0161	197	165	151	194	112	253	284	213	284	168
NG0162	197	163	151	194	112	253	284	213	284	168
NG0163	197	165	151	194	112	253	284	211	284	168
NG0164	197	165	151	194	112	253	284	211	284	168
NG0165	197	165	151	194	112	253	284	213	284	168
NG0166	197	165	151	194	112	253	284	213	284	168
NG0167	197	163	151	194	112	253	284	213	284	168
NG0168	197	163	151	194	112	253	284	213	284	168
NG0169	197	165	151	194	112	253	284	213	284	168
NG0170	197	163	151	194	112	253	284	211	284	168
NG0171	197	163	151	194	112	253	284	211	284	168
NG0172	197	163	151	194	112	253	284	211	284	168
NG0173	197	165	151	194	112	253	284	213	284	168
NG0174	197	163	151	194	112	253	284	213	284	168
NG0175	197	163	151	194	112	253	284	213	284	168
NG0176	197	165	151	194	112	253	284	213	284	168
NG0177	197	165	151	194	112	253	284	203	284	168
NG0178	197	163	151	194	112	253	284	213	284	168
NG0179	197	163	151	194	112	253	284	211	284	168
NG0180	197	165	151	194	112	253	284	213	284	168
NG0181	197	163	151	194	112	253	284	213	284	168
NG0182	197	163	151	194	112	253	284	211	284	168
NG0183	197	165	151	194	112	253	284	211	284	168
NG0184	197	163	151	194	112	253	284	213	284	168
NG0185	197	163	151	194	112	253	284	213	284	168
NG0186	197	163	151	194	112	253	284	213	284	168
NG0187	197	165	151	194	112	253	284	217	284	168
NG0188	197	163	151	194	112	253	284	213	284	168
NG0189	197	165	151	194	112	253	284	213	284	168
NG0190	197	165	151	194	112	253	284	213	284	170
NG0191	197	163	151	194	115	253	284	213	284	168
NG0192	197	163	151	200	112	253	284	213	284	168
NG0193	197	165	151	194	112	253	284	217	284	168
NG0194	197	163	151	194	112	253	284	213	284	168
NG0195	197	163	151	194	112	253	284	213	284	168
NG0196	197	165	151	194	112	253	284	213	284	168
NG0197	197	165	151	194	112	253	284	217	284	168
NG0198	197	163	151	194	112	253	284	213	284	168
NG0199	197	163	151	194	112	253	284	213	284	168
NG0200	197	165	151	194	112	253	284	213	284	168
NG0201	197	163	151	194	112	253	299	213	284	168
NG0202	197	165	151	194	112	253	284	213	284	168
NG0203	197	165	151	194	112	253	284	213	284	168
NG0204	197	165	151	194	112	253	284	213	284	168
NG0205	197	163	151	194	112	250	284	209	284	168
NG0206	197	163	151	194	112	253	284	213	284	168
NG0207	197	163	151	194	112	253	284	213	284	168
NG0208	197	163	151	194	112	253	284	213	284	168
NG0209	197	165	151	194	112	253	284	213	284	168
NG0210	197	165	151	194	112	253	284	213	284	999
NG0211	197	163	151	194	112	253	284	213	284	168
NG0212	197	163	151	194	999	253	284	213	284	168
NG0213	197	165	151	194	112	253	284	213	284	168
NG0214	197	163	151	194	112	253	284	213	284	168
NG0215	197	163	151	194	112	253	284	213	284	168
NG0216	197	163	151	194	112	253	284	213	284	168
NG0217	197	165	151	194	112	253	284	213	284	168
NG0218	197	165	151	194	112	253	284	213	284	168
NG0219	197	163	151	194	112	253	284	213	284	168
NG0221	197	165	151	194	112	253	284	213	284	168
NG0222	197	165	151	194	112	253	284	213	284	168
NG0223	197	163	151	194	112	253	284	213	284	168
NG0229	197	163	151	194	112	253	284	213	284	168
NG0230	197	163	151	194	112	253	284	213	284	168
NG0231	197	165	151	194	112	253	284	213	284	168
NG0233	197	163	151	194	112	253	284	213	284	168
NG0234	197	165	151	194	112	253	284	213	284	168
NG0235	197	163	151	194	112	253	284	213	284	168
NG0237	197	165	151	194	112	253	284	213	284	168
NG0238	197	163	151	194	112	253	284	213	284	168
NG0239	197	163	151	194	112	253	284	213	284	168
NG0240	197	163	151	194	112	256	284	213	284	168
NG0241	197	163	151	194	112	253	284	213	284	168
NG0242	197	165	151	194	112	253	284	213	284	168
NG0244	197	163	151	194	112	253	284	213	284	168
NG0245	197	171	149	194	112	268	287	213	281	166
NG0246	197	163	151	194	112	253	284	213	284	168
NG0247	197	163	151	194	112	253	284	213	284	168
NG0248	197	163	151	194	112	253	284	213	284	168
NG0249	197	165	151	194	112	253	284	213	284	168
NG0251	197	163	151	194	112	253	284	213	284	168
NG0252	197	165	151	194	112	253	284	213	284	168
NG0253	197	163	151	194	112	253	284	213	284	168
NG0254	197	163	151	194	112	253	284	213	284	168
NG0255	197	163	151	194	112	253	284	213	284	168
NG0256	197	165	151	194	112	253	284	217	284	168
NG0257	197	163	151	194	112	253	284	213	284	168
NG0259	197	165	151	194	112	253	284	213	284	168
NG0260	197	163	151	194	112	253	284	213	284	168
NG0261	197	163	151	194	112	253	284	213	284	168
NG0262	197	163	151	194	112	253	284	213	284	168
NG0263	197	163	151	194	112	253	284	213	284	168
NG0264	197	163	151	194	112	253	284	213	284	168
NG0265	197	165	151	194	112	253	284	217	284	168
NG0266	197	165	151	194	112	253	284	213	284	168
NG0267	197	163	151	194	112	253	284	213	284	168
NG0269	197	165	151	194	112	253	284	213	284	168
NG0270	197	163	151	194	112	253	284	213	284	168
NG0271	197	163	151	194	112	253	284	213	284	168
NG0272	197	163	151	194	112	253	284	213	284	168
NG0273	197	163	151	194	112	253	284	213	284	168
NG0276	197	165	151	194	112	253	284	213	284	168
NG0277	197	163	151	194	112	253	284	213	284	168
NG0280	197	163	151	194	112	253	284	213	284	168
NR0001	197	173	151	194	112	268	287	217	281	166
NR0002	197	173	151	194	112	268	287	217	281	166
NR0003	197	175	151	194	112	268	287	215	281	166
NR0004	201	157	151	170	109	241	284	201	269	174
NR0005	201	157	151	170	109	241	284	201	269	174
NR0006	197	157	151	170	109	241	284	199	269	174
NR0007	201	157	151	170	109	241	284	201	269	174
NR0009	197	165	151	194	115	253	284	215	284	168
NR0010	197	165	151	194	115	253	284	215	284	168
NR0011	197	165	151	194	115	253	284	215	284	168
NR0012	197	165	151	194	115	253	284	215	284	168
NR0013	197	165	151	194	115	253	284	215	284	168
NR0014	201	157	151	170	109	241	284	199	269	174
NR0015	199	157	151	170	109	241	284	199	269	174
NR0016	201	157	151	170	109	241	284	201	269	174
NR0017	201	157	151	170	109	241	284	201	269	174
NR0018	201	157	151	170	109	241	284	201	269	174
NR0019	199	157	151	170	109	241	284	201	269	174
NR0020	199	157	151	170	109	241	284	201	269	174
NR0021	199	157	151	170	109	241	284	201	269	174
NR0022	199	157	151	170	109	241	284	201	269	174
NR0023	199	157	151	170	109	241	284	201	269	174
NR0024	197	157	151	999	109	241	284	201	269	174
NR0025	199	157	151	170	109	241	284	201	269	174
NR0026	201	157	151	170	109	241	284	201	269	174
NR0027	201	157	151	170	109	241	284	999	269	174
NR0028	201	157	151	170	109	241	284	201	269	174
NR0029	999	157	151	170	109	241	284	201	269	174
NR0031	203	157	151	170	109	241	284	201	272	999
NR0033	203	157	151	170	109	241	284	201	272	999
NR0034	203	157	151	170	109	241	284	201	272	999
NR0035	203	157	151	170	109	241	284	201	272	999
NR0036	203	157	151	170	109	241	284	201	272	999
NR0037	203	157	151	170	109	241	284	201	272	999
NR0038	203	157	151	170	109	241	284	201	272	999
NR0039	203	157	151	170	109	241	284	201	272	999
NR0040	203	157	151	170	109	241	284	201	272	999
NR0041	201	157	151	170	109	241	284	201	269	174
NR0043	201	157	151	170	109	241	284	201	269	174
NR0044	201	157	151	170	109	241	284	201	269	999
NR0045	201	157	151	170	109	241	284	201	269	174
NR0046	197	169	151	194	112	253	284	221	284	168
NR0047	197	169	151	194	112	253	284	221	284	168
NR0048	197	169	151	194	112	253	284	221	284	168
NR0049	197	169	151	194	112	253	284	221	284	168
NR0050	197	169	151	194	112	253	284	221	284	168
NR0051	197	169	151	194	112	253	284	221	284	168
OG0007	197	163	149	226	112	247	287	213	287	166
OG0008	197	163	149	226	112	247	287	213	287	999
OG0009	197	999	151	194	112	253	284	221	284	168
OG0010	197	163	149	226	112	247	287	217	287	166
OG0011	197	163	149	226	112	247	287	211	287	166
TG0001	197	167	151	194	112	253	284	213	284	168
TG0002	197	167	151	194	112	253	284	213	284	168
TG0003	199	167	151	194	109	253	284	201	281	164
TG0004	199	189	165	218	109	253	284	201	281	164
TG0005	197	169	151	194	112	253	284	213	284	168
TG0006	197	167	151	194	112	253	284	213	284	168
TG0007	197	167	151	194	112	253	284	213	284	168
TG0008	199	187	165	218	109	253	284	201	281	164
TG0009	197	167	151	194	112	253	284	213	284	168
TG0010	197	167	151	194	112	253	284	213	284	168
TG0011	197	167	151	194	112	253	284	213	284	168
TG0012	197	167	151	194	112	253	284	213	284	168
TG0013	197	167	151	194	112	253	284	213	284	168
TG0014	197	167	151	194	112	253	284	213	284	168
TG0015	197	167	151	194	112	253	284	213	284	168
TG0016	197	167	151	194	112	253	284	213	284	168
TG0017	197	167	151	194	112	253	284	213	284	168
TG0018	197	167	151	194	112	253	284	213	284	168
TG0019	197	167	151	194	112	253	284	213	284	168
TG0020	197	167	151	194	112	253	284	213	284	168
TG0021	197	167	151	194	112	253	284	213	284	168
TG0022	197	167	151	194	112	253	284	213	284	168
TG0023	197	167	151	194	112	253	284	213	284	168
TG0024	199	187	165	218	109	253	284	201	281	164
TG0025	197	167	151	194	112	253	284	213	284	168
TG0026	197	167	151	194	112	253	284	213	284	168
TG0027	197	167	151	194	112	253	284	213	284	168
TG0028	199	187	165	218	109	253	284	201	281	164
TG0029	197	167	151	194	112	253	284	213	284	168
TG0030	197	167	151	194	112	253	284	215	284	168
TG0031	197	167	151	194	112	253	284	213	284	168
TG0032	197	187	151	194	112	253	284	213	284	168
TG0033	197	167	151	194	112	253	284	213	284	168
TG0034	197	167	151	194	112	253	284	213	284	168
TG0035	197	167	151	194	112	253	284	213	284	168
TG0036	199	189	165	218	109	253	284	201	281	164
TG0037	197	167	151	194	112	253	284	213	284	168
TG0038	197	167	151	194	112	253	284	213	284	168
TG0039	199	189	165	218	109	253	284	201	281	164
TG0040	199	189	165	218	109	253	284	201	281	164
TG0042	199	189	165	218	109	253	284	201	281	164
TG0043	199	189	165	218	109	253	284	201	281	164
TG0044	199	999	149	220	112	253	284	201	281	164
TG0045	199	185	169	218	112	253	284	219	281	166
TG0046	199	185	169	218	112	253	284	219	281	166
TG0047	197	167	151	194	112	253	284	213	284	168
TG0049	197	167	151	194	112	253	284	213	284	168
TG0050	197	167	151	194	112	253	284	213	284	168
TG0052	199	185	169	218	112	253	284	219	281	166
TG0053	197	197	159	222	112	253	284	201	284	164
TG0054	197	165	151	196	112	253	284	211	284	170
TG0055	197	167	151	194	112	253	284	213	284	168
TG0056	197	167	149	194	112	271	287	217	281	166
TG0057	197	167	151	194	112	253	284	213	284	168
TG0058	199	167	165	218	112	253	284	221	281	166
TG0060	197	191	163	214	109	253	284	201	281	164
TG0061	197	167	151	194	112	253	284	213	284	168
TG0062	197	165	151	194	112	253	284	215	284	168
TG0063	197	165	151	194	112	253	284	213	284	168
TG0064	199	167	165	218	112	253	284	219	281	166
TG0065	199	193	161	220	112	253	284	201	281	164
TG0066	197	167	151	194	112	253	284	213	284	168
TG0067	197	167	151	194	112	253	284	213	284	168
TG0068	199	999	151	218	112	253	284	219	281	166
TG0069	197	165	149	194	112	253	999	213	284	166
TN0001	199	167	151	216	109	259	281	217	281	166
TN0002	199	167	151	216	109	259	281	215	281	166
TN0003	199	167	151	218	109	259	281	215	281	166
TN0004	199	167	151	216	109	259	281	215	281	166
TN0005	197	163	149	222	999	247	287	213	287	166
TN0006	199	167	151	216	109	259	281	215	281	166
TN0007	197	163	149	999	112	247	287	215	287	166
TN0008	197	163	149	224	112	247	287	999	287	166
TN0009	199	167	151	216	109	259	281	215	281	166
TN0011	199	167	151	216	109	259	281	215	281	166
TN0012	199	167	151	216	109	259	281	215	281	166
TN0013	199	167	151	216	109	259	281	215	281	166
TN0014	199	167	151	218	109	259	281	215	281	166
TN0015	199	167	151	218	109	259	281	215	281	166
TN0016	199	167	151	216	109	259	281	213	281	166
TN0017	199	167	151	216	109	259	281	215	281	166
TN0019	199	167	151	216	109	259	281	215	281	166
TN0020	199	167	151	216	109	259	281	215	281	166
TN0021	199	167	151	216	109	259	281	215	281	166
TN0022	199	167	151	218	109	259	281	215	281	166
TN0023	199	167	151	216	109	259	281	217	281	166
TN0024	199	167	151	216	109	259	281	215	281	166
TN0025	199	167	151	218	109	259	281	215	281	166
TN0026	199	167	151	218	109	259	281	215	281	166
TN0027	199	167	151	216	109	259	281	215	281	166
TN0028	199	167	151	214	109	259	281	215	281	166
TN0029	199	167	151	216	109	259	281	215	281	166
TN0030	199	167	151	216	109	259	281	215	281	166
TN0031	199	167	151	216	109	259	281	215	281	166
TN0032	199	167	151	216	109	259	281	215	281	166
TN0033	199	167	151	216	109	259	281	215	281	166
TN0034	199	167	151	216	109	259	281	215	281	166
TN0035	197	163	149	222	112	247	287	215	287	166
TN0036	199	167	151	216	109	259	281	215	281	166
TN0037	197	163	149	222	112	247	287	215	287	166
TN0038	197	163	149	222	112	247	287	213	287	166
TN0039	199	167	151	216	109	259	281	215	281	166
TN0040	197	163	149	222	112	247	287	215	287	166
TN0041	199	167	151	216	109	259	281	215	281	166
TN0042	197	163	149	222	112	247	287	215	287	166
TN0043	199	167	151	216	109	259	281	215	281	166
TN0044	197	163	149	222	112	247	287	215	287	166
TN0045	197	163	149	222	121	247	287	215	287	166
TN0046	199	167	151	999	109	259	281	215	281	166
TN0047	197	163	149	999	112	247	287	217	287	166
TN0048	197	163	149	222	112	247	287	215	287	166
TN0049	199	167	151	216	109	259	281	215	281	166
TN0050	197	163	149	222	112	247	287	215	287	166
TN0051	199	167	151	216	109	259	281	215	281	166
TN0052	199	167	151	216	109	259	281	215	281	166
TN0053	199	167	151	216	109	259	281	215	281	166
TN0054	199	167	151	216	109	259	281	215	281	166
TN0055	199	167	151	216	109	259	281	215	281	166
TN0056	199	167	151	216	109	259	281	215	281	166
TN0057	197	163	149	224	112	247	287	213	287	166
TN0058	197	163	149	224	112	247	287	213	287	166
TN0059	199	167	151	216	109	259	281	215	281	166
TN0060	197	163	149	222	112	247	287	217	287	166
TN0061	199	167	151	216	109	259	281	215	281	166
TN0062	199	167	151	216	109	259	281	215	281	166
TN0064	199	167	151	216	109	259	281	215	281	166
TN0065	199	167	151	216	109	259	281	213	281	166
TN0066	199	167	151	218	109	259	281	215	281	166
TN0067	199	167	151	216	109	259	281	215	281	166
TN0068	197	163	149	220	112	247	287	215	287	166
TN0069	199	167	151	216	109	259	281	215	281	166
TN0070	197	165	149	220	112	247	287	213	287	166
TN0071	199	167	151	216	109	259	281	215	281	166
TN0072	199	167	151	216	109	259	281	215	281	166
TN0073	199	167	151	216	109	259	281	215	281	166
TN0074	199	167	151	216	109	259	281	215	281	166
TN0075	199	167	151	216	109	259	281	215	281	166
TN0076	199	167	151	216	109	259	281	215	281	166
TN0077	199	167	151	216	109	259	281	215	281	166
TN0078	197	163	149	220	112	247	287	217	287	166
TN0079	199	167	151	216	109	259	281	215	281	166
TN0080	197	163	149	220	112	247	287	215	287	166
TN0081	199	167	151	216	109	259	281	215	281	166
TN0082	199	167	151	216	109	259	281	215	281	166
TN0083	199	167	151	216	109	259	281	215	281	166
TN0084	199	167	151	216	109	259	281	215	281	166
TN0085	199	167	151	216	109	259	281	215	281	166
TN0086	199	167	151	218	109	259	281	215	281	166
TN0088	197	163	149	220	112	247	287	217	287	166
TN0089	197	163	149	220	112	247	287	215	302	166
TN0090	199	167	151	214	109	259	281	215	281	166
TN0091	199	167	151	216	109	259	281	215	281	166
TN0092	199	167	151	216	109	259	281	215	281	166
TN0093	199	167	151	216	109	259	281	215	281	166
TN0094	199	167	151	216	109	259	281	215	281	166
TN0096	199	167	151	216	109	259	281	215	281	166
TN0097	199	167	151	216	109	259	281	215	281	166
TN0098	197	163	149	220	112	247	287	217	287	166
TN0099	199	167	151	216	109	259	281	215	281	166
SN0009	999	163	151	194	112	250	284	211	284	168
CH0328	197	167	151	194	112	253	284	213	284	168
CH0336	197	165	151	194	112	253	284	217	284	168
CH0337	197	169	151	194	112	253	284	213	281	168
CH0338	197	165	149	194	112	268	290	215	284	166
CH0446	201	165	151	192	112	259	287	215	284	168
CH0452	199	163	151	198	112	262	287	221	284	170
CH0454	199	163	169	220	112	253	287	999	284	170
CH0456	197	169	151	194	112	253	999	211	284	168
CH0460	199	167	151	212	109	259	284	211	284	168
CH0461	199	163	169	999	112	253	284	209	284	170
CH0462	199	163	999	999	112	253	287	211	284	170
CH0465	199	169	169	220	112	253	287	999	284	170
CH0472	197	171	149	194	112	268	287	215	278	166
CH0473	199	165	151	194	100	253	284	211	278	166
CH0475	199	999	151	999	109	280	284	217	281	168
CH0531	197	165	149	194	109	259	287	215	284	166
CH0532	197	169	149	194	112	268	287	217	278	166
CH0533	197	165	151	192	109	259	287	215	278	166
CH0539	199	999	151	194	109	268	287	215	284	166
CH0540	197	165	163	194	109	259	999	217	999	166
CH0549	197	165	151	194	115	253	284	215	284	166
CH0550	199	165	149	194	109	259	287	219	293	166
CH0551	199	171	149	194	112	259	287	217	293	166
CH0552	197	169	149	196	115	268	287	217	278	166
CH0553	197	169	149	194	112	268	287	999	281	168
CH0556	197	171	149	194	112	268	287	215	278	168
CH0561	199	167	151	194	109	253	999	999	284	166
CH0562	199	165	149	194	109	256	287	219	293	166
CH0564	199	165	151	194	109	259	999	211	284	166
CH0565	199	165	153	194	112	259	287	215	287	168
CH0566	197	165	151	194	115	253	284	215	284	168
CH0567	197	167	161	194	109	259	287	217	287	166
CH0571	199	165	149	194	109	253	287	215	287	168
CH0574	197	171	151	194	112	253	287	215	278	166
CH0578	197	167	151	194	112	250	284	211	284	168
CH0581	197	171	151	194	112	268	287	215	278	166
CH0675	197	169	149	194	112	268	290	213	281	166
CH0676	197	169	149	194	118	268	290	217	281	166
CH0677	197	165	149	194	112	265	287	229	281	168
CH0678	197	173	149	194	112	268	287	241	281	168
CH0680	197	165	151	196	112	253	284	211	281	168
CH0681	197	179	151	196	118	253	284	211	281	168
CH0689	197	165	149	194	112	268	290	213	281	166
CH0690	197	165	151	196	112	253	290	211	281	168
CH0694	199	167	149	222	100	253	287	213	284	166
CH0695	199	167	149	196	133	253	287	213	284	166
CH0696	199	167	149	222	133	253	287	213	284	166
CH0702	199	167	149	222	136	253	287	213	284	166
CH0704	197	165	149	194	112	274	287	211	284	168
CH0712	197	165	151	194	112	999	284	213	284	166
CH0713	197	165	151	194	112	253	287	213	284	166
CH0714	197	165	151	196	112	253	284	211	284	168
CH0715	197	165	151	194	112	253	284	211	284	168
CH0716	197	165	151	194	112	253	284	215	284	168
CH0718	197	165	151	196	112	253	284	215	284	168
CH0719	197	167	151	194	112	253	284	215	284	168
CH0860	197	171	149	194	112	268	287	219	278	166
CH0863	197	171	149	194	112	268	287	215	281	166
CH0866	197	171	149	194	112	268	287	217	278	166
CH0997	205	173	161	216	112	253	284	225	281	166
CH0998	205	163	161	188	109	253	284	229	270	168
CH0999	205	165	151	220	109	253	284	213	281	168
CH1000	201	163	149	194	112	274	287	213	273	166
CH1001	205	173	161	188	112	253	284	223	284	166
CH1002	205	175	169	216	112	253	284	239	284	166
CH1003	205	163	163	194	112	253	287	211	281	166
CH1004	205	173	161	220	109	253	284	227	284	168
CH1005	207	165	163	196	109	253	284	223	278	170
CH1007	205	165	163	216	109	253	284	225	278	170
CH1008	205	175	169	218	115	253	284	211	284	166
CH1009	205	173	163	196	109	253	284	223	284	168
CH1010	205	165	151	216	109	253	284	225	278	170
CH1011	199	169	165	194	106	253	287	211	284	166
CH1012	205	165	165	216	109	253	284	225	278	170
CH1013	199	169	165	194	118	253	287	211	284	166
CH1014	207	175	163	196	112	253	287	239	284	168
CH1017	205	163	161	216	109	999	284	211	284	170
CH1018	207	165	163	196	112	253	284	223	287	166
CH1019	205	165	173	200	109	253	284	225	278	168
CH1020	205	173	151	194	109	253	287	213	278	166
CH1064	207	173	167	218	109	253	284	211	284	170
CH1065	205	169	165	192	109	253	284	229	284	166
CH1066	205	165	161	200	109	256	284	239	278	168
CH1069	205	165	161	216	109	253	284	211	284	999
CH1070	205	165	161	216	109	253	284	223	284	999
CH1071	205	165	163	218	109	253	284	225	281	166
CH1072	205	165	999	216	109	253	284	225	278	168
CH1073	205	173	167	220	112	253	284	223	281	170
CH1074	205	165	161	200	109	253	284	225	278	170
CH1075	201	173	161	218	109	253	284	223	278	170
CH1076	207	165	163	192	109	253	284	239	284	168
CH1079	205	173	169	220	112	253	284	225	281	170
CH1080	207	173	163	196	112	253	284	223	284	168
CH1081	207	173	163	196	112	253	284	243	284	166
CH1083	205	165	165	999	109	253	284	213	278	170
CH1084	205	165	161	200	109	253	284	225	278	168
CH1087	207	175	163	218	112	253	284	225	278	166
CH1088	205	163	161	218	109	319	284	213	278	170
CH1091	205	165	161	200	109	256	284	205	278	168
CH1092	205	173	169	220	112	253	284	223	281	170
CH1093	205	175	163	999	112	253	284	205	278	999
CH1095	207	175	163	220	112	319	284	213	281	170
CH1096	205	165	161	216	109	253	281	229	284	168
CH1097	199	177	161	218	112	253	287	225	284	168
CH1098	205	175	167	196	112	253	284	223	284	170
CH1100	205	175	163	196	112	319	287	211	284	168
CH1101	205	165	161	196	109	253	284	213	284	166
CH1102	205	165	167	194	124	278	284	213	278	166
CH1103	203	163	165	194	124	278	284	211	281	166
CH1104	199	163	163	188	109	253	284	211	270	166
CH1105	205	165	163	218	109	253	284	223	281	166
CH1106	199	165	151	188	112	253	287	211	278	166
CH1110	205	163	165	214	109	253	284	213	281	166
CH1111	205	163	161	216	109	296	284	217	284	170
CH1112	205	163	165	228	109	253	281	217	278	166
CH1116	199	173	167	999	112	253	287	223	284	170
CH1117	207	165	159	218	112	253	284	223	281	168
CH1118	999	175	169	194	112	253	287	215	281	166
CH1119	203	163	161	200	109	253	284	213	278	168
CH1120	207	163	161	194	112	274	284	215	278	166
CH1121	205	165	161	216	109	253	284	225	278	170
CH1123	205	165	169	220	109	253	284	223	284	170
CH1124	205	165	161	216	109	253	284	227	284	170
CH1125	205	175	163	214	109	253	284	223	278	168
CH1126	207	173	167	218	109	253	284	211	284	166
CH1127	205	167	163	216	109	253	284	213	278	166
CH1130	205	165	167	216	109	253	284	225	278	170
CH1135	205	165	165	228	109	253	281	217	278	166
CH1138	999	165	149	216	109	253	284	225	278	170
CH1140	205	173	169	999	112	253	284	221	284	168
CH1142	207	175	163	218	112	319	287	213	278	168
CH1143	207	175	167	216	112	253	287	211	284	166
CH1144	205	163	159	999	112	278	284	211	284	168
CH1146	999	177	163	216	112	253	287	239	284	170
CH1150	999	165	163	216	112	253	287	223	284	168
CH1151	205	165	163	196	112	253	284	243	284	166
CH1152	999	163	161	218	109	319	284	215	278	170
CH1153	203	175	163	216	112	253	284	225	284	168
CH1158	199	163	169	216	112	280	287	213	284	166
CH1161	999	175	163	194	112	253	284	999	278	170
CH1164	199	163	161	256	109	253	284	211	284	168
CH1166	199	163	161	218	109	253	284	211	999	168
CL00.1.10.	197	999	151	194	112	253	999	999	284	168
CL00.1.18.	999	999	151	194	112	999	284	215	284	168
CL00.1.2.	197	167	151	194	112	253	999	217	284	168
CL00.1.5.	197	999	151	194	118	253	284	219	284	168
CL0129	197	165	151	194	112	250	284	213	284	170
CL0133	197	169	151	194	112	250	284	213	284	170
CL0138	197	167	151	194	112	250	284	213	284	170
CL0139	197	165	151	194	112	250	284	213	299	170
CL0156	197	165	151	196	112	250	284	213	284	170
FR0004	197	167	149	194	112	268	287	215	281	166
FR0157	197	167	149	194	112	268	287	221	281	166
FR0160	197	167	149	196	112	268	287	215	281	166
FR0167	197	169	149	194	112	268	287	219	281	166
FR0176	197	169	149	194	112	268	287	221	281	166
FR0180	197	169	151	194	112	268	287	223	281	166
FR0181	197	171	149	194	112	268	287	219	281	166
FR0182	197	169	149	194	112	271	287	219	281	166
FR0183	197	169	149	194	112	271	287	221	281	166
FR0185	197	169	149	194	112	268	287	221	278	166
FR0193	197	167	149	194	112	271	287	215	281	166
FR0205	197	167	149	192	112	268	287	217	281	166
FR0207	197	167	149	198	112	271	287	215	281	166
FR0209	197	167	149	196	112	268	287	213	281	166
FR0212	197	167	149	196	112	271	287	217	281	166
FR0217	197	169	149	194	112	271	287	221	278	166
FR0220	197	169	149	196	112	268	287	215	281	166
FR0225	197	167	149	196	112	271	287	215	281	166
FR0227	197	167	149	196	112	268	287	217	281	166
FR0230	197	167	149	196	115	268	287	215	281	166
FR0233	197	169	149	198	112	268	287	215	281	166
FR0236	197	167	149	196	112	268	287	215	281	168
FR0237	197	169	149	196	112	268	287	223	281	166
FR0243	197	173	149	198	115	268	287	215	281	166
FR0245	197	165	149	196	112	268	287	215	281	166
FR0310	197	173	149	194	112	268	287	213	281	166
FR0311	197	171	149	194	112	268	287	213	281	166
FR0313	197	173	149	194	115	265	287	217	281	168
FR0314	199	175	149	194	115	265	287	217	281	168
FR0464	999	171	149	194	112	999	281	213	281	166
FR0508	197	167	149	194	112	268	287	215	281	166
FR0513	197	167	149	112	112	268	287	215	281	166
FR0514	197	167	149	194	112	999	287	217	281	166
FR0549	999	169	999	194	112	268	999	219	281	166
GR0012	197	173	149	194	112	268	287	217	281	166
GR0013	197	175	149	194	112	265	287	217	281	168
GR0014	197	179	149	194	112	268	287	217	281	166
GR0016	197	173	149	194	112	265	287	217	281	168
GR0017	197	175	149	192	112	265	287	217	281	168
GR0024	197	175	149	194	112	268	287	217	281	166
GR0027	197	171	149	194	112	268	287	213	281	164
GR0038	197	177	149	194	112	265	287	217	278	168
GR0060	195	173	149	196	112	265	287	217	281	168
GR0062	197	165	151	194	112	253	284	213	281	168
GR0075	197	179	149	194	112	268	287	215	281	166
GY0028	197	165	151	194	112	250	284	211	284	168
GY0031	197	165	151	194	112	250	999	999	999	168
GY0039	199	999	163	999	112	253	284	213	278	166
GY0042	199	189	163	224	112	253	284	209	278	166
HN0006	197	171	149	194	112	268	284	217	278	166
HN0018	197	173	149	194	112	268	287	217	278	166
HN0020	197	169	149	194	112	268	287	215	278	166
IDADN0006	197	165	151	196	112	253	284	215	284	172
IDADN0013	197	169	151	194	112	253	284	211	281	170
IDADN0015	197	167	151	194	112	253	284	211	284	170
IDADN0021	195	165	151	194	112	253	284	999	287	168
IDADN0028	195	165	151	198	112	253	284	217	287	168
IDADN0029	195	165	151	194	112	253	284	217	287	172
IDADN0036	197	171	151	194	112	253	284	213	281	168
IDADN0098	197	165	161	194	112	253	284	217	284	168
IDADN0105	197	165	151	200	112	253	284	213	284	168
IDADN0109	197	165	151	194	112	253	284	213	284	168
IDADN0117	197	165	151	200	112	253	284	215	284	168
IDADN0131	197	165	151	194	112	253	284	221	284	168
IDADN0133	197	165	151	194	112	253	999	999	999	168
IDADN0139	197	165	151	194	112	253	999	999	999	168
IDADN0141	197	165	151	194	112	253	284	221	281	168
IDADN0181	197	165	151	194	112	253	284	223	284	168
IDADN0191	197	165	151	202	999	253	284	215	284	168
IDADN0193	197	999	151	194	112	253	999	999	281	168
IDADN0197	197	167	151	194	112	253	284	219	284	168
LA0003	207	165	999	218	112	253	287	231	278	166
LA0004	205	167	165	999	999	259	284	219	281	166
LA0005	205	165	163	216	109	253	281	219	278	166
LA0006	207	165	163	196	112	253	287	217	290	166
LA0007	203	171	163	216	109	253	284	223	284	166
LA0008	205	167	165	999	109	259	284	217	281	166
LA0009	207	177	163	999	112	253	287	213	284	166
LA0010	207	165	161	999	109	253	281	219	290	166
LA0011	205	165	163	216	109	253	281	219	278	166
LA0012	205	169	165	999	109	259	284	217	281	166
LA0014	207	165	161	216	109	253	281	217	290	166
LA0015	207	165	163	218	112	253	287	219	301	166
LA0018	203	999	151	216	109	253	284	221	278	166
LA0019	205	163	163	214	115	253	284	213	284	166
LA0020	209	165	163	194	112	253	287	221	264	166
LA0022	197	165	165	194	109	253	281	209	284	166
LA0023	199	167	163	216	112	253	287	225	284	166
LA0024	201	171	163	216	109	253	284	227	284	166
LA0025	207	165	161	216	109	253	284	225	284	166
LA0026	201	173	163	216	109	253	284	227	284	166
MC0004	199	173	149	184	112	268	287	217	281	166
MC0005	199	999	149	184	112	265	287	217	281	168
MC0009	199	187	149	184	112	268	287	217	278	166
MC0013	197	187	149	184	112	265	287	217	281	168
MC0014	199	999	149	184	115	265	287	215	281	168
MC0018	199	187	149	184	109	265	287	217	281	168
MC0020	199	999	149	184	112	265	287	219	281	168
MC0021	199	999	149	184	112	268	287	219	281	166
NP0036	199	163	149	216	112	253	287	225	284	166
NP0037	199	163	149	214	112	253	287	223	284	166
NP0052	197	169	149	194	112	268	287	215	281	166
NP0058	199	167	151	194	112	253	287	213	284	166
NP0061	197	165	151	194	133	253	284	215	284	168
NP0068	199	165	149	218	112	253	287	231	284	166
NP0070	199	163	149	210	112	253	287	215	284	168
NP0075	199	163	149	190	118	253	287	213	284	166
NP0077	199	177	165	210	115	262	287	203	278	170
NP0089	199	163	149	214	112	253	287	221	284	166
NP0091	199	163	149	216	112	253	287	227	284	166
NP0092	199	163	149	216	112	253	287	223	284	166
NP0096	199	163	149	218	112	253	287	227	284	166
NP0103	199	163	149	216	112	253	287	225	298	166
NP0107	199	165	149	216	112	253	287	221	284	166
NP0108	199	163	149	216	112	253	287	225	287	166
NP0113	199	163	149	216	112	253	287	219	284	166
NP0129	197	165	151	194	136	253	284	215	284	168
NP0133	199	999	153	216	999	262	999	227	275	174
NP0135	197	165	151	194	133	253	284	217	284	168
SP0006	197	171	149	194	112	268	287	215	281	166
SP0038	199	165	149	200	112	265	287	201	281	166
SP0043	197	167	149	194	112	265	287	219	281	168
SP0044	197	167	149	194	112	265	287	217	281	168
SP0125	197	173	149	194	115	265	287	219	281	168
SP0136	197	169	149	194	109	268	287	219	281	166
SP0141	197	171	149	194	112	268	287	217	281	166
SP0143	197	185	149	194	112	268	287	217	281	166
SP0146	197	169	149	194	115	265	287	217	281	168
SP0149	197	171	149	194	112	265	287	217	281	166
SP0162	197	167	149	194	112	268	999	999	999	166
SP0167	197	173	149	194	118	265	287	217	281	168
SP0168	197	175	149	194	115	265	287	219	281	168
SP0172	197	167	149	194	115	265	287	217	281	168
SP0173	197	171	149	196	112	268	287	215	281	166
SP0179	197	167	149	200	112	268	287	215	281	166
SP0184	197	175	149	194	115	265	287	217	281	168
SP0214	197	173	149	194	115	265	287	217	281	168
SP0216	197	173	149	194	115	265	287	215	281	168
SP0227	197	171	149	194	115	265	287	217	281	168
TH0003	199	163	149	218	109	253	284	221	281	166
TH0011	199	165	149	218	109	253	287	211	284	166
TH0013	199	163	999	216	109	253	284	213	284	166
TH0014	199	163	149	218	109	253	284	213	284	166
TH0017	203	163	165	218	109	253	284	211	281	166
TH0018	199	175	149	216	109	253	284	215	284	166
TH0019	199	169	165	216	109	253	284	215	284	166
TH0026	207	169	165	220	109	253	284	211	281	166
TH0027	199	163	149	218	118	253	284	213	284	166
TH0028	197	165	165	222	109	253	284	211	281	166
TH0030	207	163	151	999	112	253	284	215	284	166
TH0031	205	163	149	220	112	253	284	213	284	166
TH0032	207	169	165	222	109	253	284	211	281	166
TH0033	207	169	149	218	118	253	287	215	281	166
TH0036-2	203	165	163	222	112	253	284	229	284	168
TH0036-3	207	163	165	218	109	253	284	219	281	166
TH0037	207	999	165	218	109	253	284	207	281	166
TR0025	197	167	149	194	115	268	287	215	281	166
TR0032	197	167	149	194	115	268	287	217	281	166
TR0033	197	167	149	194	115	268	287	215	281	164
TR0035	197	167	149	194	112	268	287	215	281	166
TR0036	999	167	149	196	115	999	287	215	999	166
US0089	199	169	151	200	109	259	284	213	284	166
US0090	197	177	149	194	112	268	284	219	281	168
US0091	199	185	151	200	109	259	284	213	284	166
US0097	199	191	151	200	109	259	284	215	284	166
US0098	197	177	149	194	112	268	287	219	281	168
US0099	199	169	151	200	109	259	284	215	284	166
US0100	199	187	151	200	109	259	284	213	284	166
US0101	199	165	149	216	112	265	287	201	290	166
US0106	197	169	149	194	112	265	287	219	281	168
US0107	199	169	149	216	112	265	287	201	290	166
US0110	199	167	149	216	112	265	287	201	290	166
US0115	197	179	149	194	112	265	287	221	281	168
US0119	197	179	149	194	112	265	287	219	281	168
US0160	197	999	149	194	112	268	999	999	281	166
US0163	197	187	149	194	112	268	287	219	281	166
US0164	197	185	149	194	115	268	287	217	281	166
